TKNR;Zst;Land;Strklas;Strnum;Datum;Wotag;Fahrtzw;Stunde;KFZ_R1;K_KFZ_R1;KFZ_R2;K_KFZ_R2;Lkw_R1;K_Lkw_R1;Lkw_R2;K_Lkw_R2;PLZ_R1;K_PLZ_R1;Pkw_R1;K_Pkw_R1;Lfw_R1;K_Lfw_R1;Mot_R1;K_Mot_R1;PmA_R1;K_PmA_R1;Bus_R1;K_Bus_R1;LoA_R1;K_LoA_R1;Lzg_R1;K_Lzg_R1;Sat_R1;K_Sat_R1;Son_R1;K_Son_R1;PLZ_R2;K_PLZ_R2;Pkw_R2;K_Pkw_R2;Lfw_R2;K_Lfw_R2;Mot_R2;K_Mot_R2;PmA_R2;K_PmA_R2;Bus_R2;K_Bus_R2;LoA_R2;K_LoA_R2;Lzg_R2;K_Lzg_R2;Sat_R2;K_Sat_R2;Son_R2;K_Son_R2
4607;5027;05;A;  52;100101; 5;s;01;  171;-;  351;-;    0;-;    3;-;  171;-;  165;-;    6;-;    0;-;    0;-;    0;-;    0;-;    0;-;    0;-;    0;-;  347;-;  338;-;    7;-;    2;-;    0;-;    1;-;    1;-;    1;-;    1;-;    1;-
4607;5027;05;A;  52;100101; 5;s;02;  542;-;  724;-;    3;-;    2;-;  537;-;  516;-;   20;-;    1;-;    0;-;    1;-;    2;-;    0;-;    0;-;    2;-;  721;-;  706;-;   15;-;    0;-;    0;-;    0;-;    2;-;    0;-;    0;-;    1;-
4607;5027;05;A;  52;100101; 5;s;03;  522;-;  695;-;    0;-;    2;-;  518;-;  498;-;   19;-;    1;-;    0;-;    0;-;    0;-;    0;-;    0;-;    4;-;  691;-;  666;-;   25;-;    0;-;    1;-;    1;-;    1;-;    0;-;    0;-;    1;-
4607;5027;05;A;  52;100101; 5;s;04;  509;-;  534;-;    3;-;    1;-;  504;-;  480;-;   23;-;    1;-;    0;-;    0;-;    3;-;    0;-;    0;-;    2;-;  533;-;  514;-;   17;-;    2;-;    0;-;    0;-;    1;-;    0;-;    0;-;    0;-
4607;5027;05;A;  52;100101; 5;s;05;  444;-;  420;-;    0;-;    1;-;  444;-;  427;-;   17;-;    0;-;    0;-;    0;-;    0;-;    0;-;    0;-;    0;-;  419;-;  392;-;   27;-;    0;-;    0;-;    0;-;    1;-;    0;-;    0;-;    0;-
4607;5027;05;A;  52;100101; 5;s;06;  454;-;  398;-;    5;-;    2;-;  445;-;  418;-;   25;-;    2;-;    0;-;    1;-;    3;-;    1;-;    1;-;    4;-;  394;-;  370;-;   24;-;    0;-;    1;-;    2;-;    0;-;    0;-;    0;-;    1;-
4607;5027;05;A;  52;100101; 5;s;07;  324;-;  430;-;    1;-;    8;-;  322;-;  306;-;   16;-;    0;-;    0;-;    1;-;    0;-;    0;-;    0;-;    1;-;  421;-;  401;-;   19;-;    1;-;    0;-;    4;-;    3;-;    1;-;    1;-;    1;-
4607;5027;05;A;  52;100101; 5;s;08;  259;-;  301;-;    3;-;    5;-;  254;-;  238;-;   15;-;    1;-;    0;-;    0;-;    0;-;    3;-;    3;-;    2;-;  295;-;  277;-;   18;-;    0;-;    0;-;    2;-;    1;-;    2;-;    1;-;    1;-
4607;5027;05;A;  52;100101; 5;s;09;  312;-;  219;-;    8;-;    4;-;  303;-;  286;-;   17;-;    0;-;    0;-;    1;-;    3;-;    4;-;    4;-;    1;-;  215;-;  195;-;   20;-;    0;-;    0;-;    2;-;    1;-;    1;-;    1;-;    0;-
4607;5027;05;A;  52;100101; 5;s;10;  374;-;  300;-;    6;-;    6;-;  366;-;  344;-;   22;-;    0;-;    0;-;    1;-;    2;-;    3;-;    3;-;    2;-;  294;-;  271;-;   23;-;    0;-;    0;-;    4;-;    1;-;    1;-;    1;-;    0;-
4607;5027;05;A;  52;100101; 5;s;11;  395;-;  418;-;    3;-;   14;-;  392;-;  365;-;   26;-;    1;-;    0;-;    1;-;    1;-;    1;-;    0;-;    0;-;  402;-;  376;-;   26;-;    0;-;    1;-;    4;-;    3;-;    7;-;    7;-;    1;-
4607;5027;05;A;  52;100101; 5;s;12;  544;-;  619;-;    6;-;    5;-;  535;-;  509;-;   25;-;    1;-;    1;-;    1;-;    2;-;    3;-;    3;-;    2;-;  612;-;  580;-;   30;-;    2;-;    1;-;    2;-;    2;-;    1;-;    1;-;    1;-
4607;5027;05;A;  52;100101; 5;s;13;  901;-; 1028;-;    8;-;   10;-;  888;-;  842;-;   46;-;    0;-;    1;-;    1;-;    2;-;    5;-;    5;-;    4;-; 1011;-;  965;-;   45;-;    1;-;    4;-;    3;-;    3;-;    4;-;    4;-;    3;-
4607;5027;05;A;  52;100101; 5;s;14; 1107;-; 1295;-;    8;-;    3;-; 1089;-; 1051;-;   37;-;    1;-;    1;-;    0;-;    4;-;    4;-;    4;-;    9;-; 1284;-; 1243;-;   41;-;    0;-;    3;-;    1;-;    0;-;    2;-;    2;-;    5;-
4607;5027;05;A;  52;100101; 5;s;15; 1183;-; 1689;-;    2;-;    4;-; 1169;-; 1132;-;   37;-;    0;-;    3;-;    0;-;    1;-;    1;-;    0;-;    9;-; 1675;-; 1630;-;   45;-;    0;-;    5;-;    1;-;    1;-;    2;-;    2;-;    5;-
4607;5027;05;A;  52;100101; 5;s;16; 1196;-; 1368;-;    8;-;    7;-; 1179;-; 1133;-;   46;-;    0;-;    3;-;    1;-;    2;-;    5;-;    5;-;    6;-; 1357;-; 1314;-;   43;-;    0;-;    1;-;    1;-;    5;-;    1;-;    0;-;    3;-
4607;5027;05;A;  52;100101; 5;s;17; 1273;-; 1132;-;   13;-;   11;-; 1248;-; 1206;-;   42;-;    0;-;    2;-;    2;-;    9;-;    2;-;    2;-;   10;-; 1114;-; 1073;-;   41;-;    0;-;    2;-;    1;-;    7;-;    3;-;    3;-;    5;-
4607;5027;05;A;  52;100101; 5;s;18; 1158;-; 1012;-;   12;-;    8;-; 1140;-; 1115;-;   24;-;    1;-;    1;-;    1;-;    3;-;    8;-;    8;-;    5;-; 1000;-;  965;-;   35;-;    0;-;    0;-;    3;-;    2;-;    3;-;    3;-;    4;-
4607;5027;05;A;  52;100101; 5;s;19; 1022;-;  925;-;   10;-;    9;-; 1008;-;  966;-;   37;-;    5;-;    1;-;    1;-;    5;-;    4;-;    2;-;    3;-;  914;-;  889;-;   24;-;    1;-;    0;-;    0;-;    2;-;    7;-;    7;-;    2;-
4607;5027;05;A;  52;100101; 5;s;20;  811;-;  751;-;   10;-;   12;-;  795;-;  763;-;   32;-;    0;-;    1;-;    3;-;    1;-;    6;-;    6;-;    5;-;  734;-;  706;-;   27;-;    1;-;    4;-;    7;-;    0;-;    5;-;    4;-;    1;-
4607;5027;05;A;  52;100101; 5;s;21;  689;-;  677;-;   11;-;   12;-;  675;-;  650;-;   25;-;    0;-;    0;-;    1;-;    4;-;    6;-;    6;-;    3;-;  663;-;  633;-;   30;-;    0;-;    0;-;    3;-;    4;-;    5;-;    5;-;    2;-
4607;5027;05;A;  52;100101; 5;s;22;  587;-;  606;-;   10;-;   13;-;  574;-;  548;-;   25;-;    1;-;    0;-;    2;-;    6;-;    2;-;    1;-;    3;-;  589;-;  575;-;   14;-;    0;-;    1;-;    3;-;    4;-;    6;-;    6;-;    3;-
4607;5027;05;A;  52;100101; 5;s;23;  455;-;  558;-;   10;-;   11;-;  444;-;  421;-;   23;-;    0;-;    0;-;    1;-;    3;-;    6;-;    6;-;    1;-;  547;-;  529;-;   18;-;    0;-;    0;-;    0;-;    6;-;    5;-;    4;-;    0;-
4607;5027;05;A;  52;100101; 5;s;24;  311;-;  529;-;   10;-;    7;-;  299;-;  285;-;   14;-;    0;-;    0;-;    0;-;    2;-;    8;-;    7;-;    2;-;  521;-;  496;-;   25;-;    0;-;    1;-;    0;-;    3;-;    4;-;    4;-;    0;-
4607;5027;05;A;  52;100102; 6;u;01;  238;-;  242;-;   20;-;   11;-;  217;-;  203;-;   13;-;    1;-;    0;-;    4;-;    7;-;    9;-;    6;-;    1;-;  231;-;  220;-;   10;-;    1;-;    0;-;    2;-;    2;-;    7;-;    7;-;    0;-
4607;5027;05;A;  52;100102; 6;u;02;  151;-;  146;-;   13;-;   13;-;  137;-;  128;-;    8;-;    1;-;    1;-;    1;-;    4;-;    8;-;    6;-;    0;-;  132;-;  120;-;   11;-;    1;-;    0;-;    0;-;    9;-;    4;-;    3;-;    1;-
4607;5027;05;A;  52;100102; 6;u;03;  133;-;  117;-;   18;-;   16;-;  113;-;   99;-;   14;-;    0;-;    0;-;    0;-;    6;-;   12;-;   10;-;    2;-;  100;-;   88;-;   12;-;    0;-;    0;-;    0;-;    8;-;    8;-;    6;-;    1;-
4607;5027;05;A;  52;100102; 6;u;04;  310;-;  136;-;   26;-;   30;-;  284;-;  271;-;   12;-;    1;-;    0;-;    1;-;   10;-;   15;-;   11;-;    0;-;  106;-;   97;-;    9;-;    0;-;    0;-;    0;-;   21;-;    9;-;    7;-;    0;-
4607;5027;05;A;  52;100102; 6;u;05;  476;-;  247;-;   32;-;   31;-;  440;-;  414;-;   26;-;    0;-;    3;-;    4;-;   14;-;   14;-;   12;-;    1;-;  213;-;  192;-;   21;-;    0;-;    1;-;    1;-;   21;-;    9;-;    9;-;    2;-
4607;5027;05;A;  52;100102; 6;u;06;  672;-;  340;-;   53;-;   35;-;  610;-;  576;-;   32;-;    2;-;    2;-;    3;-;   25;-;   25;-;   22;-;    7;-;  303;-;  273;-;   30;-;    0;-;    1;-;    5;-;   16;-;   14;-;   11;-;    1;-
4607;5027;05;A;  52;100102; 6;u;07;  457;-;  423;-;   37;-;   42;-;  417;-;  384;-;   33;-;    0;-;    3;-;    5;-;   19;-;   13;-;   12;-;    0;-;  378;-;  341;-;   37;-;    0;-;    1;-;    7;-;   14;-;   21;-;   19;-;    2;-
4607;5027;05;A;  52;100102; 6;u;08;  620;-;  454;-;   38;-;   35;-;  577;-;  522;-;   54;-;    1;-;    3;-;    4;-;   14;-;   20;-;   17;-;    2;-;  416;-;  383;-;   33;-;    0;-;    2;-;    5;-;   12;-;   18;-;   13;-;    1;-
4607;5027;05;A;  52;100102; 6;u;09;  839;-;  697;-;   28;-;   40;-;  805;-;  747;-;   58;-;    0;-;    3;-;    1;-;   10;-;   17;-;   13;-;    3;-;  654;-;  599;-;   55;-;    0;-;    2;-;    3;-;   21;-;   16;-;   15;-;    1;-
4607;5027;05;A;  52;100102; 6;u;10; 1312;-;  985;-;   40;-;   42;-; 1263;-; 1176;-;   85;-;    2;-;    2;-;    4;-;   24;-;   12;-;   12;-;    7;-;  934;-;  863;-;   70;-;    1;-;    6;-;    6;-;   21;-;   15;-;   12;-;    3;-
4607;5027;05;A;  52;100102; 6;u;11; 1626;-; 1338;-;   36;-;   37;-; 1570;-; 1495;-;   71;-;    4;-;    7;-;    3;-;   21;-;   12;-;   11;-;   13;-; 1290;-; 1207;-;   81;-;    2;-;    5;-;    6;-;   17;-;   14;-;   11;-;    6;-
4607;5027;05;A;  52;100102; 6;u;12; 1992;-; 1753;-;   34;-;   27;-; 1930;-; 1853;-;   77;-;    0;-;    9;-;    3;-;   20;-;   11;-;   10;-;   19;-; 1713;-; 1610;-;  102;-;    1;-;    5;-;    3;-;   10;-;   14;-;   11;-;    8;-
4607;5027;05;A;  52;100102; 6;u;13; 2141;-; 1997;-;   20;-;   22;-; 2089;-; 2003;-;   83;-;    3;-;    6;-;    4;-;    4;-;   12;-;   12;-;   26;-; 1965;-; 1865;-;   94;-;    6;-;    5;-;    4;-;    8;-;   10;-;    9;-;    5;-
4607;5027;05;A;  52;100102; 6;u;14; 2133;-; 2305;-;   18;-;   21;-; 2088;-; 1994;-;   92;-;    2;-;    8;-;    2;-;    8;-;    8;-;    7;-;   19;-; 2268;-; 2155;-;  112;-;    1;-;    6;-;    1;-;   15;-;    5;-;    5;-;   10;-
4607;5027;05;A;  52;100102; 6;u;15; 2028;-; 2323;-;   11;-;   19;-; 1994;-; 1894;-;   94;-;    6;-;    4;-;    0;-;    6;-;    5;-;    5;-;   19;-; 2280;-; 2177;-;  102;-;    1;-;   14;-;    0;-;    6;-;   13;-;   11;-;   10;-
4607;5027;05;A;  52;100102; 6;u;16; 1874;-; 2017;-;   16;-;   15;-; 1827;-; 1757;-;   66;-;    4;-;    5;-;    2;-;    8;-;    6;-;    5;-;   26;-; 1983;-; 1889;-;   92;-;    2;-;    5;-;    1;-;    8;-;    6;-;    6;-;   14;-
4607;5027;05;A;  52;100102; 6;u;17; 1729;-; 1824;-;   14;-;    7;-; 1694;-; 1618;-;   75;-;    1;-;    3;-;    2;-;   10;-;    2;-;    2;-;   18;-; 1803;-; 1715;-;   87;-;    1;-;    4;-;    0;-;    6;-;    1;-;    1;-;   10;-
4607;5027;05;A;  52;100102; 6;u;18; 1717;-; 1802;-;   14;-;   11;-; 1693;-; 1642;-;   51;-;    0;-;    4;-;    4;-;    6;-;    4;-;    4;-;    6;-; 1776;-; 1701;-;   75;-;    0;-;    7;-;    3;-;    8;-;    0;-;    0;-;    8;-
4607;5027;05;A;  52;100102; 6;u;19; 1601;-; 1608;-;    6;-;   11;-; 1576;-; 1520;-;   56;-;    0;-;    2;-;    5;-;    0;-;    1;-;    1;-;   17;-; 1585;-; 1501;-;   83;-;    1;-;    1;-;    4;-;    2;-;    5;-;    3;-;   11;-
4607;5027;05;A;  52;100102; 6;u;20; 1307;-; 1281;-;    9;-;    9;-; 1292;-; 1247;-;   44;-;    1;-;    1;-;    3;-;    4;-;    2;-;    2;-;    5;-; 1264;-; 1195;-;   69;-;    0;-;    0;-;    5;-;    1;-;    3;-;    3;-;    8;-
4607;5027;05;A;  52;100102; 6;u;21;  916;-; 1134;-;    3;-;   14;-;  902;-;  856;-;   45;-;    1;-;    2;-;    2;-;    0;-;    1;-;    1;-;    9;-; 1111;-; 1041;-;   67;-;    3;-;    3;-;    8;-;    1;-;    5;-;    3;-;    6;-
4607;5027;05;A;  52;100102; 6;u;22;  778;-;  778;-;   10;-;    4;-;  765;-;  745;-;   20;-;    0;-;    2;-;    2;-;    3;-;    5;-;    4;-;    1;-;  772;-;  751;-;   21;-;    0;-;    1;-;    3;-;    1;-;    0;-;    0;-;    1;-
4607;5027;05;A;  52;100102; 6;u;23;  736;-;  763;-;    6;-;    6;-;  726;-;  698;-;   28;-;    0;-;    0;-;    2;-;    4;-;    0;-;    0;-;    4;-;  753;-;  737;-;   16;-;    0;-;    1;-;    3;-;    3;-;    0;-;    0;-;    3;-
4607;5027;05;A;  52;100102; 6;u;24;  625;-;  756;-;    6;-;    6;-;  615;-;  590;-;   23;-;    2;-;    1;-;    1;-;    4;-;    1;-;    1;-;    3;-;  748;-;  711;-;   37;-;    0;-;    1;-;    2;-;    3;-;    1;-;    0;-;    1;-
4607;5027;05;A;  52;100103; 7;s;01;  464;-;  548;-;    8;-;    2;-;  454;-;  434;-;   20;-;    0;-;    1;-;    1;-;    5;-;    2;-;    2;-;    1;-;  545;-;  525;-;   20;-;    0;-;    0;-;    1;-;    0;-;    1;-;    1;-;    1;-
4607;5027;05;A;  52;100103; 7;s;02;  349;-;  252;-;    5;-;    6;-;  340;-;  323;-;   17;-;    0;-;    0;-;    0;-;    5;-;    0;-;    0;-;    4;-;  245;-;  233;-;   12;-;    0;-;    0;-;    4;-;    1;-;    1;-;    1;-;    1;-
4607;5027;05;A;  52;100103; 7;s;03;  226;-;  161;-;   12;-;    8;-;  212;-;  209;-;    0;-;    3;-;    1;-;    2;-;    8;-;    2;-;    1;-;    1;-;  150;-;  136;-;    9;-;    5;-;    0;-;    0;-;    5;-;    3;-;    2;-;    3;-
4607;5027;05;A;  52;100103; 7;s;04;  272;-;  135;-;    0;-;    3;-;  262;-;  254;-;    8;-;    0;-;    0;-;    0;-;    0;-;    0;-;    0;-;   10;-;  125;-;   98;-;    3;-;   24;-;    0;-;    0;-;    3;-;    0;-;    0;-;    7;-
4607;5027;05;A;  52;100103; 7;s;05;  374;-;  192;-;    1;-;    3;-;  371;-;  358;-;    9;-;    4;-;    0;-;    1;-;    0;-;    0;-;    0;-;    2;-;  178;-;  128;-;    4;-;   46;-;    0;-;    0;-;    2;-;    1;-;    1;-;   11;-
4607;5027;05;A;  52;100103; 7;s;06;  467;-;  229;-;    8;-;    3;-;  440;-;  421;-;    4;-;   15;-;    0;-;    3;-;    3;-;    2;-;    1;-;   19;-;  203;-;  127;-;    4;-;   72;-;    0;-;    0;-;    2;-;    1;-;    1;-;   23;-
4607;5027;05;A;  52;100103; 7;s;07;  346;-;  312;-;    9;-;   10;-;  328;-;  307;-;   16;-;    5;-;    0;-;    2;-;    5;-;    2;-;    2;-;    9;-;  292;-;  205;-;    6;-;   81;-;    0;-;    3;-;    4;-;    3;-;    3;-;   10;-
4607;5027;05;A;  52;100103; 7;s;08;  314;-;  277;-;    8;-;   10;-;  297;-;  293;-;    2;-;    2;-;    1;-;    2;-;    4;-;    2;-;    2;-;    8;-;  260;-;  198;-;    4;-;   58;-;    0;-;    4;-;    3;-;    3;-;    2;-;    7;-
4607;5027;05;A;  52;100103; 7;s;09;  479;-;  356;-;   15;-;    7;-;  456;-;  438;-;   14;-;    4;-;    1;-;    1;-;    9;-;    5;-;    4;-;    7;-;  341;-;  299;-;   16;-;   26;-;    1;-;    2;-;    0;-;    5;-;    5;-;    7;-
4607;5027;05;A;  52;100103; 7;s;10;  641;-;  524;-;   15;-;   14;-;  614;-;  592;-;   21;-;    1;-;    2;-;    1;-;    8;-;    6;-;    6;-;   10;-;  505;-;  471;-;   18;-;   16;-;    0;-;    0;-;    7;-;    7;-;    7;-;    5;-
4607;5027;05;A;  52;100103; 7;s;11;  849;-;  928;-;   15;-;   13;-;  829;-;  811;-;   18;-;    0;-;    3;-;    6;-;    2;-;    7;-;    6;-;    2;-;  903;-;  852;-;   43;-;    8;-;    2;-;    1;-;    5;-;    7;-;    7;-;   10;-
4607;5027;05;A;  52;100103; 7;s;12;  980;-;  946;-;    9;-;   15;-;  968;-;  942;-;   25;-;    1;-;    2;-;    3;-;    1;-;    5;-;    5;-;    1;-;  920;-;  888;-;   30;-;    2;-;    3;-;    1;-;    7;-;    7;-;    5;-;    8;-
4607;5027;05;A;  52;100103; 7;s;13; 1241;-; 1202;-;   19;-;   14;-; 1217;-; 1192;-;   25;-;    0;-;    3;-;    3;-;    9;-;    7;-;    7;-;    2;-; 1181;-; 1137;-;   43;-;    1;-;    1;-;    3;-;    8;-;    3;-;    3;-;    6;-
4607;5027;05;A;  52;100103; 7;s;14; 1314;-; 1429;-;   13;-;   21;-; 1288;-; 1263;-;   24;-;    1;-;    4;-;    0;-;    9;-;    4;-;    4;-;    9;-; 1401;-; 1367;-;   31;-;    3;-;    3;-;    3;-;    9;-;    9;-;    8;-;    4;-
4607;5027;05;A;  52;100103; 7;s;15; 1585;-; 1750;-;   15;-;   13;-; 1555;-; 1535;-;   18;-;    2;-;    6;-;    2;-;    9;-;    4;-;    2;-;    9;-; 1730;-; 1680;-;   49;-;    1;-;    3;-;    5;-;    7;-;    1;-;    1;-;    4;-
4607;5027;05;A;  52;100103; 7;s;16; 1697;-; 1538;-;   20;-;    7;-; 1670;-; 1642;-;   28;-;    0;-;    2;-;    3;-;    9;-;    8;-;    8;-;    5;-; 1527;-; 1497;-;   30;-;    0;-;    3;-;    1;-;    6;-;    0;-;    0;-;    1;-
4607;5027;05;A;  52;100103; 7;s;17; 1775;-; 1390;-;   15;-;   14;-; 1753;-; 1724;-;   27;-;    2;-;    3;-;    4;-;    7;-;    4;-;    4;-;    4;-; 1370;-; 1332;-;   37;-;    1;-;    4;-;    5;-;    5;-;    4;-;    4;-;    2;-
4607;5027;05;A;  52;100103; 7;s;18; 1707;-; 1358;-;   18;-;   14;-; 1679;-; 1639;-;   39;-;    1;-;    2;-;    1;-;    8;-;    9;-;    8;-;    8;-; 1340;-; 1296;-;   44;-;    0;-;    2;-;    4;-;    5;-;    5;-;    5;-;    2;-
4607;5027;05;A;  52;100103; 7;s;19; 1559;-; 1292;-;   19;-;   14;-; 1533;-; 1494;-;   38;-;    1;-;    4;-;    1;-;    7;-;   11;-;   10;-;    3;-; 1274;-; 1248;-;   25;-;    1;-;    3;-;    2;-;    4;-;    8;-;    8;-;    1;-
4607;5027;05;A;  52;100103; 7;s;20; 1385;-; 1115;-;   13;-;   17;-; 1362;-; 1331;-;   30;-;    1;-;    5;-;    2;-;    5;-;    6;-;    5;-;    5;-; 1093;-; 1060;-;   32;-;    1;-;    2;-;    4;-;    2;-;   11;-;   10;-;    3;-
4607;5027;05;A;  52;100103; 7;s;21; 1065;-;  916;-;   17;-;   12;-; 1042;-; 1018;-;   23;-;    1;-;    2;-;    2;-;    8;-;    7;-;    6;-;    4;-;  900;-;  874;-;   25;-;    1;-;    3;-;    2;-;    1;-;    9;-;    7;-;    1;-
4607;5027;05;A;  52;100103; 7;s;22;  893;-;  815;-;   21;-;   16;-;  871;-;  845;-;   26;-;    0;-;    0;-;    0;-;    9;-;   12;-;   10;-;    1;-;  797;-;  771;-;   26;-;    0;-;    1;-;    7;-;    3;-;    6;-;    5;-;    1;-
4607;5027;05;A;  52;100103; 7;s;23;  681;-;  674;-;   26;-;   30;-;  653;-;  624;-;   29;-;    0;-;    0;-;    0;-;    7;-;   19;-;   16;-;    2;-;  640;-;  628;-;   12;-;    0;-;    2;-;    2;-;    6;-;   22;-;   15;-;    2;-
4607;5027;05;A;  52;100103; 7;s;24;  490;-;  525;-;   24;-;   24;-;  466;-;  440;-;   25;-;    1;-;    0;-;    1;-;    5;-;   18;-;   13;-;    0;-;  497;-;  480;-;   17;-;    0;-;    3;-;    0;-;    5;-;   19;-;   16;-;    1;-
4607;5027;05;A;  52;100104; 1;u;01;  295;-;  428;-;   22;-;   19;-;  270;-;  246;-;   24;-;    0;-;    1;-;    0;-;    5;-;   17;-;   14;-;    2;-;  407;-;  392;-;   15;-;    0;-;    0;-;    5;-;    5;-;    9;-;    7;-;    2;-
4607;5027;05;A;  52;100104; 1;u;02;  186;-;  236;-;   29;-;   22;-;  155;-;  143;-;   12;-;    0;-;    0;-;    0;-;    8;-;   21;-;   18;-;    2;-;  212;-;  195;-;   16;-;    1;-;    1;-;    0;-;    4;-;   18;-;   12;-;    1;-
4607;5027;05;A;  52;100104; 1;u;03;  188;-;  110;-;   34;-;   22;-;  153;-;  141;-;   12;-;    0;-;    1;-;    0;-;   16;-;   18;-;   14;-;    0;-;   86;-;   75;-;   11;-;    0;-;    0;-;    0;-;    9;-;   13;-;   10;-;    2;-
4607;5027;05;A;  52;100104; 1;u;04;  304;-;  196;-;   39;-;   44;-;  264;-;  243;-;   21;-;    0;-;    0;-;    3;-;   12;-;   24;-;   20;-;    1;-;  152;-;  130;-;   22;-;    0;-;    0;-;    1;-;   27;-;   16;-;   14;-;    0;-
4607;5027;05;A;  52;100104; 1;u;05;  683;-;  287;-;   65;-;   62;-;  616;-;  582;-;   33;-;    1;-;    0;-;    5;-;   25;-;   35;-;   29;-;    2;-;  224;-;  204;-;   20;-;    0;-;    0;-;    2;-;   26;-;   34;-;   28;-;    1;-
4607;5027;05;A;  52;100104; 1;u;06; 2070;-;  678;-;  130;-;   82;-; 1929;-; 1859;-;   65;-;    5;-;    1;-;    3;-;   70;-;   57;-;   41;-;   10;-;  595;-;  549;-;   44;-;    2;-;    0;-;    2;-;   26;-;   54;-;   38;-;    1;-
4607;5027;05;A;  52;100104; 1;u;07; 3942;-; 1393;-;  112;-;   96;-; 3809;-; 3723;-;   85;-;    1;-;    3;-;    1;-;   50;-;   61;-;   47;-;   18;-; 1293;-; 1239;-;   54;-;    0;-;    1;-;    2;-;   36;-;   58;-;   46;-;    3;-
4607;5027;05;A;  52;100104; 1;u;08; 4378;-; 2561;-;  132;-;  102;-; 4218;-; 4120;-;   96;-;    2;-;   14;-;    3;-;   61;-;   68;-;   54;-;   14;-; 2449;-; 2346;-;  102;-;    1;-;    1;-;    3;-;   52;-;   47;-;   35;-;    9;-
4607;5027;05;A;  52;100104; 1;u;09; 4342;-; 2690;-;  171;-;  150;-; 4019;-; 3914;-;  103;-;    2;-;   18;-;    4;-;   86;-;   81;-;   60;-;  134;-; 2528;-; 2406;-;  122;-;    0;-;    3;-;    4;-;   90;-;   56;-;   43;-;    9;-
4607;5027;05;A;  52;100104; 1;u;10; 3043;-; 1890;-;  204;-;  195;-; 2747;-; 2609;-;  132;-;    6;-;   10;-;    3;-;   93;-;  108;-;   87;-;   82;-; 1681;-; 1547;-;  133;-;    1;-;    4;-;    2;-;   91;-;  102;-;   72;-;   10;-
4607;5027;05;A;  52;100104; 1;u;11; 2244;-; 1739;-;  178;-;  185;-; 2042;-; 1890;-;  149;-;    3;-;    8;-;    4;-;   82;-;   92;-;   69;-;   16;-; 1540;-; 1413;-;  126;-;    1;-;    5;-;    7;-;   78;-;  100;-;   80;-;    9;-
4607;5027;05;A;  52;100104; 1;u;12; 1989;-; 1842;-;  190;-;  158;-; 1782;-; 1639;-;  140;-;    3;-;    7;-;    0;-;   86;-;  104;-;   83;-;   10;-; 1668;-; 1534;-;  133;-;    1;-;    9;-;    7;-;   68;-;   83;-;   65;-;    7;-
4607;5027;05;A;  52;100104; 1;u;13; 1969;-; 2103;-;  165;-;  170;-; 1783;-; 1650;-;  131;-;    2;-;   11;-;    3;-;   63;-;   99;-;   83;-;   10;-; 1914;-; 1750;-;  163;-;    1;-;    7;-;    2;-;   77;-;   91;-;   72;-;   12;-
4607;5027;05;A;  52;100104; 1;u;14; 2132;-; 2316;-;  156;-;  166;-; 1957;-; 1829;-;  125;-;    3;-;    4;-;    1;-;   65;-;   90;-;   71;-;   15;-; 2134;-; 1963;-;  170;-;    1;-;    9;-;    5;-;   76;-;   85;-;   69;-;    7;-
4607;5027;05;A;  52;100104; 1;u;15; 1974;-; 2937;-;  154;-;  145;-; 1801;-; 1667;-;  130;-;    4;-;    5;-;    2;-;   63;-;   89;-;   75;-;   14;-; 2767;-; 2574;-;  192;-;    1;-;    7;-;    4;-;   62;-;   79;-;   59;-;   18;-
4607;5027;05;A;  52;100104; 1;u;16; 2169;-; 3724;-;  154;-;  102;-; 1991;-; 1864;-;  127;-;    0;-;    8;-;    1;-;   65;-;   88;-;   77;-;   16;-; 3596;-; 3414;-;  180;-;    2;-;    7;-;    1;-;   39;-;   62;-;   46;-;   19;-
4607;5027;05;A;  52;100104; 1;u;17; 2432;-; 4627;-;   93;-;  101;-; 2317;-; 2193;-;  123;-;    1;-;    5;-;    3;-;   36;-;   54;-;   43;-;   17;-; 4495;-; 4348;-;  147;-;    0;-;    7;-;    5;-;   39;-;   57;-;   48;-;   24;-
4607;5027;05;A;  52;100104; 1;u;18; 2835;-; 5003;-;   83;-;   87;-; 2727;-; 2651;-;   67;-;    9;-;    3;-;    0;-;   30;-;   53;-;   44;-;   22;-; 4900;-; 4789;-;  107;-;    4;-;    6;-;    4;-;   19;-;   64;-;   53;-;   10;-
4607;5027;05;A;  52;100104; 1;u;19; 2470;-; 3667;-;   79;-;   61;-; 2359;-; 2277;-;   78;-;    4;-;    4;-;    4;-;   20;-;   55;-;   43;-;   28;-; 3582;-; 3496;-;   84;-;    2;-;    4;-;    3;-;   18;-;   40;-;   36;-;   20;-
4607;5027;05;A;  52;100104; 1;u;20; 1608;-; 2104;-;   41;-;   53;-; 1550;-; 1472;-;   75;-;    3;-;    4;-;    3;-;   10;-;   28;-;   23;-;   13;-; 2042;-; 1944;-;   95;-;    3;-;    0;-;    1;-;   21;-;   31;-;   24;-;    9;-
4607;5027;05;A;  52;100104; 1;u;21; 1049;-; 1377;-;   47;-;   57;-;  992;-;  943;-;   49;-;    0;-;    1;-;    0;-;   11;-;   36;-;   30;-;    9;-; 1307;-; 1235;-;   71;-;    1;-;    2;-;    3;-;    6;-;   48;-;   29;-;   11;-
4607;5027;05;A;  52;100104; 1;u;22;  823;-;  879;-;   47;-;   44;-;  773;-;  733;-;   39;-;    1;-;    0;-;    2;-;    6;-;   39;-;   31;-;    3;-;  828;-;  785;-;   43;-;    0;-;    1;-;    2;-;    8;-;   34;-;   27;-;    6;-
4607;5027;05;A;  52;100104; 1;u;23;  566;-;  796;-;   43;-;   51;-;  517;-;  481;-;   35;-;    1;-;    1;-;    0;-;    6;-;   37;-;   30;-;    5;-;  740;-;  697;-;   43;-;    0;-;    2;-;    1;-;    8;-;   42;-;   30;-;    3;-
4607;5027;05;A;  52;100104; 1;u;24;  356;-;  565;-;   30;-;   45;-;  326;-;  296;-;   30;-;    0;-;    0;-;    0;-;    7;-;   23;-;   18;-;    0;-;  518;-;  491;-;   27;-;    0;-;    0;-;    2;-;    5;-;   38;-;   31;-;    2;-
4607;5027;05;A;  52;100105; 2;u;01;  237;-;  264;-;   25;-;   33;-;  209;-;  179;-;   30;-;    0;-;    1;-;    0;-;    7;-;   18;-;   16;-;    2;-;  231;-;  217;-;   14;-;    0;-;    0;-;    2;-;    9;-;   22;-;   13;-;    0;-
4607;5027;05;A;  52;100105; 2;u;02;  143;-;  154;-;   50;-;   31;-;   92;-;   83;-;    9;-;    0;-;    1;-;    1;-;   15;-;   34;-;   26;-;    0;-;  121;-;  106;-;   15;-;    0;-;    1;-;    0;-;    7;-;   24;-;   19;-;    1;-
4607;5027;05;A;  52;100105; 2;u;03;  145;-;  118;-;   45;-;   47;-;  100;-;   88;-;   12;-;    0;-;    0;-;    0;-;   10;-;   35;-;   24;-;    0;-;   69;-;   55;-;   14;-;    0;-;    1;-;    0;-;   14;-;   33;-;   24;-;    1;-
4607;5027;05;A;  52;100105; 2;u;04;  293;-;  141;-;   46;-;   45;-;  245;-;  224;-;   21;-;    0;-;    2;-;    0;-;   21;-;   25;-;   15;-;    0;-;   96;-;   76;-;   20;-;    0;-;    0;-;    2;-;   22;-;   21;-;   15;-;    0;-
4607;5027;05;A;  52;100105; 2;u;05;  601;-;  249;-;   72;-;   60;-;  524;-;  497;-;   27;-;    0;-;    0;-;    4;-;   28;-;   40;-;   30;-;    5;-;  188;-;  161;-;   27;-;    0;-;    0;-;    2;-;   28;-;   30;-;   22;-;    1;-
4607;5027;05;A;  52;100105; 2;u;06; 1968;-;  507;-;  141;-;   80;-; 1818;-; 1756;-;   61;-;    1;-;    1;-;    2;-;   68;-;   71;-;   54;-;    8;-;  424;-;  393;-;   31;-;    0;-;    2;-;    1;-;   29;-;   50;-;   31;-;    1;-
4607;5027;05;A;  52;100105; 2;u;07; 4453;-; 1391;-;  181;-;  110;-; 4219;-; 4065;-;  152;-;    2;-;    5;-;    1;-;   92;-;   88;-;   64;-;   48;-; 1272;-; 1166;-;  101;-;    5;-;    5;-;    1;-;   50;-;   59;-;   51;-;    4;-
4607;5027;05;A;  52;100105; 2;u;08; 5328;-; 2608;-;  149;-;  144;-; 5125;-; 4960;-;  151;-;   14;-;    9;-;    3;-;   66;-;   80;-;   63;-;   45;-; 2446;-; 2329;-;  116;-;    1;-;    2;-;    5;-;   66;-;   73;-;   54;-;   16;-
4607;5027;05;A;  52;100105; 2;u;09; 4941;-; 2916;-;  198;-;  166;-; 4667;-; 4503;-;  160;-;    4;-;    4;-;    5;-;   96;-;   97;-;   75;-;   72;-; 2729;-; 2600;-;  126;-;    3;-;    4;-;    4;-;   91;-;   71;-;   52;-;   17;-
4607;5027;05;A;  52;100105; 2;u;10; 3216;-; 2079;-;  188;-;  219;-; 2953;-; 2796;-;  147;-;   10;-;   14;-;    4;-;   72;-;  112;-;   87;-;   61;-; 1841;-; 1658;-;  183;-;    0;-;    4;-;    2;-;  104;-;  113;-;   85;-;   15;-
4607;5027;05;A;  52;100105; 2;u;11; 2507;-; 1880;-;  205;-;  175;-; 2278;-; 2131;-;  143;-;    4;-;    6;-;    5;-;   87;-;  113;-;   89;-;   18;-; 1682;-; 1510;-;  171;-;    1;-;    6;-;    5;-;   80;-;   90;-;   66;-;   17;-
4607;5027;05;A;  52;100105; 2;u;12; 2249;-; 1947;-;  199;-;  174;-; 2030;-; 1867;-;  161;-;    2;-;    7;-;    1;-;   89;-;  109;-;   94;-;   13;-; 1756;-; 1586;-;  168;-;    2;-;    7;-;    1;-;   77;-;   96;-;   77;-;   10;-
4607;5027;05;A;  52;100105; 2;u;13; 2141;-; 2204;-;  175;-;  207;-; 1944;-; 1783;-;  157;-;    4;-;    8;-;    2;-;   75;-;   98;-;   73;-;   14;-; 1978;-; 1793;-;  184;-;    1;-;    7;-;    2;-;   92;-;  113;-;   86;-;   12;-
4607;5027;05;A;  52;100105; 2;u;14; 2246;-; 2581;-;  184;-;  187;-; 2031;-; 1898;-;  130;-;    3;-;    7;-;    0;-;   75;-;  109;-;   90;-;   24;-; 2370;-; 2175;-;  194;-;    1;-;    9;-;    2;-;   87;-;   98;-;   76;-;   15;-
4607;5027;05;A;  52;100105; 2;u;15; 2150;-; 3262;-;  150;-;  177;-; 1974;-; 1819;-;  152;-;    3;-;    4;-;    1;-;   57;-;   92;-;   75;-;   22;-; 3055;-; 2842;-;  208;-;    5;-;   17;-;    3;-;   87;-;   87;-;   76;-;   13;-
4607;5027;05;A;  52;100105; 2;u;16; 2383;-; 3982;-;  159;-;  150;-; 2201;-; 2033;-;  166;-;    2;-;    6;-;    2;-;   60;-;   97;-;   74;-;   17;-; 3819;-; 3617;-;  200;-;    2;-;    6;-;    2;-;   57;-;   91;-;   71;-;    7;-
4607;5027;05;A;  52;100105; 2;u;17; 2752;-; 5016;-;  131;-;  133;-; 2572;-; 2439;-;  127;-;    6;-;    8;-;    2;-;   58;-;   71;-;   51;-;   41;-; 4859;-; 4657;-;  201;-;    1;-;    8;-;    1;-;   48;-;   84;-;   65;-;   16;-
4607;5027;05;A;  52;100105; 2;u;18; 2963;-; 5237;-;   91;-;   86;-; 2844;-; 2746;-;   94;-;    4;-;    4;-;    1;-;   30;-;   60;-;   47;-;   24;-; 5131;-; 5014;-;  114;-;    3;-;    5;-;    3;-;   28;-;   55;-;   46;-;   15;-
4607;5027;05;A;  52;100105; 2;u;19; 2719;-; 4258;-;   61;-;   57;-; 2617;-; 2532;-;   82;-;    3;-;    3;-;    3;-;   14;-;   44;-;   35;-;   38;-; 4179;-; 4053;-;  126;-;    0;-;    7;-;    2;-;   15;-;   40;-;   34;-;   15;-
4607;5027;05;A;  52;100105; 2;u;20; 1840;-; 2404;-;   50;-;   45;-; 1775;-; 1688;-;   86;-;    1;-;    0;-;    0;-;    8;-;   42;-;   38;-;   15;-; 2342;-; 2220;-;  117;-;    5;-;    2;-;    1;-;    8;-;   36;-;   26;-;   15;-
4607;5027;05;A;  52;100105; 2;u;21; 1151;-; 1617;-;   43;-;   52;-; 1100;-; 1038;-;   61;-;    1;-;    2;-;    1;-;   15;-;   27;-;   23;-;    6;-; 1556;-; 1463;-;   92;-;    1;-;    1;-;    6;-;    7;-;   39;-;   28;-;    8;-
4607;5027;05;A;  52;100105; 2;u;22;  955;-; 1069;-;   38;-;   46;-;  910;-;  849;-;   60;-;    1;-;    2;-;    3;-;    9;-;   26;-;   20;-;    5;-; 1014;-;  956;-;   58;-;    0;-;    4;-;    1;-;   10;-;   35;-;   23;-;    5;-
4607;5027;05;A;  52;100105; 2;u;23;  649;-; 1045;-;   45;-;   35;-;  592;-;  542;-;   49;-;    1;-;    1;-;    3;-;    4;-;   38;-;   28;-;   11;-; 1004;-;  944;-;   59;-;    1;-;    0;-;    0;-;   10;-;   25;-;   20;-;    6;-
4607;5027;05;A;  52;100105; 2;u;24;  377;-;  610;-;   27;-;   30;-;  347;-;  323;-;   23;-;    1;-;    1;-;    0;-;    3;-;   24;-;   20;-;    2;-;  576;-;  536;-;   40;-;    0;-;    0;-;    1;-;    3;-;   26;-;   18;-;    4;-
4607;5027;05;A;  52;100106; 3;u;01;  223;-;  313;-;   27;-;   29;-;  195;-;  169;-;   26;-;    0;-;    0;-;    0;-;    8;-;   19;-;   15;-;    1;-;  283;-;  267;-;   15;-;    1;-;    0;-;    2;-;    7;-;   20;-;   12;-;    1;-
4607;5027;05;A;  52;100106; 3;u;02;  150;-;  161;-;   40;-;   25;-;  107;-;   97;-;   10;-;    0;-;    0;-;    2;-;    7;-;   31;-;   21;-;    3;-;  136;-;  115;-;   21;-;    0;-;    0;-;    0;-;    5;-;   20;-;   13;-;    0;-
4607;5027;05;A;  52;100106; 3;u;03;  145;-;  110;-;   42;-;   41;-;  101;-;   89;-;   12;-;    0;-;    1;-;    2;-;   14;-;   26;-;   18;-;    1;-;   68;-;   50;-;   18;-;    0;-;    1;-;    0;-;   13;-;   28;-;   19;-;    0;-
4607;5027;05;A;  52;100106; 3;u;04;  358;-;  163;-;   61;-;   49;-;  294;-;  265;-;   29;-;    0;-;    1;-;    0;-;   22;-;   39;-;   19;-;    2;-;  113;-;   90;-;   23;-;    0;-;    0;-;    1;-;   24;-;   24;-;   14;-;    1;-
4607;5027;05;A;  52;100106; 3;u;05;  659;-;  300;-;   81;-;   75;-;  574;-;  552;-;   21;-;    1;-;    2;-;    7;-;   37;-;   37;-;   25;-;    2;-;  224;-;  200;-;   24;-;    0;-;    0;-;    2;-;   36;-;   37;-;   19;-;    1;-
4607;5027;05;A;  52;100106; 3;u;06; 2017;-;  576;-;  158;-;   90;-; 1839;-; 1765;-;   71;-;    3;-;    2;-;    3;-;   75;-;   80;-;   62;-;   18;-;  482;-;  448;-;   34;-;    0;-;    1;-;    3;-;   36;-;   51;-;   36;-;    3;-
4607;5027;05;A;  52;100106; 3;u;07; 4611;-; 1457;-;  159;-;  104;-; 4397;-; 4218;-;  173;-;    6;-;    6;-;    1;-;   70;-;   88;-;   69;-;   49;-; 1344;-; 1247;-;   96;-;    1;-;    4;-;    0;-;   43;-;   61;-;   46;-;    5;-
4607;5027;05;A;  52;100106; 3;u;08; 5634;-; 2727;-;  182;-;  160;-; 5380;-; 5222;-;  149;-;    9;-;    8;-;    4;-;   85;-;   93;-;   72;-;   64;-; 2548;-; 2403;-;  145;-;    0;-;    4;-;    3;-;   78;-;   79;-;   59;-;   15;-
4607;5027;05;A;  52;100106; 3;u;09; 4996;-; 3087;-;  188;-;  201;-; 4690;-; 4515;-;  168;-;    7;-;   16;-;    3;-;   79;-;  106;-;   78;-;  102;-; 2857;-; 2693;-;  158;-;    6;-;    6;-;    5;-;  103;-;   93;-;   68;-;   23;-
4607;5027;05;A;  52;100106; 3;u;10; 3506;-; 2260;-;  209;-;  225;-; 3244;-; 3073;-;  165;-;    6;-;   11;-;    3;-;   87;-;  119;-;   87;-;   42;-; 2015;-; 1833;-;  180;-;    2;-;   11;-;    3;-;   83;-;  139;-;  102;-;    9;-
4607;5027;05;A;  52;100106; 3;u;11; 2667;-; 1907;-;  199;-;  203;-; 2435;-; 2274;-;  157;-;    4;-;    6;-;    3;-;   77;-;  119;-;   98;-;   27;-; 1690;-; 1518;-;  169;-;    3;-;    4;-;    6;-;   87;-;  110;-;   83;-;   10;-
4607;5027;05;A;  52;100106; 3;u;12; 2363;-; 2105;-;  201;-;  182;-; 2138;-; 1971;-;  167;-;    0;-;    4;-;    4;-;   72;-;  125;-;   93;-;   20;-; 1913;-; 1713;-;  199;-;    1;-;    4;-;    0;-;   79;-;  103;-;   77;-;    6;-
4607;5027;05;A;  52;100106; 3;u;13; 2374;-; 2423;-;  192;-;  202;-; 2161;-; 2014;-;  147;-;    0;-;    4;-;    1;-;   82;-;  109;-;   91;-;   17;-; 2199;-; 1998;-;  199;-;    2;-;   14;-;    0;-;  102;-;  100;-;   80;-;    8;-
4607;5027;05;A;  52;100106; 3;u;14; 2486;-; 2821;-;  169;-;  197;-; 2271;-; 2089;-;  178;-;    4;-;   15;-;    1;-;   71;-;   97;-;   80;-;   31;-; 2602;-; 2406;-;  192;-;    4;-;    8;-;    4;-;  101;-;   92;-;   75;-;   14;-
4607;5027;05;A;  52;100106; 3;u;15; 2407;-; 3378;-;  175;-;  181;-; 2201;-; 2031;-;  166;-;    4;-;   11;-;    2;-;   72;-;  101;-;   78;-;   20;-; 3166;-; 2950;-;  215;-;    1;-;    7;-;    3;-;   85;-;   93;-;   68;-;   24;-
4607;5027;05;A;  52;100106; 3;u;16; 2563;-; 4289;-;  165;-;  146;-; 2370;-; 2189;-;  178;-;    3;-;    8;-;    2;-;   71;-;   92;-;   72;-;   20;-; 4109;-; 3906;-;  202;-;    1;-;    7;-;    3;-;   59;-;   84;-;   56;-;   27;-
4607;5027;05;A;  52;100106; 3;u;17; 2782;-; 5212;-;  119;-;  118;-; 2639;-; 2504;-;  133;-;    2;-;    6;-;    3;-;   45;-;   71;-;   57;-;   18;-; 5052;-; 4854;-;  197;-;    1;-;   13;-;    1;-;   49;-;   68;-;   55;-;   29;-
4607;5027;05;A;  52;100106; 3;u;18; 3274;-; 5415;-;   96;-;   92;-; 3135;-; 3013;-;  114;-;    8;-;    3;-;    2;-;   35;-;   59;-;   43;-;   40;-; 5300;-; 5159;-;  138;-;    3;-;    9;-;    1;-;   37;-;   54;-;   42;-;   14;-
4607;5027;05;A;  52;100106; 3;u;19; 2918;-; 4417;-;   73;-;   75;-; 2813;-; 2711;-;   99;-;    3;-;    4;-;    1;-;   15;-;   57;-;   38;-;   28;-; 4314;-; 4189;-;  123;-;    2;-;    3;-;    1;-;   26;-;   48;-;   45;-;   25;-
4607;5027;05;A;  52;100106; 3;u;20; 1996;-; 2891;-;   52;-;   68;-; 1924;-; 1832;-;   88;-;    4;-;    3;-;    0;-;   13;-;   39;-;   30;-;   17;-; 2803;-; 2681;-;  121;-;    1;-;    3;-;    1;-;   19;-;   48;-;   37;-;   17;-
4607;5027;05;A;  52;100106; 3;u;21; 1325;-; 1781;-;   43;-;   61;-; 1263;-; 1214;-;   47;-;    2;-;    3;-;    3;-;   13;-;   27;-;   20;-;   16;-; 1706;-; 1635;-;   69;-;    2;-;    3;-;    5;-;   11;-;   45;-;   27;-;   11;-
4607;5027;05;A;  52;100106; 3;u;22;  985;-; 1226;-;   47;-;   46;-;  923;-;  861;-;   62;-;    0;-;    2;-;    3;-;   10;-;   34;-;   27;-;   13;-; 1170;-; 1107;-;   62;-;    1;-;    0;-;    0;-;   10;-;   36;-;   23;-;   10;-
4607;5027;05;A;  52;100106; 3;u;23;  706;-; 1115;-;   48;-;   41;-;  650;-;  601;-;   47;-;    2;-;    1;-;    2;-;   13;-;   33;-;   25;-;    7;-; 1066;-; 1006;-;   60;-;    0;-;    3;-;    2;-;   10;-;   29;-;   24;-;    5;-
4607;5027;05;A;  52;100106; 3;u;24;  369;-;  620;-;   33;-;   40;-;  332;-;  309;-;   23;-;    0;-;    1;-;    0;-;    8;-;   25;-;   18;-;    3;-;  576;-;  532;-;   43;-;    1;-;    1;-;    2;-;    8;-;   30;-;   25;-;    3;-
4607;5027;05;A;  52;100107; 4;w;01;  233;-;  314;-;   29;-;   29;-;  203;-;  172;-;   30;-;    1;-;    0;-;    0;-;    7;-;   22;-;   16;-;    1;-;  282;-;  263;-;   18;-;    1;-;    1;-;    2;-;    9;-;   18;-;    9;-;    2;-
4607;5027;05;A;  52;100107; 4;w;02;  124;-;  161;-;   32;-;   33;-;   92;-;   80;-;   12;-;    0;-;    0;-;    0;-;   11;-;   21;-;   13;-;    0;-;  128;-;  112;-;   16;-;    0;-;    0;-;    0;-;   11;-;   22;-;   13;-;    0;-
4607;5027;05;A;  52;100107; 4;w;03;  150;-;  100;-;   50;-;   25;-;   98;-;   81;-;   17;-;    0;-;    0;-;    1;-;   15;-;   34;-;   17;-;    2;-;   75;-;   64;-;   11;-;    0;-;    0;-;    1;-;   10;-;   14;-;    9;-;    0;-
4607;5027;05;A;  52;100107; 4;w;04;  280;-;  148;-;   46;-;   52;-;  232;-;  220;-;   12;-;    0;-;    1;-;    0;-;   16;-;   30;-;   17;-;    1;-;   96;-;   80;-;   16;-;    0;-;    0;-;    0;-;   25;-;   27;-;   18;-;    0;-
4607;5027;05;A;  52;100107; 4;w;05;  612;-;  236;-;   97;-;   59;-;  507;-;  487;-;   19;-;    1;-;    2;-;    6;-;   30;-;   61;-;   37;-;    6;-;  177;-;  160;-;   17;-;    0;-;    0;-;    0;-;   31;-;   28;-;   23;-;    0;-
4607;5027;05;A;  52;100107; 4;w;06; 1968;-;  538;-;  143;-;   82;-; 1815;-; 1763;-;   51;-;    1;-;    2;-;    2;-;   60;-;   81;-;   66;-;    8;-;  454;-;  424;-;   30;-;    0;-;    1;-;    1;-;   34;-;   47;-;   33;-;    1;-
4607;5027;05;A;  52;100107; 4;w;07; 4125;-; 1392;-;  162;-;  140;-; 3944;-; 3822;-;  118;-;    4;-;    5;-;    4;-;   78;-;   80;-;   64;-;   14;-; 1248;-; 1176;-;   71;-;    1;-;    2;-;    2;-;   70;-;   68;-;   45;-;    2;-
4607;5027;05;A;  52;100107; 4;w;08; 5078;-; 2742;-;  155;-;  116;-; 4862;-; 4734;-;  118;-;   10;-;    7;-;   12;-;   80;-;   63;-;   48;-;   54;-; 2618;-; 2514;-;  101;-;    3;-;    1;-;    2;-;   55;-;   59;-;   39;-;    7;-
4607;5027;05;A;  52;100107; 4;w;09; 5140;-; 3184;-;  170;-;  168;-; 4943;-; 4839;-;  102;-;    2;-;    7;-;    7;-;   69;-;   94;-;   75;-;   20;-; 2999;-; 2860;-;  132;-;    7;-;    1;-;    5;-;   88;-;   75;-;   58;-;   16;-
4607;5027;05;A;  52;100107; 4;w;10; 4526;-; 2580;-;  250;-;  237;-; 4220;-; 4054;-;  157;-;    9;-;    8;-;    5;-;   98;-;  147;-;  124;-;   48;-; 2328;-; 2152;-;  174;-;    2;-;    7;-;    6;-;   98;-;  133;-;  112;-;    8;-
4607;5027;05;A;  52;100107; 4;w;11; 2878;-; 1854;-;  213;-;  197;-; 2638;-; 2480;-;  155;-;    3;-;    7;-;    6;-;   87;-;  120;-;  101;-;   20;-; 1640;-; 1494;-;  144;-;    2;-;   11;-;    7;-;   86;-;  104;-;   82;-;    6;-
4607;5027;05;A;  52;100107; 4;w;12; 2201;-; 1995;-;  235;-;  207;-; 1943;-; 1791;-;  151;-;    1;-;    9;-;    8;-;   82;-;  145;-;  116;-;   14;-; 1778;-; 1620;-;  158;-;    0;-;    5;-;    2;-;   79;-;  126;-;  102;-;    5;-
4607;5027;05;A;  52;100107; 4;w;13; 2265;-; 2419;-;  212;-;  211;-; 2026;-; 1864;-;  155;-;    7;-;    8;-;    4;-;   78;-;  130;-;  107;-;   19;-; 2196;-; 2030;-;  165;-;    1;-;    5;-;    4;-;   84;-;  123;-;   99;-;    7;-
4607;5027;05;A;  52;100107; 4;w;14; 2353;-; 2714;-;  204;-;  216;-; 2135;-; 1993;-;  140;-;    2;-;    4;-;    3;-;   80;-;  121;-;  101;-;   10;-; 2477;-; 2300;-;  175;-;    2;-;   10;-;    3;-;   95;-;  118;-;   89;-;   11;-
4607;5027;05;A;  52;100107; 4;w;15; 2235;-; 3268;-;  204;-;  191;-; 2012;-; 1862;-;  147;-;    3;-;    3;-;    6;-;   85;-;  113;-;   91;-;   16;-; 3050;-; 2831;-;  217;-;    2;-;   11;-;    9;-;   76;-;  106;-;   78;-;   16;-
4607;5027;05;A;  52;100107; 4;w;16; 2454;-; 4174;-;  141;-;  163;-; 2268;-; 2121;-;  145;-;    2;-;    6;-;    2;-;   60;-;   79;-;   64;-;   39;-; 3990;-; 3784;-;  205;-;    1;-;    8;-;    5;-;   70;-;   88;-;   66;-;   13;-
4607;5027;05;A;  52;100107; 4;w;17; 2745;-; 4889;-;  124;-;  134;-; 2591;-; 2460;-;  128;-;    3;-;    4;-;    1;-;   48;-;   75;-;   61;-;   26;-; 4724;-; 4541;-;  178;-;    5;-;    8;-;   10;-;   47;-;   77;-;   62;-;   23;-
4607;5027;05;A;  52;100107; 4;w;18; 2990;-; 5262;-;   79;-;  106;-; 2876;-; 2786;-;   88;-;    2;-;    8;-;    2;-;   23;-;   54;-;   42;-;   27;-; 5140;-; 5018;-;  122;-;    0;-;    6;-;    3;-;   31;-;   72;-;   62;-;   10;-
4607;5027;05;A;  52;100107; 4;w;19; 2794;-; 4776;-;   53;-;   99;-; 2706;-; 2630;-;   73;-;    3;-;    3;-;    1;-;   11;-;   41;-;   27;-;   32;-; 4662;-; 4559;-;  102;-;    1;-;    6;-;    1;-;   35;-;   63;-;   51;-;    9;-
4607;5027;05;A;  52;100107; 4;w;20; 1833;-; 2974;-;   52;-;   57;-; 1764;-; 1686;-;   72;-;    6;-;    1;-;    3;-;   11;-;   38;-;   30;-;   16;-; 2898;-; 2782;-;  113;-;    3;-;    0;-;    0;-;   10;-;   47;-;   35;-;   19;-
4607;5027;05;A;  52;100107; 4;w;21; 1249;-; 1782;-;   46;-;   53;-; 1195;-; 1137;-;   57;-;    1;-;    0;-;    7;-;    8;-;   31;-;   24;-;    8;-; 1720;-; 1647;-;   72;-;    1;-;    2;-;    7;-;    3;-;   43;-;   27;-;    7;-
4607;5027;05;A;  52;100107; 4;w;22;  882;-; 1122;-;   45;-;   50;-;  827;-;  775;-;   52;-;    0;-;    1;-;    2;-;   14;-;   29;-;   23;-;    9;-; 1066;-; 1004;-;   61;-;    1;-;    2;-;    0;-;   13;-;   37;-;   29;-;    4;-
4607;5027;05;A;  52;100107; 4;w;23;  661;-; 1076;-;   32;-;   30;-;  622;-;  583;-;   39;-;    0;-;    2;-;    1;-;    5;-;   26;-;   19;-;    5;-; 1038;-;  989;-;   49;-;    0;-;    1;-;    0;-;    8;-;   22;-;   16;-;    7;-
4607;5027;05;A;  52;100107; 4;w;24;  404;-;  670;-;   29;-;   48;-;  374;-;  339;-;   35;-;    0;-;    1;-;    1;-;    6;-;   22;-;   17;-;    0;-;  619;-;  588;-;   31;-;    0;-;    1;-;    1;-;    7;-;   40;-;   30;-;    2;-
4607;5027;05;A;  52;100108; 5;w;01;  227;-;  291;-;   26;-;   27;-;  197;-;  174;-;   23;-;    0;-;    0;-;    1;-;    7;-;   18;-;   13;-;    4;-;  260;-;  242;-;   18;-;    0;-;    2;-;    2;-;   10;-;   15;-;    9;-;    2;-
4607;5027;05;A;  52;100108; 5;w;02;  146;-;  142;-;   46;-;   22;-;  100;-;   85;-;   15;-;    0;-;    0;-;    2;-;   15;-;   29;-;   21;-;    0;-;  119;-;  107;-;   12;-;    0;-;    0;-;    0;-;    7;-;   15;-;    9;-;    1;-
4607;5027;05;A;  52;100108; 5;w;03;  167;-;  117;-;   40;-;   32;-;  127;-;  111;-;   16;-;    0;-;    0;-;    1;-;   11;-;   28;-;   22;-;    0;-;   85;-;   74;-;   11;-;    0;-;    0;-;    0;-;   12;-;   20;-;   14;-;    0;-
4607;5027;05;A;  52;100108; 5;w;04;  325;-;  174;-;   60;-;   45;-;  260;-;  242;-;   18;-;    0;-;    2;-;    0;-;   17;-;   43;-;   24;-;    3;-;  129;-;   98;-;   31;-;    0;-;    0;-;    0;-;   18;-;   27;-;   17;-;    0;-
4607;5027;05;A;  52;100108; 5;w;05;  636;-;  305;-;   77;-;   76;-;  551;-;  524;-;   27;-;    0;-;    0;-;    5;-;   41;-;   31;-;   22;-;    8;-;  228;-;  205;-;   23;-;    0;-;    0;-;    1;-;   35;-;   40;-;   25;-;    1;-
4607;5027;05;A;  52;100108; 5;w;06; 1981;-;  579;-;  168;-;  104;-; 1803;-; 1730;-;   72;-;    1;-;    1;-;    4;-;   77;-;   87;-;   73;-;    9;-;  470;-;  435;-;   35;-;    0;-;    2;-;    1;-;   36;-;   67;-;   45;-;    3;-
4607;5027;05;A;  52;100108; 5;w;07; 4659;-; 1476;-;  191;-;  128;-; 4430;-; 4268;-;  156;-;    6;-;   12;-;    6;-;   82;-;  103;-;   80;-;   26;-; 1342;-; 1244;-;   97;-;    1;-;    1;-;    2;-;   55;-;   71;-;   56;-;    5;-
4607;5027;05;A;  52;100108; 5;w;08; 5705;-; 2868;-;  190;-;  156;-; 5460;-; 5311;-;  143;-;    6;-;   13;-;    7;-;   76;-;  107;-;   80;-;   42;-; 2699;-; 2557;-;  142;-;    0;-;    5;-;    6;-;   58;-;   92;-;   72;-;    8;-
4607;5027;05;A;  52;100108; 5;w;09; 4863;-; 3086;-;  226;-;  232;-; 4545;-; 4377;-;  163;-;    5;-;    8;-;    5;-;   98;-;  123;-;  103;-;   84;-; 2822;-; 2668;-;  152;-;    2;-;    5;-;   10;-;  109;-;  113;-;   90;-;   27;-
4607;5027;05;A;  52;100108; 5;w;10; 3318;-; 2386;-;  247;-;  228;-; 2994;-; 2837;-;  145;-;   12;-;   13;-;    7;-;   96;-;  144;-;  116;-;   64;-; 2129;-; 1955;-;  172;-;    2;-;    9;-;    7;-;   90;-;  131;-;  102;-;   20;-
4607;5027;05;A;  52;100108; 5;w;11; 2352;-; 1979;-;  211;-;  210;-; 2105;-; 1942;-;  154;-;    9;-;    6;-;    2;-;   86;-;  123;-;   96;-;   30;-; 1743;-; 1557;-;  185;-;    1;-;    7;-;    3;-;   85;-;  122;-;  102;-;   19;-
4607;5027;05;A;  52;100108; 5;w;12; 2249;-; 2309;-;  192;-;  226;-; 2028;-; 1846;-;  176;-;    6;-;    5;-;    8;-;   84;-;  100;-;   75;-;   24;-; 2059;-; 1834;-;  224;-;    1;-;   11;-;    6;-;   85;-;  135;-;  113;-;   13;-
4607;5027;05;A;  52;100108; 5;w;13; 2417;-; 3118;-;  229;-;  203;-; 2168;-; 2010;-;  149;-;    9;-;    2;-;    5;-;   88;-;  136;-;  109;-;   18;-; 2896;-; 2674;-;  221;-;    1;-;   12;-;    2;-;   81;-;  120;-;   88;-;    7;-
4607;5027;05;A;  52;100108; 5;w;14; 2851;-; 3775;-;  194;-;  233;-; 2623;-; 2460;-;  161;-;    2;-;   11;-;    8;-;   74;-;  112;-;   87;-;   23;-; 3512;-; 3292;-;  217;-;    3;-;   10;-;    5;-;   94;-;  134;-;   94;-;   20;-
4607;5027;05;A;  52;100108; 5;w;15; 2649;-; 4472;-;  145;-;  166;-; 2469;-; 2329;-;  138;-;    2;-;    8;-;    4;-;   62;-;   79;-;   63;-;   27;-; 4276;-; 4061;-;  210;-;    5;-;   13;-;    3;-;   76;-;   87;-;   69;-;   17;-
4607;5027;05;A;  52;100108; 5;w;16; 3123;-; 4599;-;  193;-;  129;-; 2879;-; 2727;-;  147;-;    5;-;   11;-;    6;-;   68;-;  119;-;   90;-;   40;-; 4442;-; 4231;-;  206;-;    5;-;    9;-;    5;-;   48;-;   76;-;   56;-;   19;-
4607;5027;05;A;  52;100108; 5;w;17; 3134;-; 4735;-;  108;-;  122;-; 2955;-; 2822;-;  123;-;   10;-;    9;-;    4;-;   44;-;   60;-;   45;-;   62;-; 4582;-; 4413;-;  167;-;    2;-;   12;-;    8;-;   43;-;   71;-;   54;-;   19;-
4607;5027;05;A;  52;100108; 5;w;18; 3039;-; 4374;-;   93;-;   86;-; 2895;-; 2779;-;  113;-;    3;-;   10;-;    2;-;   29;-;   62;-;   52;-;   41;-; 4257;-; 4117;-;  138;-;    2;-;    9;-;    5;-;   34;-;   47;-;   39;-;   22;-
4607;5027;05;A;  52;100108; 5;w;19; 2480;-; 3416;-;   60;-;   64;-; 2384;-; 2276;-;  107;-;    1;-;    4;-;    3;-;   14;-;   43;-;   37;-;   32;-; 3328;-; 3204;-;  120;-;    4;-;    5;-;    3;-;   20;-;   41;-;   35;-;   19;-
4607;5027;05;A;  52;100108; 5;w;20; 1775;-; 2410;-;   43;-;   54;-; 1716;-; 1653;-;   61;-;    2;-;    4;-;    6;-;    9;-;   28;-;   25;-;   12;-; 2336;-; 2230;-;  102;-;    4;-;    1;-;    0;-;   12;-;   42;-;   33;-;   19;-
4607;5027;05;A;  52;100108; 5;w;21; 1230;-; 1767;-;   56;-;   64;-; 1155;-; 1090;-;   63;-;    2;-;    2;-;    4;-;   13;-;   39;-;   27;-;   17;-; 1690;-; 1617;-;   72;-;    1;-;    4;-;    7;-;   11;-;   46;-;   31;-;    9;-
4607;5027;05;A;  52;100108; 5;w;22;  895;-; 1298;-;   37;-;   49;-;  849;-;  800;-;   48;-;    1;-;    3;-;    6;-;    8;-;   23;-;   20;-;    6;-; 1241;-; 1177;-;   64;-;    0;-;    3;-;    1;-;   12;-;   36;-;   27;-;    5;-
4607;5027;05;A;  52;100108; 5;w;23;  783;-; 1096;-;   33;-;   40;-;  744;-;  675;-;   69;-;    0;-;    0;-;    2;-;    8;-;   23;-;   17;-;    6;-; 1043;-;  986;-;   55;-;    2;-;    3;-;    2;-;   10;-;   28;-;   19;-;   10;-
4607;5027;05;A;  52;100108; 5;w;24;  582;-;  826;-;   28;-;   36;-;  553;-;  519;-;   32;-;    2;-;    0;-;    0;-;    7;-;   21;-;   17;-;    1;-;  788;-;  739;-;   49;-;    0;-;    0;-;    2;-;    4;-;   30;-;   18;-;    2;-
4607;5027;05;A;  52;100109; 6;w;01;  383;-;  452;-;   32;-;   27;-;  348;-;  324;-;   22;-;    2;-;    1;-;    1;-;    8;-;   23;-;   18;-;    2;-;  423;-;  404;-;   19;-;    0;-;    1;-;    4;-;    8;-;   15;-;    7;-;    1;-
4607;5027;05;A;  52;100109; 6;w;02;  274;-;  254;-;   36;-;   20;-;  234;-;  218;-;   16;-;    0;-;    2;-;    2;-;   14;-;   20;-;   12;-;    2;-;  233;-;  211;-;   22;-;    0;-;    0;-;    1;-;    3;-;   16;-;    9;-;    1;-
4607;5027;05;A;  52;100109; 6;w;03;  219;-;  169;-;   26;-;   28;-;  192;-;  166;-;   25;-;    1;-;    0;-;    2;-;    6;-;   18;-;   16;-;    1;-;  141;-;  129;-;   12;-;    0;-;    0;-;    0;-;    9;-;   19;-;   12;-;    0;-
4607;5027;05;A;  52;100109; 6;w;04;  310;-;  189;-;   39;-;   38;-;  270;-;  257;-;   13;-;    0;-;    0;-;    1;-;   13;-;   25;-;    9;-;    1;-;  150;-;  138;-;   12;-;    0;-;    0;-;    1;-;   18;-;   19;-;   10;-;    1;-
4607;5027;05;A;  52;100109; 6;w;05;  505;-;  310;-;   37;-;   33;-;  467;-;  445;-;   22;-;    0;-;    0;-;    3;-;   15;-;   19;-;   14;-;    1;-;  277;-;  253;-;   24;-;    0;-;    0;-;    2;-;   22;-;    9;-;    7;-;    0;-
4607;5027;05;A;  52;100109; 6;w;06;  626;-;  337;-;   34;-;   32;-;  586;-;  553;-;   33;-;    0;-;    4;-;    1;-;   19;-;   14;-;   12;-;    2;-;  305;-;  282;-;   22;-;    1;-;    0;-;    1;-;   19;-;   12;-;    8;-;    0;-
4607;5027;05;A;  52;100109; 6;w;07;  570;-;  465;-;   50;-;   39;-;  512;-;  469;-;   42;-;    1;-;    4;-;    6;-;   22;-;   22;-;   20;-;    4;-;  422;-;  386;-;   36;-;    0;-;    3;-;    1;-;   16;-;   22;-;   16;-;    1;-
4607;5027;05;A;  52;100109; 6;w;08;  696;-;  499;-;   33;-;   35;-;  652;-;  601;-;   51;-;    0;-;    4;-;    3;-;   17;-;   13;-;   13;-;    7;-;  461;-;  425;-;   36;-;    0;-;    1;-;    3;-;   14;-;   18;-;   15;-;    2;-
4607;5027;05;A;  52;100109; 6;w;09;  914;-;  693;-;   42;-;   57;-;  868;-;  814;-;   54;-;    0;-;    2;-;    3;-;   23;-;   16;-;   15;-;    2;-;  635;-;  593;-;   41;-;    1;-;    0;-;    1;-;   36;-;   20;-;   15;-;    1;-
4607;5027;05;A;  52;100109; 6;w;10; 1212;-;  886;-;   33;-;   51;-; 1169;-; 1104;-;   65;-;    0;-;    5;-;    1;-;   27;-;    5;-;    4;-;    5;-;  830;-;  774;-;   56;-;    0;-;    3;-;    5;-;   27;-;   19;-;   18;-;    2;-
4607;5027;05;A;  52;100109; 6;w;11; 1150;-;  930;-;   45;-;   31;-; 1097;-; 1046;-;   50;-;    1;-;    4;-;    3;-;   27;-;   15;-;   12;-;    4;-;  898;-;  846;-;   52;-;    0;-;    0;-;    1;-;   14;-;   16;-;   13;-;    1;-
4607;5027;05;A;  52;100109; 6;w;12; 1118;-; 1128;-;   34;-;   30;-; 1083;-; 1038;-;   44;-;    1;-;    0;-;    2;-;   21;-;   11;-;   11;-;    1;-; 1090;-; 1031;-;   58;-;    1;-;    6;-;    2;-;   17;-;   11;-;    9;-;    2;-
4607;5027;05;A;  52;100109; 6;w;13; 1151;-; 1228;-;   31;-;   19;-; 1112;-; 1065;-;   46;-;    1;-;    5;-;    1;-;   15;-;   15;-;   14;-;    3;-; 1208;-; 1147;-;   61;-;    0;-;    0;-;    4;-;    6;-;    9;-;    8;-;    1;-
4607;5027;05;A;  52;100109; 6;w;14; 1063;-; 1362;-;   21;-;   34;-; 1035;-; 1003;-;   31;-;    1;-;    3;-;    1;-;   10;-;   10;-;   10;-;    4;-; 1320;-; 1250;-;   70;-;    0;-;    2;-;    1;-;   21;-;   12;-;    9;-;    6;-
4607;5027;05;A;  52;100109; 6;w;15;  992;-; 1353;-;   22;-;   30;-;  964;-;  937;-;   27;-;    0;-;    1;-;    1;-;   11;-;   10;-;    7;-;    5;-; 1311;-; 1234;-;   77;-;    0;-;    5;-;    2;-;   20;-;    8;-;    8;-;    7;-
4607;5027;05;A;  52;100109; 6;w;16;  814;-; 1063;-;   14;-;   18;-;  797;-;  771;-;   25;-;    1;-;    1;-;    0;-;    7;-;    7;-;    7;-;    2;-; 1039;-;  984;-;   53;-;    2;-;    2;-;    0;-;   12;-;    6;-;    5;-;    4;-
4607;5027;05;A;  52;100109; 6;w;17;  847;-; 1077;-;   13;-;   31;-;  830;-;  804;-;   25;-;    1;-;    0;-;    1;-;    9;-;    3;-;    2;-;    4;-; 1046;-;  984;-;   61;-;    1;-;    0;-;    0;-;   20;-;   11;-;    9;-;    0;-
4607;5027;05;A;  52;100109; 6;w;18;  915;-;  938;-;   12;-;   24;-;  897;-;  863;-;   28;-;    6;-;    2;-;    2;-;    9;-;    1;-;    0;-;    4;-;  905;-;  853;-;   51;-;    1;-;    3;-;    1;-;   17;-;    6;-;    4;-;    6;-
4607;5027;05;A;  52;100109; 6;w;19;  927;-;  999;-;   16;-;   23;-;  906;-;  889;-;   15;-;    2;-;    1;-;    2;-;    7;-;    7;-;    6;-;    4;-;  973;-;  926;-;   46;-;    1;-;    1;-;    0;-;   19;-;    4;-;    4;-;    2;-
4607;5027;05;A;  52;100109; 6;w;20;  776;-;  751;-;    5;-;   11;-;  767;-;  751;-;   14;-;    2;-;    1;-;    1;-;    1;-;    3;-;    1;-;    3;-;  733;-;  690;-;   38;-;    5;-;    0;-;    0;-;    8;-;    3;-;    3;-;    7;-
4607;5027;05;A;  52;100109; 6;w;21;  614;-;  746;-;   10;-;   13;-;  601;-;  585;-;   16;-;    0;-;    0;-;    2;-;    3;-;    5;-;    5;-;    3;-;  730;-;  688;-;   40;-;    2;-;    0;-;    1;-;   11;-;    1;-;    1;-;    3;-
4607;5027;05;A;  52;100109; 6;w;22;  455;-;  493;-;   10;-;   10;-;  444;-;  433;-;   11;-;    0;-;    0;-;    3;-;    5;-;    2;-;    0;-;    1;-;  471;-;  445;-;   22;-;    4;-;    0;-;    0;-;    6;-;    4;-;    4;-;   12;-
4607;5027;05;A;  52;100109; 6;w;23;  438;-;  545;-;    6;-;   11;-;  432;-;  421;-;   11;-;    0;-;    0;-;    2;-;    2;-;    2;-;    2;-;    0;-;  527;-;  508;-;   17;-;    2;-;    0;-;    0;-;   10;-;    1;-;    1;-;    7;-
4607;5027;05;A;  52;100109; 6;w;24;  408;-;  396;-;    3;-;    9;-;  400;-;  387;-;   13;-;    0;-;    3;-;    2;-;    0;-;    1;-;    1;-;    2;-;  381;-;  363;-;   16;-;    2;-;    1;-;    0;-;    6;-;    3;-;    3;-;    5;-
4607;5027;05;A;  52;100110; 7;s;01;  418;-;  416;-;    6;-;    7;-;  406;-;  391;-;   15;-;    0;-;    1;-;    0;-;    4;-;    2;-;    1;-;    5;-;  406;-;  378;-;   26;-;    2;-;    0;-;    1;-;    6;-;    0;-;    0;-;    3;-
4607;5027;05;A;  52;100110; 7;s;02;  265;-;  281;-;    6;-;    7;-;  258;-;  252;-;    6;-;    0;-;    0;-;    1;-;    4;-;    1;-;    1;-;    1;-;  274;-;  257;-;   17;-;    0;-;    0;-;    1;-;    5;-;    1;-;    0;-;    0;-
4607;5027;05;A;  52;100110; 7;s;03;  202;-;  212;-;    7;-;    5;-;  195;-;  193;-;    2;-;    0;-;    0;-;    1;-;    6;-;    0;-;    0;-;    0;-;  207;-;  197;-;    8;-;    2;-;    0;-;    1;-;    3;-;    1;-;    1;-;    0;-
4607;5027;05;A;  52;100110; 7;s;04;  316;-;  196;-;    5;-;    6;-;  307;-;  298;-;    9;-;    0;-;    2;-;    0;-;    3;-;    2;-;    1;-;    2;-;  190;-;  182;-;    8;-;    0;-;    0;-;    1;-;    5;-;    0;-;    0;-;    0;-
4607;5027;05;A;  52;100110; 7;s;05;  368;-;  225;-;    4;-;    8;-;  362;-;  350;-;   11;-;    1;-;    0;-;    2;-;    2;-;    0;-;    0;-;    2;-;  217;-;  195;-;   22;-;    0;-;    0;-;    3;-;    3;-;    2;-;    2;-;    0;-
4607;5027;05;A;  52;100110; 7;s;06;  459;-;  289;-;    3;-;    8;-;  449;-;  434;-;   15;-;    0;-;    0;-;    0;-;    2;-;    1;-;    1;-;    7;-;  280;-;  265;-;   15;-;    0;-;    1;-;    1;-;    6;-;    1;-;    1;-;    0;-
4607;5027;05;A;  52;100110; 7;s;07;  342;-;  312;-;    7;-;    6;-;  331;-;  319;-;   12;-;    0;-;    3;-;    2;-;    4;-;    1;-;    1;-;    1;-;  305;-;  286;-;   19;-;    0;-;    0;-;    1;-;    4;-;    1;-;    1;-;    1;-
4607;5027;05;A;  52;100110; 7;s;08;  374;-;  314;-;   12;-;    6;-;  359;-;  335;-;   24;-;    0;-;    2;-;    2;-;    7;-;    3;-;    1;-;    1;-;  305;-;  283;-;   21;-;    1;-;    1;-;    3;-;    2;-;    1;-;    1;-;    2;-
4607;5027;05;A;  52;100110; 7;s;09;  590;-;  405;-;   11;-;    8;-;  573;-;  538;-;   35;-;    0;-;    3;-;    1;-;    5;-;    5;-;    4;-;    3;-;  395;-;  376;-;   17;-;    2;-;    1;-;    3;-;    4;-;    1;-;    0;-;    1;-
4607;5027;05;A;  52;100110; 7;s;10;  749;-;  599;-;   13;-;    6;-;  735;-;  697;-;   38;-;    0;-;    0;-;    3;-;    3;-;    7;-;    6;-;    1;-;  591;-;  555;-;   36;-;    0;-;    2;-;    0;-;    3;-;    3;-;    3;-;    0;-
4607;5027;05;A;  52;100110; 7;s;11;  897;-;  913;-;   14;-;    6;-;  881;-;  840;-;   41;-;    0;-;    1;-;    3;-;    5;-;    6;-;    6;-;    1;-;  904;-;  849;-;   55;-;    0;-;    2;-;    4;-;    2;-;    0;-;    0;-;    1;-
4607;5027;05;A;  52;100110; 7;s;12;  978;-;  977;-;   11;-;   14;-;  953;-;  894;-;   59;-;    0;-;    5;-;    0;-;    5;-;    6;-;    6;-;    9;-;  959;-;  901;-;   58;-;    0;-;    3;-;    3;-;    6;-;    5;-;    5;-;    1;-
4607;5027;05;A;  52;100110; 7;s;13; 1187;-; 1127;-;   12;-;    8;-; 1166;-; 1104;-;   60;-;    2;-;    4;-;    2;-;    6;-;    4;-;    4;-;    5;-; 1111;-; 1051;-;   59;-;    1;-;    2;-;    1;-;    2;-;    5;-;    4;-;    6;-
4607;5027;05;A;  52;100110; 7;s;14; 1324;-; 1461;-;   14;-;    6;-; 1305;-; 1239;-;   66;-;    0;-;    2;-;    4;-;    6;-;    4;-;    4;-;    3;-; 1451;-; 1390;-;   61;-;    0;-;    1;-;    2;-;    3;-;    1;-;    1;-;    3;-
4607;5027;05;A;  52;100110; 7;s;15; 1276;-; 1551;-;   11;-;   14;-; 1256;-; 1171;-;   84;-;    1;-;    2;-;    1;-;    6;-;    4;-;    3;-;    7;-; 1526;-; 1468;-;   57;-;    1;-;    4;-;    0;-;   10;-;    4;-;    3;-;    7;-
4607;5027;05;A;  52;100110; 7;s;16; 1331;-; 1349;-;   17;-;    9;-; 1296;-; 1216;-;   78;-;    2;-;    3;-;    3;-;    7;-;    7;-;    6;-;   15;-; 1332;-; 1266;-;   66;-;    0;-;    5;-;    5;-;    4;-;    0;-;    0;-;    3;-
4607;5027;05;A;  52;100110; 7;s;17; 1552;-; 1203;-;   14;-;    9;-; 1527;-; 1467;-;   56;-;    4;-;    1;-;    2;-;    7;-;    5;-;    4;-;   10;-; 1188;-; 1127;-;   61;-;    0;-;    1;-;    3;-;    3;-;    3;-;    2;-;    5;-
4607;5027;05;A;  52;100110; 7;s;18; 1656;-; 1332;-;   19;-;   17;-; 1619;-; 1536;-;   81;-;    2;-;    5;-;    4;-;    5;-;   10;-;    9;-;   13;-; 1305;-; 1241;-;   61;-;    3;-;    6;-;    4;-;    5;-;    8;-;    7;-;    4;-
4607;5027;05;A;  52;100110; 7;s;19; 1440;-; 1372;-;   29;-;   15;-; 1401;-; 1339;-;   60;-;    2;-;    4;-;    3;-;   11;-;   15;-;   13;-;    6;-; 1350;-; 1272;-;   78;-;    0;-;    4;-;    4;-;    2;-;    9;-;    9;-;    3;-
4607;5027;05;A;  52;100110; 7;s;20; 1132;-; 1195;-;   15;-;   13;-; 1103;-; 1059;-;   44;-;    0;-;    3;-;    2;-;    4;-;    9;-;    8;-;   11;-; 1176;-; 1117;-;   58;-;    1;-;    2;-;    2;-;    4;-;    7;-;    5;-;    4;-
4607;5027;05;A;  52;100110; 7;s;21;  892;-;  864;-;   18;-;   12;-;  864;-;  831;-;   31;-;    2;-;    2;-;    3;-;    6;-;    9;-;    9;-;    8;-;  848;-;  810;-;   38;-;    0;-;    0;-;    5;-;    1;-;    6;-;    6;-;    4;-
4607;5027;05;A;  52;100110; 7;s;22;  798;-;  683;-;   27;-;   26;-;  766;-;  722;-;   41;-;    3;-;    0;-;    2;-;    7;-;   18;-;   14;-;    5;-;  656;-;  629;-;   26;-;    1;-;    0;-;    4;-;    8;-;   14;-;   12;-;    1;-
4607;5027;05;A;  52;100110; 7;s;23;  644;-;  733;-;   12;-;   31;-;  627;-;  583;-;   44;-;    0;-;    2;-;    0;-;    2;-;   10;-;    6;-;    3;-;  699;-;  659;-;   38;-;    2;-;    1;-;    1;-;    7;-;   23;-;   20;-;    2;-
4607;5027;05;A;  52;100110; 7;s;24;  420;-;  663;-;   23;-;   22;-;  391;-;  363;-;   28;-;    0;-;    1;-;    1;-;    6;-;   16;-;   12;-;    5;-;  638;-;  594;-;   44;-;    0;-;    1;-;    2;-;    3;-;   17;-;   11;-;    2;-
4607;5027;05;A;  52;100111; 1;w;01;  210;-;  285;-;   20;-;   19;-;  189;-;  160;-;   28;-;    1;-;    0;-;    0;-;    6;-;   14;-;    9;-;    1;-;  265;-;  245;-;   20;-;    0;-;    0;-;    1;-;    4;-;   14;-;   12;-;    1;-
4607;5027;05;A;  52;100111; 1;w;02;  124;-;  125;-;   24;-;   19;-;   97;-;   90;-;    7;-;    0;-;    1;-;    0;-;   10;-;   14;-;   11;-;    2;-;  106;-;   93;-;   13;-;    0;-;    0;-;    2;-;    5;-;   12;-;    7;-;    0;-
4607;5027;05;A;  52;100111; 1;w;03;  134;-;  100;-;   35;-;   30;-;   99;-;   91;-;    8;-;    0;-;    0;-;    0;-;   10;-;   25;-;   18;-;    0;-;   70;-;   56;-;   14;-;    0;-;    0;-;    1;-;    7;-;   22;-;   18;-;    0;-
4607;5027;05;A;  52;100111; 1;w;04;  306;-;  162;-;   43;-;   42;-;  261;-;  244;-;   17;-;    0;-;    0;-;    1;-;   16;-;   26;-;   20;-;    2;-;  119;-;   95;-;   24;-;    0;-;    1;-;    0;-;   24;-;   18;-;   14;-;    0;-
4607;5027;05;A;  52;100111; 1;w;05;  751;-;  271;-;   80;-;   73;-;  667;-;  632;-;   35;-;    0;-;    0;-;    6;-;   34;-;   40;-;   29;-;    4;-;  197;-;  174;-;   23;-;    0;-;    0;-;    2;-;   32;-;   39;-;   32;-;    1;-
4607;5027;05;A;  52;100111; 1;w;06; 2496;-;  713;-;  159;-;  100;-; 2305;-; 2216;-;   85;-;    4;-;    3;-;    3;-;   61;-;   95;-;   68;-;   29;-;  612;-;  561;-;   51;-;    0;-;    0;-;    3;-;   27;-;   70;-;   57;-;    1;-
4607;5027;05;A;  52;100111; 1;w;07; 4641;-; 1640;-;  168;-;  130;-; 4436;-; 4307;-;  122;-;    7;-;    2;-;    8;-;   73;-;   87;-;   66;-;   35;-; 1498;-; 1413;-;   84;-;    1;-;    3;-;    2;-;   51;-;   77;-;   64;-;    9;-
4607;5027;05;A;  52;100111; 1;w;08; 5670;-; 3191;-;  189;-;  136;-; 5415;-; 5293;-;  116;-;    6;-;    8;-;    5;-;   79;-;  105;-;   84;-;   58;-; 3030;-; 2889;-;  140;-;    1;-;    3;-;    4;-;   47;-;   85;-;   63;-;   22;-
4607;5027;05;A;  52;100111; 1;w;09; 5442;-; 3482;-;  204;-;  214;-; 5200;-; 5078;-;  119;-;    3;-;   12;-;    4;-;  103;-;   97;-;   87;-;   26;-; 3242;-; 3122;-;  119;-;    1;-;    7;-;   14;-;   91;-;  109;-;   79;-;   19;-
4607;5027;05;A;  52;100111; 1;w;10; 4384;-; 2452;-;  250;-;  218;-; 4032;-; 3823;-;  198;-;   11;-;    9;-;    5;-;  101;-;  144;-;  111;-;   93;-; 2215;-; 2020;-;  193;-;    2;-;    4;-;    3;-;   99;-;  116;-;   90;-;   15;-
4607;5027;05;A;  52;100111; 1;w;11; 2590;-; 2007;-;  254;-;  218;-; 2316;-; 2141;-;  169;-;    6;-;    4;-;    3;-;  113;-;  138;-;  111;-;   16;-; 1776;-; 1623;-;  152;-;    1;-;    7;-;    6;-;   95;-;  117;-;   95;-;    6;-
4607;5027;05;A;  52;100111; 1;w;12; 2343;-; 2084;-;  258;-;  207;-; 2066;-; 1879;-;  184;-;    3;-;    4;-;    5;-;  104;-;  149;-;  116;-;   15;-; 1862;-; 1699;-;  163;-;    0;-;    7;-;    6;-;   95;-;  106;-;   89;-;    8;-
4607;5027;05;A;  52;100111; 1;w;13; 2429;-; 2410;-;  189;-;  249;-; 2218;-; 2039;-;  172;-;    7;-;    7;-;    2;-;   80;-;  107;-;   92;-;   15;-; 2141;-; 1940;-;  199;-;    2;-;    6;-;    1;-;  102;-;  146;-;  102;-;   14;-
4607;5027;05;A;  52;100111; 1;w;14; 2376;-; 2726;-;  203;-;  201;-; 2147;-; 1999;-;  146;-;    2;-;   10;-;    6;-;   84;-;  113;-;   94;-;   16;-; 2503;-; 2303;-;  198;-;    2;-;    3;-;    4;-;   99;-;   98;-;   81;-;   19;-
4607;5027;05;A;  52;100111; 1;w;15; 2116;-; 3210;-;  171;-;  188;-; 1920;-; 1779;-;  140;-;    1;-;   10;-;    4;-;   74;-;   93;-;   73;-;   15;-; 2994;-; 2776;-;  214;-;    4;-;   10;-;    1;-;   78;-;  109;-;   88;-;   18;-
4607;5027;05;A;  52;100111; 1;w;16; 2434;-; 4253;-;  146;-;  174;-; 2259;-; 2087;-;  171;-;    1;-;    6;-;    4;-;   56;-;   86;-;   70;-;   23;-; 4059;-; 3844;-;  215;-;    0;-;    7;-;    1;-;   73;-;  100;-;   77;-;   13;-
4607;5027;05;A;  52;100111; 1;w;17; 2807;-; 5113;-;  133;-;  132;-; 2650;-; 2503;-;  138;-;    9;-;    4;-;    3;-;   51;-;   79;-;   59;-;   20;-; 4959;-; 4756;-;  200;-;    3;-;    6;-;   11;-;   47;-;   74;-;   60;-;   16;-
4607;5027;05;A;  52;100111; 1;w;18; 3112;-; 5370;-;   88;-;  117;-; 2977;-; 2860;-;  111;-;    6;-;    4;-;    2;-;   31;-;   55;-;   41;-;   43;-; 5233;-; 5091;-;  141;-;    1;-;    9;-;    6;-;   41;-;   70;-;   53;-;   11;-
4607;5027;05;A;  52;100111; 1;w;19; 2834;-; 4386;-;   82;-;   81;-; 2703;-; 2602;-;   98;-;    3;-;    7;-;    1;-;   15;-;   66;-;   47;-;   42;-; 4286;-; 4165;-;  118;-;    3;-;    5;-;    4;-;   26;-;   51;-;   47;-;   14;-
4607;5027;05;A;  52;100111; 1;w;20; 1921;-; 2638;-;   75;-;   56;-; 1822;-; 1725;-;   95;-;    2;-;    4;-;    0;-;   16;-;   59;-;   49;-;   20;-; 2547;-; 2432;-;  114;-;    1;-;    6;-;    0;-;   17;-;   39;-;   31;-;   29;-
4607;5027;05;A;  52;100111; 1;w;21; 1255;-; 1690;-;   77;-;   72;-; 1165;-; 1096;-;   69;-;    0;-;    1;-;    2;-;   16;-;   59;-;   45;-;   12;-; 1601;-; 1493;-;  105;-;    3;-;    1;-;    5;-;   17;-;   50;-;   33;-;   16;-
4607;5027;05;A;  52;100111; 1;w;22;  935;-; 1234;-;   33;-;   51;-;  893;-;  827;-;   66;-;    0;-;    3;-;    0;-;    7;-;   26;-;   23;-;    6;-; 1173;-; 1114;-;   58;-;    1;-;    1;-;    1;-;   10;-;   40;-;   24;-;    9;-
4607;5027;05;A;  52;100111; 1;w;23;  638;-; 1071;-;   40;-;   46;-;  593;-;  534;-;   58;-;    1;-;    2;-;    0;-;   11;-;   29;-;   23;-;    3;-; 1020;-;  959;-;   60;-;    1;-;    0;-;    0;-;   15;-;   31;-;   22;-;    5;-
4607;5027;05;A;  52;100111; 1;w;24;  350;-;  684;-;   40;-;   54;-;  306;-;  272;-;   32;-;    2;-;    2;-;    0;-;   10;-;   30;-;   25;-;    2;-;  623;-;  579;-;   44;-;    0;-;    1;-;    1;-;    7;-;   46;-;   27;-;    6;-
4607;5027;05;A;  52;100112; 2;w;01;  192;-;  268;-;   26;-;   30;-;  165;-;  143;-;   19;-;    3;-;    0;-;    0;-;    9;-;   17;-;   14;-;    1;-;  237;-;  203;-;   34;-;    0;-;    0;-;    2;-;    8;-;   20;-;   17;-;    1;-
4607;5027;05;A;  52;100112; 2;w;02;  135;-;  122;-;   38;-;   24;-;   96;-;   84;-;   12;-;    0;-;    0;-;    3;-;   10;-;   25;-;   15;-;    1;-;   97;-;   81;-;   14;-;    2;-;    1;-;    0;-;    7;-;   17;-;   14;-;    0;-
4607;5027;05;A;  52;100112; 2;w;03;  116;-;   96;-;   30;-;   36;-;   86;-;   75;-;   11;-;    0;-;    0;-;    0;-;    7;-;   23;-;   18;-;    0;-;   60;-;   53;-;    7;-;    0;-;    0;-;    2;-;   11;-;   23;-;   13;-;    0;-
4607;5027;05;A;  52;100112; 2;w;04;  318;-;  166;-;   59;-;   57;-;  257;-;  233;-;   24;-;    0;-;    0;-;    4;-;   20;-;   35;-;   23;-;    2;-;  109;-;   88;-;   21;-;    0;-;    0;-;    0;-;   31;-;   26;-;   20;-;    0;-
4607;5027;05;A;  52;100112; 2;w;05;  743;-;  286;-;   91;-;   76;-;  646;-;  623;-;   22;-;    1;-;    1;-;    4;-;   39;-;   48;-;   32;-;    5;-;  208;-;  167;-;   41;-;    0;-;    2;-;    2;-;   30;-;   44;-;   27;-;    0;-
4607;5027;05;A;  52;100112; 2;w;06; 2279;-;  585;-;  147;-;  104;-; 2121;-; 2048;-;   72;-;    1;-;    3;-;    1;-;   63;-;   83;-;   65;-;    8;-;  479;-;  440;-;   38;-;    1;-;    1;-;    0;-;   35;-;   69;-;   56;-;    1;-
4607;5027;05;A;  52;100112; 2;w;07; 4835;-; 1612;-;  181;-;  141;-; 4590;-; 4416;-;  164;-;   10;-;    5;-;    3;-;   86;-;   92;-;   73;-;   59;-; 1462;-; 1377;-;   85;-;    0;-;    3;-;    0;-;   66;-;   75;-;   51;-;    6;-
4607;5027;05;A;  52;100112; 2;w;08; 5755;-; 3223;-;  191;-;  141;-; 5527;-; 5419;-;  104;-;    4;-;   12;-;   12;-;   79;-;  100;-;   76;-;   25;-; 3066;-; 2912;-;  151;-;    3;-;    4;-;    4;-;   66;-;   71;-;   48;-;   12;-
4607;5027;05;A;  52;100112; 2;w;09; 5752;-; 3726;-;  253;-;  184;-; 5463;-; 5338;-;  121;-;    4;-;   13;-;    8;-;  120;-;  125;-;   98;-;   23;-; 3521;-; 3376;-;  139;-;    6;-;    4;-;    6;-;   87;-;   91;-;   70;-;   17;-
4607;5027;05;A;  52;100112; 2;w;10; 4550;-; 2669;-;  242;-;  225;-; 4264;-; 4084;-;  177;-;    3;-;   14;-;    8;-;  101;-;  133;-;  113;-;   30;-; 2422;-; 2248;-;  174;-;    0;-;    7;-;    5;-;  110;-;  110;-;   85;-;   15;-
4607;5027;05;A;  52;100112; 2;w;11; 2704;-; 2148;-;  222;-;  221;-; 2427;-; 2248;-;  172;-;    7;-;    7;-;    7;-;   96;-;  119;-;   95;-;   48;-; 1907;-; 1698;-;  208;-;    1;-;    5;-;   10;-;   90;-;  121;-;   97;-;   15;-
4607;5027;05;A;  52;100112; 2;w;12; 2489;-; 2220;-;  265;-;  255;-; 2169;-; 1993;-;  172;-;    4;-;   14;-;    6;-;  102;-;  157;-;  125;-;   41;-; 1945;-; 1746;-;  197;-;    2;-;    8;-;    8;-;  114;-;  133;-;   97;-;   12;-
4607;5027;05;A;  52;100112; 2;w;13; 2561;-; 2456;-;  221;-;  215;-; 2306;-; 2144;-;  162;-;    0;-;    8;-;    6;-;   80;-;  135;-;  109;-;   26;-; 2225;-; 2046;-;  177;-;    2;-;    8;-;    6;-;   88;-;  121;-;   98;-;    8;-
4607;5027;05;A;  52;100112; 2;w;14; 2700;-; 2898;-;  202;-;  224;-; 2439;-; 2256;-;  180;-;    3;-;    9;-;    7;-;   82;-;  113;-;   88;-;   50;-; 2646;-; 2442;-;  200;-;    4;-;    9;-;    5;-;   81;-;  138;-;  106;-;   19;-
4607;5027;05;A;  52;100112; 2;w;15; 2452;-; 3519;-;  203;-;  195;-; 2232;-; 2049;-;  182;-;    1;-;    8;-;    5;-;   81;-;  117;-;   97;-;    9;-; 3305;-; 3035;-;  266;-;    4;-;   10;-;    7;-;   84;-;  104;-;   80;-;    9;-
4607;5027;05;A;  52;100112; 2;w;16; 2738;-; 4333;-;  187;-;  182;-; 2517;-; 2332;-;  182;-;    3;-;    7;-;    6;-;   61;-;  120;-;   99;-;   27;-; 4111;-; 3870;-;  239;-;    2;-;   14;-;    9;-;   82;-;   91;-;   74;-;   26;-
4607;5027;05;A;  52;100112; 2;w;17; 3075;-; 5411;-;  146;-;  153;-; 2904;-; 2747;-;  154;-;    3;-;    5;-;    6;-;   55;-;   85;-;   73;-;   20;-; 5233;-; 4995;-;  232;-;    6;-;   10;-;   15;-;   48;-;   90;-;   75;-;   15;-
4607;5027;05;A;  52;100112; 2;w;18; 3324;-; 5684;-;  112;-;  120;-; 3187;-; 3081;-;  104;-;    2;-;    4;-;    5;-;   42;-;   65;-;   49;-;   21;-; 5539;-; 5401;-;  135;-;    3;-;    7;-;    6;-;   41;-;   73;-;   56;-;   18;-
4607;5027;05;A;  52;100112; 2;w;19; 3212;-; 4632;-;   78;-;   73;-; 3081;-; 2991;-;   87;-;    3;-;    4;-;    3;-;   20;-;   55;-;   45;-;   49;-; 4526;-; 4377;-;  144;-;    5;-;    7;-;    5;-;   20;-;   48;-;   44;-;   26;-
4607;5027;05;A;  52;100112; 2;w;20; 2039;-; 3182;-;   58;-;   84;-; 1955;-; 1846;-;  105;-;    4;-;    1;-;    1;-;   13;-;   44;-;   37;-;   25;-; 3078;-; 2948;-;  128;-;    2;-;    3;-;    1;-;   18;-;   65;-;   55;-;   17;-
4607;5027;05;A;  52;100112; 2;w;21; 1367;-; 1895;-;   47;-;   62;-; 1302;-; 1227;-;   74;-;    1;-;    2;-;    1;-;    6;-;   40;-;   33;-;   16;-; 1820;-; 1697;-;  122;-;    1;-;    4;-;    5;-;   11;-;   46;-;   30;-;    9;-
4607;5027;05;A;  52;100112; 2;w;22; 1024;-; 1469;-;   36;-;   47;-;  977;-;  921;-;   55;-;    1;-;    4;-;    2;-;    6;-;   28;-;   21;-;    7;-; 1412;-; 1322;-;   90;-;    0;-;    1;-;    0;-;   12;-;   35;-;   26;-;    9;-
4607;5027;05;A;  52;100112; 2;w;23;  745;-; 1517;-;   42;-;   52;-;  702;-;  647;-;   54;-;    1;-;    0;-;    0;-;   11;-;   31;-;   24;-;    1;-; 1455;-; 1380;-;   74;-;    1;-;    1;-;    0;-;    8;-;   44;-;   35;-;    9;-
4607;5027;05;A;  52;100112; 2;w;24;  352;-;  794;-;   23;-;   40;-;  327;-;  292;-;   34;-;    1;-;    0;-;    1;-;    0;-;   22;-;   15;-;    2;-;  744;-;  689;-;   54;-;    1;-;    2;-;    1;-;    7;-;   32;-;   24;-;    8;-
4607;5027;05;A;  52;100113; 3;w;01;  200;-;  302;-;   29;-;   32;-;  168;-;  140;-;   28;-;    0;-;    0;-;    1;-;    8;-;   20;-;   18;-;    3;-;  267;-;  251;-;   16;-;    0;-;    0;-;    2;-;    7;-;   23;-;   17;-;    3;-
4607;5027;05;A;  52;100113; 3;w;02;  134;-;  199;-;   41;-;   37;-;   90;-;   79;-;   11;-;    0;-;    1;-;    1;-;   13;-;   27;-;   16;-;    2;-;  160;-;  135;-;   23;-;    2;-;    0;-;    0;-;    9;-;   28;-;   18;-;    2;-
4607;5027;05;A;  52;100113; 3;w;03;  153;-;  136;-;   39;-;   43;-;  114;-;  101;-;   13;-;    0;-;    0;-;    0;-;   12;-;   27;-;   20;-;    0;-;   91;-;   77;-;   14;-;    0;-;    2;-;    0;-;   15;-;   28;-;   17;-;    0;-
4607;5027;05;A;  52;100113; 3;w;04;  312;-;  173;-;   57;-;   48;-;  249;-;  217;-;   32;-;    0;-;    1;-;    0;-;   15;-;   42;-;   27;-;    5;-;  125;-;   90;-;   34;-;    1;-;    0;-;    0;-;   32;-;   16;-;   10;-;    0;-
4607;5027;05;A;  52;100113; 3;w;05;  762;-;  273;-;  100;-;   72;-;  655;-;  630;-;   25;-;    0;-;    1;-;    6;-;   45;-;   49;-;   30;-;    6;-;  200;-;  172;-;   28;-;    0;-;    1;-;    0;-;   30;-;   42;-;   25;-;    0;-
4607;5027;05;A;  52;100113; 3;w;06; 2252;-;  603;-;  144;-;  112;-; 2089;-; 2013;-;   74;-;    2;-;    2;-;    1;-;   64;-;   79;-;   65;-;   17;-;  486;-;  447;-;   38;-;    1;-;    2;-;    1;-;   34;-;   77;-;   52;-;    3;-
4607;5027;05;A;  52;100113; 3;w;07; 5063;-; 1661;-;  189;-;  134;-; 4814;-; 4640;-;  165;-;    9;-;    6;-;    3;-;   92;-;   94;-;   65;-;   54;-; 1521;-; 1400;-;  120;-;    1;-;    0;-;    1;-;   61;-;   72;-;   57;-;    6;-
4607;5027;05;A;  52;100113; 3;w;08; 6257;-; 3255;-;  193;-;  167;-; 6009;-; 5836;-;  162;-;   11;-;   10;-;    7;-;   92;-;   94;-;   69;-;   45;-; 3065;-; 2891;-;  171;-;    3;-;    4;-;    3;-;   68;-;   96;-;   71;-;   19;-
4607;5027;05;A;  52;100113; 3;w;09; 5724;-; 3788;-;  175;-;  202;-; 5401;-; 5213;-;  162;-;   26;-;   20;-;    5;-;   72;-;   98;-;   73;-;  128;-; 3547;-; 3364;-;  179;-;    4;-;    6;-;    5;-;   94;-;  103;-;   83;-;   33;-
4607;5027;05;A;  52;100113; 3;w;10; 4099;-; 2863;-;  210;-;  220;-; 3805;-; 3613;-;  184;-;    8;-;   12;-;    3;-;   80;-;  127;-;  101;-;   72;-; 2626;-; 2405;-;  218;-;    3;-;    6;-;    4;-;   98;-;  118;-;   91;-;   11;-
4607;5027;05;A;  52;100113; 3;w;11; 3057;-; 2305;-;  224;-;  237;-; 2783;-; 2573;-;  200;-;   10;-;   14;-;    4;-;   85;-;  135;-;  113;-;   36;-; 2051;-; 1847;-;  203;-;    1;-;    6;-;    5;-;   91;-;  141;-;  118;-;   11;-
4607;5027;05;A;  52;100113; 3;w;12; 2531;-; 2179;-;  249;-;  208;-; 2249;-; 2063;-;  186;-;    0;-;    8;-;    6;-;   87;-;  156;-;  127;-;   25;-; 1958;-; 1719;-;  236;-;    3;-;    5;-;    4;-;   91;-;  113;-;   90;-;    8;-
4607;5027;05;A;  52;100113; 3;w;13; 2759;-; 2747;-;  225;-;  203;-; 2498;-; 2288;-;  208;-;    2;-;    6;-;    2;-;   77;-;  146;-;  122;-;   30;-; 2524;-; 2256;-;  268;-;    0;-;   11;-;    4;-;   83;-;  116;-;   87;-;    9;-
4607;5027;05;A;  52;100113; 3;w;14; 2651;-; 3205;-;  197;-;  218;-; 2435;-; 2262;-;  169;-;    4;-;    6;-;    4;-;   67;-;  126;-;  103;-;   13;-; 2954;-; 2709;-;  242;-;    3;-;   18;-;    3;-;   85;-;  130;-;  102;-;   15;-
4607;5027;05;A;  52;100113; 3;w;15; 2599;-; 3580;-;  209;-;  210;-; 2363;-; 2186;-;  175;-;    2;-;   10;-;    7;-;   72;-;  130;-;  100;-;   17;-; 3351;-; 3104;-;  245;-;    2;-;    8;-;    5;-;   95;-;  110;-;   84;-;   11;-
4607;5027;05;A;  52;100113; 3;w;16; 2598;-; 4609;-;  185;-;  169;-; 2379;-; 2209;-;  166;-;    4;-;    7;-;    5;-;   83;-;   97;-;   76;-;   27;-; 4406;-; 4141;-;  259;-;    6;-;   19;-;    4;-;   75;-;   90;-;   63;-;   15;-
4607;5027;05;A;  52;100113; 3;w;17; 3072;-; 5492;-;  127;-;  162;-; 2914;-; 2758;-;  150;-;    6;-;    9;-;    6;-;   39;-;   82;-;   63;-;   22;-; 5299;-; 5088;-;  209;-;    2;-;   15;-;   11;-;   54;-;   97;-;   74;-;   16;-
4607;5027;05;A;  52;100113; 3;w;18; 3294;-; 5341;-;  128;-;  125;-; 3131;-; 3024;-;   98;-;    9;-;    3;-;    3;-;   40;-;   85;-;   69;-;   32;-; 5195;-; 5064;-;  131;-;    0;-;   10;-;    6;-;   32;-;   87;-;   66;-;   11;-
4607;5027;05;A;  52;100113; 3;w;19; 3115;-; 5109;-;  102;-;  109;-; 2981;-; 2899;-;   82;-;    0;-;    1;-;    2;-;   29;-;   71;-;   56;-;   31;-; 4980;-; 4873;-;  103;-;    4;-;    8;-;    6;-;   33;-;   70;-;   58;-;   12;-
4607;5027;05;A;  52;100113; 3;w;20; 2155;-; 3147;-;   57;-;   69;-; 2049;-; 1959;-;   86;-;    4;-;    2;-;    2;-;   13;-;   42;-;   35;-;   47;-; 3051;-; 2915;-;  130;-;    6;-;    6;-;    5;-;   13;-;   51;-;   40;-;   21;-
4607;5027;05;A;  52;100113; 3;w;21; 1348;-; 1959;-;   60;-;   65;-; 1272;-; 1198;-;   73;-;    1;-;    2;-;    1;-;   12;-;   47;-;   38;-;   14;-; 1883;-; 1765;-;  115;-;    3;-;    2;-;    5;-;    6;-;   54;-;   37;-;    9;-
4607;5027;05;A;  52;100113; 3;w;22; 1307;s; 1643;s;   48;s;   42;s; 1246;s; 1179;s;   66;s;    1;s;    2;s;    2;s;   11;s;   35;s;   25;s;   11;s; 1588;s; 1505;s;   81;s;    2;s;    2;s;    0;s;    7;s;   35;s;   23;s;   11;s
4607;5027;05;A;  52;100113; 3;w;23;  900;s; 1579;s;   37;s;   37;s;  852;s;  794;s;   57;s;    1;s;    3;s;    1;s;   10;s;   26;s;   21;s;    8;s; 1531;s; 1445;s;   83;s;    3;s;    2;s;    1;s;   11;s;   25;s;   18;s;    9;s
4607;5027;05;A;  52;100113; 3;w;24;  434;-;  630;-;   27;-;   46;-;  405;-;  381;-;   23;-;    1;-;    0;-;    0;-;    6;-;   21;-;   16;-;    2;-;  581;-;  534;-;   47;-;    0;-;    0;-;    1;-;    4;-;   41;-;   29;-;    3;-
4607;5027;05;A;  52;100114; 4;w;01;  247;-;  353;-;   36;-;   34;-;  208;-;  181;-;   27;-;    0;-;    0;-;    0;-;    8;-;   28;-;   23;-;    3;-;  315;-;  281;-;   34;-;    0;-;    0;-;    2;-;    7;-;   25;-;   17;-;    4;-
4607;5027;05;A;  52;100114; 4;w;02;  142;-;  175;-;   38;-;   37;-;  102;-;   94;-;    8;-;    0;-;    0;-;    1;-;   10;-;   27;-;   17;-;    2;-;  136;-;  121;-;   15;-;    0;-;    1;-;    0;-;    8;-;   29;-;   19;-;    1;-
4607;5027;05;A;  52;100114; 4;w;03;  145;-;  162;-;   41;-;   29;-;  104;-;   92;-;   12;-;    0;-;    0;-;    0;-;   12;-;   29;-;   18;-;    0;-;  133;-;  111;-;   22;-;    0;-;    0;-;    0;-;   11;-;   18;-;   12;-;    0;-
4607;5027;05;A;  52;100114; 4;w;04;  280;-;  150;-;   52;-;   48;-;  228;-;  211;-;   15;-;    2;-;    0;-;    1;-;   16;-;   35;-;   16;-;    0;-;  101;-;   85;-;   16;-;    0;-;    0;-;    1;-;   26;-;   21;-;   15;-;    1;-
4607;5027;05;A;  52;100114; 4;w;05;  719;-;  262;-;   85;-;   69;-;  626;-;  601;-;   24;-;    1;-;    4;-;    7;-;   30;-;   48;-;   26;-;    4;-;  191;-;  161;-;   30;-;    0;-;    0;-;    1;-;   31;-;   37;-;   27;-;    2;-
4607;5027;05;A;  52;100114; 4;w;06; 2274;-;  598;-;  157;-;  100;-; 2095;-; 2014;-;   77;-;    4;-;    3;-;    1;-;   56;-;  100;-;   72;-;   19;-;  493;-;  440;-;   53;-;    0;-;    1;-;    1;-;   24;-;   75;-;   57;-;    4;-
4607;5027;05;A;  52;100114; 4;w;07; 5012;-; 1679;-;  191;-;  128;-; 4793;-; 4609;-;  181;-;    3;-;    9;-;    3;-;   79;-;  109;-;   72;-;   19;-; 1538;-; 1427;-;  108;-;    3;-;    3;-;    2;-;   51;-;   75;-;   59;-;   10;-
4607;5027;05;A;  52;100114; 4;w;08; 6258;-; 3264;-;  190;-;  169;-; 6036;-; 5863;-;  169;-;    4;-;    8;-;   14;-;   76;-;  100;-;   74;-;   24;-; 3075;-; 2907;-;  165;-;    3;-;    5;-;    4;-;   82;-;   83;-;   63;-;   15;-
4607;5027;05;A;  52;100114; 4;w;09; 5964;-; 3826;-;  219;-;  205;-; 5688;-; 5553;-;  123;-;   12;-;   11;-;    7;-;  107;-;  105;-;   84;-;   46;-; 3587;-; 3389;-;  195;-;    3;-;   10;-;    5;-;  100;-;  100;-;   68;-;   24;-
4607;5027;05;A;  52;100114; 4;w;10; 4275;-; 2653;-;  224;-;  242;-; 3973;-; 3779;-;  190;-;    4;-;   12;-;    7;-;   81;-;  136;-;  107;-;   66;-; 2397;-; 2215;-;  181;-;    1;-;    6;-;    2;-;  102;-;  138;-;  106;-;    8;-
4607;5027;05;A;  52;100114; 4;w;11; 2751;-; 2267;-;  238;-;  242;-; 2473;-; 2303;-;  169;-;    1;-;    7;-;    8;-;  109;-;  121;-;   95;-;   33;-; 2003;-; 1790;-;  210;-;    3;-;    7;-;   14;-;   90;-;  138;-;  110;-;   15;-
4607;5027;05;A;  52;100114; 4;w;12; 2427;-; 2368;-;  231;-;  227;-; 2181;-; 2017;-;  163;-;    1;-;    8;-;    6;-;   95;-;  130;-;  105;-;    7;-; 2123;-; 1887;-;  236;-;    0;-;    9;-;    2;-;   89;-;  136;-;  101;-;    9;-
4607;5027;05;A;  52;100114; 4;w;13; 2607;-; 2630;-;  200;-;  221;-; 2376;-; 2204;-;  167;-;    5;-;    9;-;    2;-;   79;-;  119;-;   91;-;   22;-; 2393;-; 2182;-;  210;-;    1;-;    7;-;    5;-;   85;-;  131;-;  103;-;    9;-
4607;5027;05;A;  52;100114; 4;w;14; 2722;-; 3213;-;  180;-;  209;-; 2515;-; 2362;-;  148;-;    5;-;    9;-;    6;-;   61;-;  113;-;   91;-;   18;-; 2980;-; 2754;-;  226;-;    0;-;   12;-;    4;-;   80;-;  125;-;   98;-;   12;-
4607;5027;05;A;  52;100114; 4;w;15; 2684;-; 3600;-;  221;-;  192;-; 2438;-; 2284;-;  146;-;    8;-;    8;-;    3;-;   89;-;  129;-;   99;-;   17;-; 3388;-; 3164;-;  221;-;    3;-;   12;-;   10;-;   90;-;   92;-;   69;-;    8;-
4607;5027;05;A;  52;100114; 4;w;16; 2859;-; 4705;-;  171;-;  186;-; 2651;-; 2472;-;  178;-;    1;-;    4;-;    6;-;   70;-;   95;-;   72;-;   33;-; 4487;-; 4241;-;  240;-;    6;-;   12;-;    6;-;   77;-;  103;-;   69;-;   20;-
4607;5027;05;A;  52;100114; 4;w;17; 3158;-; 5549;-;  161;-;  163;-; 2964;-; 2797;-;  164;-;    3;-;    6;-;    9;-;   58;-;   94;-;   72;-;   27;-; 5365;-; 5158;-;  206;-;    1;-;   10;-;   14;-;   56;-;   93;-;   77;-;   11;-
4607;5027;05;A;  52;100114; 4;w;18; 3363;-; 5761;-;  113;-;  120;-; 3213;-; 3087;-;  120;-;    6;-;    6;-;    6;-;   34;-;   73;-;   55;-;   31;-; 5617;-; 5482;-;  133;-;    2;-;   10;-;    6;-;   28;-;   86;-;   65;-;   14;-
4607;5027;05;A;  52;100114; 4;w;19; 3412;-; 5089;-;   74;-;   94;-; 3304;-; 3198;-;  102;-;    4;-;    6;-;    4;-;   13;-;   57;-;   44;-;   28;-; 4974;-; 4835;-;  134;-;    5;-;    6;-;    5;-;   23;-;   66;-;   53;-;   15;-
4607;5027;05;A;  52;100114; 4;w;20; 2247;-; 3487;-;   67;-;   80;-; 2156;-; 2071;-;   83;-;    2;-;    1;-;    3;-;   17;-;   47;-;   41;-;   23;-; 3390;-; 3259;-;  129;-;    2;-;    2;-;    2;-;   23;-;   55;-;   46;-;   15;-
4607;5027;05;A;  52;100114; 4;w;21; 1394;-; 2069;-;   52;-;   64;-; 1336;-; 1265;-;   70;-;    1;-;    0;-;    3;-;   13;-;   36;-;   24;-;    6;-; 1986;-; 1857;-;  128;-;    1;-;    3;-;    8;-;    9;-;   47;-;   27;-;   16;-
4607;5027;05;A;  52;100114; 4;w;22; 1120;-; 1633;-;   56;-;   45;-; 1054;-; 1010;-;   44;-;    0;-;    2;-;    2;-;   10;-;   44;-;   35;-;    8;-; 1574;-; 1506;-;   66;-;    2;-;    2;-;    4;-;    8;-;   33;-;   22;-;   12;-
4607;5027;05;A;  52;100114; 4;w;23;  762;-; 1497;-;   42;-;   44;-;  714;-;  668;-;   45;-;    1;-;    0;-;    2;-;   10;-;   30;-;   23;-;    6;-; 1444;-; 1368;-;   76;-;    0;-;    0;-;    0;-;    8;-;   36;-;   31;-;    9;-
4607;5027;05;A;  52;100114; 4;w;24;  534;-;  848;-;   28;-;   47;-;  500;-;  457;-;   43;-;    0;-;    1;-;    0;-;    5;-;   23;-;   17;-;    5;-;  797;-;  732;-;   64;-;    1;-;    0;-;    1;-;    4;-;   42;-;   27;-;    4;-
4607;5027;05;A;  52;100115; 5;w;01;  250;-;  389;-;   27;-;   36;-;  221;-;  192;-;   28;-;    1;-;    1;-;    2;-;    5;-;   20;-;   12;-;    1;-;  350;-;  313;-;   36;-;    1;-;    0;-;    3;-;    8;-;   25;-;   14;-;    3;-
4607;5027;05;A;  52;100115; 5;w;02;  140;-;  157;-;   36;-;   31;-;  102;-;   88;-;   14;-;    0;-;    0;-;    3;-;   10;-;   23;-;   18;-;    2;-;  124;-;  108;-;   16;-;    0;-;    0;-;    0;-;   13;-;   18;-;   13;-;    2;-
4607;5027;05;A;  52;100115; 5;w;03;  145;-;  129;-;   48;-;   39;-;   96;-;   72;-;   24;-;    0;-;    0;-;    1;-;   15;-;   32;-;   19;-;    1;-;   89;-;   73;-;   16;-;    0;-;    0;-;    0;-;   10;-;   29;-;   20;-;    1;-
4607;5027;05;A;  52;100115; 5;w;04;  305;-;  191;-;   53;-;   50;-;  251;-;  231;-;   20;-;    0;-;    0;-;    0;-;   16;-;   37;-;   23;-;    1;-;  141;-;  116;-;   25;-;    0;-;    0;-;    1;-;   22;-;   27;-;   18;-;    0;-
4607;5027;05;A;  52;100115; 5;w;05;  694;-;  292;-;   98;-;   69;-;  590;-;  565;-;   24;-;    1;-;    1;-;    5;-;   38;-;   55;-;   39;-;    5;-;  221;-;  196;-;   25;-;    0;-;    0;-;    0;-;   32;-;   37;-;   23;-;    2;-
4607;5027;05;A;  52;100115; 5;w;06; 2153;-;  616;-;  162;-;  115;-; 1981;-; 1889;-;   87;-;    5;-;    2;-;    3;-;   67;-;   92;-;   76;-;    8;-;  499;-;  448;-;   51;-;    0;-;    1;-;    1;-;   40;-;   74;-;   54;-;    1;-
4607;5027;05;A;  52;100115; 5;w;07; 4997;-; 1671;-;  203;-;  120;-; 4731;-; 4537;-;  187;-;    7;-;    6;-;    5;-;   78;-;  120;-;   90;-;   57;-; 1538;-; 1423;-;  113;-;    2;-;    5;-;    0;-;   47;-;   73;-;   53;-;    8;-
4607;5027;05;A;  52;100115; 5;w;08; 6377;-; 3190;-;  201;-;  182;-; 6109;-; 5928;-;  177;-;    4;-;   19;-;   10;-;   91;-;  100;-;   78;-;   48;-; 2987;-; 2797;-;  187;-;    3;-;    3;-;    3;-;   78;-;  101;-;   83;-;   18;-
4607;5027;05;A;  52;100115; 5;w;09; 5667;-; 3616;-;  230;-;  201;-; 5373;-; 5190;-;  173;-;   10;-;    8;-;    7;-;   98;-;  125;-;   94;-;   56;-; 3382;-; 3185;-;  194;-;    3;-;    9;-;    8;-;   93;-;  100;-;   69;-;   24;-
4607;5027;05;A;  52;100115; 5;w;10; 3799;-; 2602;-;  245;-;  239;-; 3525;-; 3320;-;  195;-;   10;-;   10;-;   10;-;   89;-;  146;-;  120;-;   19;-; 2332;-; 2104;-;  228;-;    0;-;   12;-;   10;-;  101;-;  128;-;  103;-;   19;-
4607;5027;05;A;  52;100115; 5;w;11; 2733;-; 2297;-;  236;-;  246;-; 2460;-; 2260;-;  196;-;    4;-;   13;-;    5;-;   92;-;  139;-;  106;-;   24;-; 2027;-; 1805;-;  218;-;    4;-;   10;-;    5;-;   91;-;  150;-;  118;-;   14;-
4607;5027;05;A;  52;100115; 5;w;12; 2540;-; 2522;-;  240;-;  237;-; 2260;-; 2082;-;  176;-;    2;-;   18;-;    9;-;   90;-;  141;-;  119;-;   22;-; 2262;-; 2016;-;  246;-;    0;-;   12;-;    6;-;  104;-;  127;-;  106;-;   11;-
4607;5027;05;A;  52;100115; 5;w;13; 2917;-; 3454;-;  230;-;  233;-; 2658;-; 2498;-;  159;-;    1;-;    7;-;    7;-;   84;-;  139;-;  111;-;   22;-; 3197;-; 2929;-;  265;-;    3;-;   12;-;    4;-;   90;-;  139;-;  102;-;   12;-
4607;5027;05;A;  52;100115; 5;w;14; 3163;-; 4304;-;  194;-;  232;-; 2917;-; 2751;-;  164;-;    2;-;   12;-;    3;-;   74;-;  117;-;   91;-;   40;-; 4038;-; 3802;-;  231;-;    5;-;   18;-;    9;-;  102;-;  121;-;  106;-;   16;-
4607;5027;05;A;  52;100115; 5;w;15; 3103;-; 5194;-;  192;-;  194;-; 2867;-; 2696;-;  166;-;    5;-;   14;-;    3;-;   68;-;  121;-;   93;-;   30;-; 4957;-; 4761;-;  191;-;    5;-;   16;-;   12;-;   69;-;  113;-;   85;-;   27;-
4607;5027;05;A;  52;100115; 5;w;16; 3166;-; 5152;-;  171;-;  172;-; 2949;-; 2786;-;  160;-;    3;-;   13;-;    7;-;   63;-;  101;-;   82;-;   33;-; 4955;-; 4739;-;  215;-;    1;-;   10;-;    9;-;   65;-;   98;-;   71;-;   15;-
4607;5027;05;A;  52;100115; 5;w;17; 3523;-; 5429;-;  158;-;  135;-; 3331;-; 3181;-;  146;-;    4;-;   10;-;   10;-;   56;-;   92;-;   69;-;   24;-; 5274;-; 5130;-;  141;-;    3;-;    7;-;    8;-;   43;-;   84;-;   64;-;   13;-
4607;5027;05;A;  52;100115; 5;w;18; 3442;-; 5056;-;  115;-;  118;-; 3298;-; 3169;-;  125;-;    4;-;    8;-;    5;-;   39;-;   71;-;   51;-;   21;-; 4909;-; 4765;-;  140;-;    4;-;   15;-;    4;-;   45;-;   69;-;   55;-;   14;-
4607;5027;05;A;  52;100115; 5;w;19; 3151;-; 4330;-;   73;-;   84;-; 3058;-; 2942;-;  107;-;    9;-;    3;-;    2;-;   21;-;   50;-;   40;-;   17;-; 4214;-; 4077;-;  134;-;    3;-;   15;-;    4;-;   24;-;   56;-;   46;-;   17;-
4607;5027;05;A;  52;100115; 5;w;20; 2271;-; 2984;-;   65;-;   87;-; 2190;-; 2119;-;   70;-;    1;-;    5;-;    4;-;   15;-;   46;-;   40;-;   11;-; 2869;-; 2716;-;  150;-;    3;-;   12;-;    4;-;   28;-;   55;-;   44;-;   16;-
4607;5027;05;A;  52;100115; 5;w;21; 1453;-; 2049;-;   57;-;   73;-; 1385;-; 1318;-;   65;-;    2;-;    0;-;    3;-;    8;-;   46;-;   32;-;   11;-; 1960;-; 1857;-;  102;-;    1;-;    1;-;    5;-;   14;-;   54;-;   27;-;   15;-
4607;5027;05;A;  52;100115; 5;w;22; 1072;-; 1617;-;   36;-;   55;-; 1028;-;  968;-;   58;-;    2;-;    1;-;    3;-;   12;-;   21;-;   15;-;    7;-; 1545;-; 1464;-;   81;-;    0;-;    4;-;    0;-;   10;-;   45;-;   32;-;   13;-
4607;5027;05;A;  52;100115; 5;w;23; 1005;-; 1517;-;   49;-;   48;-;  948;-;  906;-;   40;-;    2;-;    1;-;    4;-;   11;-;   34;-;   24;-;    7;-; 1459;-; 1373;-;   84;-;    2;-;    3;-;    3;-;   13;-;   32;-;   16;-;    7;-
4607;5027;05;A;  52;100115; 5;w;24;  744;-;  965;-;   36;-;   44;-;  701;-;  665;-;   36;-;    0;-;    2;-;    1;-;   13;-;   22;-;   20;-;    5;-;  916;-;  863;-;   52;-;    1;-;    1;-;    1;-;    9;-;   34;-;   23;-;    4;-
4607;5027;05;A;  52;100116; 6;w;01;  525;s;  724;s;   25;s;   31;s;  497;s;  462;s;   34;s;    1;s;    0;s;    2;s;    9;s;   14;s;   10;s;    3;s;  691;s;  652;s;   38;s;    1;s;    0;s;    5;s;    7;s;   19;s;   15;s;    2;s
4607;5027;05;A;  52;100116; 6;w;02;  285;-;  355;-;   25;-;   27;-;  257;-;  224;-;   33;-;    0;-;    1;-;    0;-;    8;-;   17;-;   12;-;    2;-;  324;-;  295;-;   29;-;    0;-;    1;-;    0;-;    3;-;   24;-;   16;-;    3;-
4607;5027;05;A;  52;100116; 6;w;03;  224;-;  220;-;   30;-;   21;-;  193;-;  175;-;   18;-;    0;-;    1;-;    0;-;   12;-;   18;-;   12;-;    0;-;  197;-;  171;-;   26;-;    0;-;    1;-;    0;-;    8;-;   13;-;    8;-;    1;-
4607;5027;05;A;  52;100116; 6;w;04;  312;-;  215;-;   40;-;   28;-;  269;-;  252;-;   17;-;    0;-;    0;-;    1;-;   12;-;   27;-;   13;-;    3;-;  187;-;  160;-;   27;-;    0;-;    0;-;    3;-;   17;-;    8;-;    3;-;    0;-
4607;5027;05;A;  52;100116; 6;w;05;  497;-;  320;-;   30;-;   35;-;  462;-;  425;-;   37;-;    0;-;    2;-;    2;-;   15;-;   13;-;   10;-;    3;-;  284;-;  255;-;   29;-;    0;-;    0;-;    1;-;   25;-;    9;-;    7;-;    1;-
4607;5027;05;A;  52;100116; 6;w;06;  744;-;  408;-;   38;-;   34;-;  688;-;  649;-;   38;-;    1;-;    6;-;    5;-;   17;-;   16;-;   14;-;   12;-;  371;-;  328;-;   43;-;    0;-;    2;-;    1;-;   18;-;   15;-;   11;-;    1;-
4607;5027;05;A;  52;100116; 6;w;07;  727;-;  559;-;   44;-;   30;-;  675;-;  600;-;   72;-;    3;-;    6;-;    4;-;   22;-;   18;-;   15;-;    2;-;  521;-;  465;-;   56;-;    0;-;    7;-;    5;-;   10;-;   15;-;   10;-;    1;-
4607;5027;05;A;  52;100116; 6;w;08; 1059;-;  734;-;   56;-;   47;-;  989;-;  902;-;   87;-;    0;-;   10;-;    3;-;   30;-;   23;-;   19;-;    4;-;  680;-;  601;-;   79;-;    0;-;    3;-;    1;-;   21;-;   25;-;   19;-;    4;-
4607;5027;05;A;  52;100116; 6;w;09; 1537;-; 1102;-;   52;-;   45;-; 1460;-; 1338;-;  118;-;    4;-;    9;-;    5;-;   24;-;   23;-;   19;-;   16;-; 1048;-;  944;-;  103;-;    1;-;    2;-;    2;-;   26;-;   17;-;   15;-;    7;-
4607;5027;05;A;  52;100116; 6;w;10; 2220;-; 1706;-;   58;-;   55;-; 2128;-; 2004;-;  120;-;    4;-;   16;-;    5;-;   33;-;   20;-;   16;-;   18;-; 1631;-; 1521;-;  110;-;    0;-;    7;-;    4;-;   24;-;   27;-;   21;-;   13;-
4607;5027;05;A;  52;100116; 6;w;11; 2384;-; 1904;-;   45;-;   34;-; 2295;-; 2179;-;  112;-;    4;-;   18;-;    1;-;   25;-;   19;-;   17;-;   26;-; 1850;-; 1726;-;  124;-;    0;-;   10;-;    4;-;   15;-;   15;-;   10;-;   10;-
4607;5027;05;A;  52;100116; 6;w;12; 2552;-; 2179;-;   40;-;   48;-; 2469;-; 2349;-;  117;-;    3;-;   14;-;    8;-;   17;-;   15;-;   12;-;   29;-; 2117;-; 1964;-;  152;-;    1;-;    4;-;    4;-;   29;-;   15;-;   11;-;   10;-
4607;5027;05;A;  52;100116; 6;w;13; 2708;-; 2449;-;   41;-;   45;-; 2636;-; 2519;-;  116;-;    1;-;   17;-;    9;-;   20;-;   12;-;   10;-;   14;-; 2376;-; 2245;-;  129;-;    2;-;   18;-;    5;-;   21;-;   19;-;   16;-;   10;-
4607;5027;05;A;  52;100116; 6;w;14; 3067;-; 2789;-;   45;-;   28;-; 2996;-; 2895;-;   96;-;    5;-;   10;-;    4;-;   18;-;   23;-;   22;-;   16;-; 2733;-; 2586;-;  140;-;    7;-;   12;-;    2;-;   15;-;   11;-;   10;-;   16;-
4607;5027;05;A;  52;100116; 6;w;15; 2637;-; 3087;-;   23;-;   46;-; 2583;-; 2472;-;  109;-;    2;-;   10;-;    4;-;   13;-;    6;-;    5;-;   21;-; 3009;-; 2868;-;  133;-;    8;-;   22;-;    5;-;   24;-;   17;-;   13;-;   10;-
4607;5027;05;A;  52;100116; 6;w;16; 2352;-; 2724;-;   29;-;   29;-; 2288;-; 2174;-;  111;-;    3;-;   15;-;    4;-;   13;-;   12;-;   10;-;   20;-; 2665;-; 2522;-;  140;-;    3;-;   13;-;    5;-;   14;-;   10;-;    8;-;   17;-
4607;5027;05;A;  52;100116; 6;w;17; 2053;-; 2549;-;   16;-;   33;-; 2017;-; 1906;-;  105;-;    6;-;    6;-;    4;-;   10;-;    2;-;    2;-;   14;-; 2484;-; 2327;-;  154;-;    3;-;   15;-;    3;-;   17;-;   13;-;   11;-;   17;-
4607;5027;05;A;  52;100116; 6;w;18; 2093;-; 2657;-;   17;-;   28;-; 2047;-; 1964;-;   80;-;    3;-;    3;-;    5;-;    9;-;    3;-;    2;-;   26;-; 2609;-; 2489;-;  118;-;    2;-;   10;-;    5;-;   18;-;    5;-;    3;-;   10;-
4607;5027;05;A;  52;100116; 6;w;19; 2201;-; 2859;-;   15;-;   33;-; 2163;-; 2074;-;   86;-;    3;-;    7;-;    2;-;    6;-;    7;-;    5;-;   16;-; 2808;-; 2693;-;  113;-;    2;-;    7;-;   15;-;   11;-;    7;-;    5;-;   11;-
4607;5027;05;A;  52;100116; 6;w;20; 1713;-; 2074;-;   14;-;   21;-; 1682;-; 1621;-;   58;-;    3;-;    3;-;    3;-;    9;-;    2;-;    2;-;   14;-; 2031;-; 1915;-;  115;-;    1;-;   13;-;   10;-;    5;-;    6;-;    3;-;    9;-
4607;5027;05;A;  52;100116; 6;w;21; 1242;-; 1406;-;   15;-;    8;-; 1217;-; 1174;-;   40;-;    3;-;    5;-;    3;-;    9;-;    3;-;    2;-;    5;-; 1386;-; 1337;-;   49;-;    0;-;    7;-;    3;-;    5;-;    0;-;    0;-;    5;-
4607;5027;05;A;  52;100116; 6;w;22;  981;-;  918;-;   14;-;    6;-;  962;-;  938;-;   23;-;    1;-;    1;-;    4;-;    4;-;    6;-;    5;-;    4;-;  907;-;  883;-;   23;-;    1;-;    1;-;    1;-;    3;-;    2;-;    1;-;    4;-
4607;5027;05;A;  52;100116; 6;w;23;  870;-; 1061;-;    7;-;   10;-;  858;-;  833;-;   24;-;    1;-;    1;-;    0;-;    4;-;    3;-;    3;-;    4;-; 1046;-; 1013;-;   32;-;    1;-;    0;-;    4;-;    2;-;    4;-;    4;-;    5;-
4607;5027;05;A;  52;100116; 6;w;24;  849;-;  915;-;   10;-;    9;-;  827;-;  805;-;   22;-;    0;-;    3;-;    5;-;    4;-;    1;-;    0;-;    9;-;  904;-;  877;-;   25;-;    2;-;    0;-;    3;-;    5;-;    1;-;    1;-;    2;-
4607;5027;05;A;  52;100117; 7;s;01;  650;-;  653;-;    7;-;   10;-;  639;-;  611;-;   28;-;    0;-;    2;-;    3;-;    2;-;    2;-;    1;-;    2;-;  638;-;  610;-;   28;-;    0;-;    0;-;    4;-;    4;-;    2;-;    0;-;    5;-
4607;5027;05;A;  52;100117; 7;s;02;  462;-;  502;-;    8;-;    5;-;  451;-;  431;-;   20;-;    0;-;    0;-;    2;-;    4;-;    2;-;    2;-;    3;-;  496;-;  475;-;   21;-;    0;-;    0;-;    3;-;    2;-;    0;-;    0;-;    1;-
4607;5027;05;A;  52;100117; 7;s;03;  334;-;  289;-;   13;-;    4;-;  320;-;  304;-;   15;-;    1;-;    0;-;    3;-;    7;-;    3;-;    3;-;    1;-;  283;-;  270;-;   13;-;    0;-;    1;-;    2;-;    1;-;    1;-;    1;-;    1;-
4607;5027;05;A;  52;100117; 7;s;04;  383;-;  273;-;    6;-;    8;-;  372;-;  357;-;   15;-;    0;-;    0;-;    2;-;    4;-;    0;-;    0;-;    5;-;  265;-;  249;-;   16;-;    0;-;    0;-;    2;-;    4;-;    2;-;    2;-;    0;-
4607;5027;05;A;  52;100117; 7;s;05;  445;-;  326;-;    5;-;    4;-;  439;-;  405;-;   34;-;    0;-;    0;-;    5;-;    0;-;    0;-;    0;-;    1;-;  320;-;  287;-;   33;-;    0;-;    0;-;    1;-;    3;-;    0;-;    0;-;    2;-
4607;5027;05;A;  52;100117; 7;s;06;  523;-;  353;-;    7;-;    9;-;  507;-;  489;-;   17;-;    1;-;    3;-;    2;-;    3;-;    2;-;    0;-;    6;-;  339;-;  323;-;   16;-;    0;-;    4;-;    4;-;    3;-;    2;-;    2;-;    1;-
4607;5027;05;A;  52;100117; 7;s;07;  361;-;  350;-;   11;-;    7;-;  343;-;  324;-;   19;-;    0;-;    6;-;    1;-;    6;-;    4;-;    4;-;    1;-;  342;-;  327;-;   13;-;    2;-;    0;-;    3;-;    2;-;    2;-;    2;-;    1;-
4607;5027;05;A;  52;100117; 7;s;08;  442;-;  371;-;   13;-;    8;-;  420;-;  378;-;   42;-;    0;-;    6;-;    1;-;   11;-;    1;-;    0;-;    3;-;  361;-;  336;-;   25;-;    0;-;    1;-;    3;-;    4;-;    1;-;    1;-;    1;-
4607;5027;05;A;  52;100117; 7;s;09;  716;-;  465;-;    8;-;   15;-;  700;-;  640;-;   58;-;    2;-;    3;-;    2;-;    1;-;    5;-;    5;-;    5;-;  449;-;  410;-;   39;-;    0;-;    0;-;    1;-;   12;-;    2;-;    2;-;    1;-
4607;5027;05;A;  52;100117; 7;s;10; 1134;-;  809;-;   22;-;    9;-; 1099;-; 1021;-;   78;-;    0;-;    2;-;    8;-;    5;-;    9;-;    7;-;   11;-;  793;-;  732;-;   60;-;    1;-;    2;-;    4;-;    2;-;    3;-;    2;-;    5;-
4607;5027;05;A;  52;100117; 7;s;11; 1400;-; 1251;-;   15;-;   16;-; 1373;-; 1323;-;   48;-;    2;-;    1;-;    1;-;    6;-;    8;-;    7;-;   11;-; 1232;-; 1146;-;   86;-;    0;-;    1;-;    3;-;    9;-;    4;-;    4;-;    2;-
4607;5027;05;A;  52;100117; 7;s;12; 1431;-; 1458;-;   12;-;   17;-; 1406;-; 1344;-;   58;-;    4;-;    2;-;    2;-;    5;-;    5;-;    4;-;   11;-; 1433;-; 1365;-;   66;-;    2;-;    3;-;    3;-;    6;-;    8;-;    8;-;    5;-
4607;5027;05;A;  52;100117; 7;s;13; 1707;-; 1826;-;   13;-;   15;-; 1669;-; 1582;-;   83;-;    4;-;    7;-;    1;-;    8;-;    4;-;    4;-;   18;-; 1798;-; 1711;-;   84;-;    3;-;    4;-;    3;-;    7;-;    5;-;    5;-;    9;-
4607;5027;05;A;  52;100117; 7;s;14; 1932;-; 2086;-;    7;-;   12;-; 1910;-; 1834;-;   73;-;    3;-;    6;-;    2;-;    0;-;    5;-;    4;-;    9;-; 2060;-; 1952;-;  106;-;    2;-;    4;-;    1;-;    7;-;    4;-;    1;-;   10;-
4607;5027;05;A;  52;100117; 7;s;15; 2054;-; 2396;-;   15;-;   16;-; 2010;-; 1925;-;   85;-;    0;-;   13;-;    2;-;   11;-;    2;-;    1;-;   16;-; 2365;-; 2271;-;   93;-;    1;-;    4;-;    2;-;   10;-;    4;-;    2;-;   11;-
4607;5027;05;A;  52;100117; 7;s;16; 2116;-; 1984;-;   15;-;   18;-; 2081;-; 1974;-;  104;-;    3;-;    5;-;    2;-;    7;-;    6;-;    6;-;   15;-; 1951;-; 1861;-;   87;-;    3;-;    6;-;    3;-;    7;-;    8;-;    6;-;    9;-
4607;5027;05;A;  52;100117; 7;s;17; 1875;-; 1990;-;   12;-;   15;-; 1840;-; 1747;-;   91;-;    2;-;    6;-;    0;-;    5;-;    7;-;    7;-;   17;-; 1960;-; 1869;-;   91;-;    0;-;    8;-;    2;-;    5;-;    8;-;    7;-;    7;-
4607;5027;05;A;  52;100117; 7;s;18; 2211;-; 2063;-;   16;-;   14;-; 2174;-; 2068;-;  105;-;    1;-;    6;-;    0;-;   13;-;    3;-;    3;-;   15;-; 2031;-; 1933;-;   94;-;    4;-;    8;-;    1;-;   10;-;    3;-;    3;-;   10;-
4607;5027;05;A;  52;100117; 7;s;19; 2119;-; 2076;-;   20;-;   24;-; 2085;-; 2028;-;   56;-;    1;-;    3;-;    2;-;    5;-;   13;-;   12;-;   11;-; 2031;-; 1940;-;   89;-;    2;-;    7;-;    2;-;   13;-;    9;-;    7;-;   14;-
4607;5027;05;A;  52;100117; 7;s;20; 1794;-; 1549;-;   22;-;   16;-; 1749;-; 1686;-;   61;-;    2;-;    6;-;    2;-;    5;-;   15;-;   10;-;   17;-; 1521;-; 1428;-;   93;-;    0;-;    3;-;    5;-;    3;-;    8;-;    8;-;    9;-
4607;5027;05;A;  52;100117; 7;s;21; 1317;-; 1284;-;   20;-;   14;-; 1288;-; 1216;-;   70;-;    2;-;    3;-;    3;-;    7;-;   10;-;    7;-;    6;-; 1258;-; 1188;-;   68;-;    2;-;    9;-;    3;-;    5;-;    6;-;    5;-;    3;-
4607;5027;05;A;  52;100117; 7;s;22; 1163;-;  871;-;   23;-;   17;-; 1134;-; 1089;-;   45;-;    0;-;    2;-;    2;-;    8;-;   13;-;   12;-;    4;-;  849;-;  811;-;   38;-;    0;-;    1;-;    4;-;    4;-;    9;-;    9;-;    4;-
4607;5027;05;A;  52;100117; 7;s;23;  800;-;  901;-;   33;-;   24;-;  763;-;  725;-;   37;-;    1;-;    1;-;    3;-;    5;-;   25;-;   20;-;    3;-;  869;-;  825;-;   43;-;    1;-;    3;-;    0;-;    6;-;   18;-;   14;-;    5;-
4607;5027;05;A;  52;100117; 7;s;24;  457;-;  668;-;   22;-;   29;-;  428;-;  405;-;   23;-;    0;-;    1;-;    0;-;    8;-;   14;-;   10;-;    6;-;  635;-;  603;-;   31;-;    1;-;    1;-;    1;-;    6;-;   22;-;   19;-;    3;-
4607;5027;05;A;  52;100118; 1;w;01;  231;-;  272;-;   20;-;   32;-;  209;-;  188;-;   20;-;    1;-;    1;-;    0;-;    8;-;   12;-;    7;-;    1;-;  239;-;  226;-;   12;-;    1;-;    0;-;    3;-;    6;-;   23;-;   18;-;    1;-
4607;5027;05;A;  52;100118; 1;w;02;  147;-;  112;-;   39;-;   24;-;  107;-;   97;-;    9;-;    1;-;    0;-;    0;-;   10;-;   29;-;   19;-;    1;-;   88;-;   69;-;   19;-;    0;-;    0;-;    0;-;    2;-;   22;-;   15;-;    0;-
4607;5027;05;A;  52;100118; 1;w;03;  140;-;   87;-;   30;-;   20;-;  110;-;   98;-;   12;-;    0;-;    0;-;    0;-;    8;-;   22;-;   19;-;    0;-;   67;-;   57;-;   10;-;    0;-;    0;-;    0;-;    9;-;   11;-;    9;-;    0;-
4607;5027;05;A;  52;100118; 1;w;04;  259;-;  130;-;   42;-;   45;-;  215;-;  201;-;   14;-;    0;-;    2;-;    1;-;    7;-;   34;-;   24;-;    0;-;   84;-;   63;-;   21;-;    0;-;    0;-;    0;-;   21;-;   24;-;   20;-;    1;-
4607;5027;05;A;  52;100118; 1;w;05;  818;-;  277;-;   79;-;   69;-;  731;-;  689;-;   42;-;    0;-;    1;-;    7;-;   35;-;   37;-;   30;-;    7;-;  207;-;  183;-;   24;-;    0;-;    0;-;    2;-;   25;-;   42;-;   32;-;    1;-
4607;5027;05;A;  52;100118; 1;w;06; 2694;-;  834;-;  177;-;   95;-; 2502;-; 2405;-;   93;-;    4;-;    2;-;    3;-;   70;-;  104;-;   87;-;   13;-;  733;-;  677;-;   56;-;    0;-;    3;-;    1;-;   32;-;   62;-;   50;-;    3;-
4607;5027;05;A;  52;100118; 1;w;07; 5351;-; 1951;-;  210;-;  137;-; 5089;-; 4892;-;  192;-;    5;-;    5;-;    6;-;   71;-;  133;-;  102;-;   47;-; 1799;-; 1683;-;  114;-;    2;-;    5;-;    1;-;   53;-;   83;-;   67;-;   10;-
4607;5027;05;A;  52;100118; 1;w;08; 6151;-; 3537;-;  227;-;  194;-; 5876;-; 5705;-;  166;-;    5;-;   19;-;    8;-;   97;-;  122;-;   99;-;   29;-; 3323;-; 3155;-;  162;-;    6;-;    5;-;    4;-;   83;-;  107;-;   84;-;   15;-
4607;5027;05;A;  52;100118; 1;w;09; 6098;-; 3733;-;  224;-;  222;-; 5830;-; 5667;-;  162;-;    1;-;   24;-;    2;-;  102;-;  120;-;   89;-;   20;-; 3479;-; 3308;-;  168;-;    3;-;   12;-;    1;-;   93;-;  128;-;   96;-;   20;-
4607;5027;05;A;  52;100118; 1;w;10; 5282;-; 2765;-;  331;-;  235;-; 4907;-; 4680;-;  219;-;    8;-;   18;-;    2;-;  146;-;  183;-;  142;-;   26;-; 2508;-; 2296;-;  209;-;    3;-;    6;-;    4;-;  103;-;  128;-;   99;-;   16;-
4607;5027;05;A;  52;100118; 1;w;11; 3212;-; 2334;-;  295;-;  242;-; 2853;-; 2633;-;  218;-;    2;-;   22;-;    9;-;  129;-;  157;-;  127;-;   42;-; 2071;-; 1879;-;  190;-;    2;-;    7;-;   10;-;  111;-;  121;-;  103;-;   14;-
4607;5027;05;A;  52;100118; 1;w;12; 2786;-; 2258;-;  266;-;  243;-; 2482;-; 2283;-;  198;-;    1;-;   16;-;    6;-;  109;-;  151;-;  128;-;   22;-; 1997;-; 1766;-;  230;-;    1;-;   12;-;    3;-;   96;-;  144;-;  119;-;    6;-
4607;5027;05;A;  52;100118; 1;w;13; 2743;-; 2689;-;  234;-;  224;-; 2476;-; 2295;-;  179;-;    2;-;   15;-;    4;-;   85;-;  145;-;  118;-;   18;-; 2437;-; 2211;-;  225;-;    1;-;   12;-;    7;-;   96;-;  121;-;   97;-;   16;-
4607;5027;05;A;  52;100118; 1;w;14; 2727;-; 3079;-;  229;-;  221;-; 2466;-; 2285;-;  176;-;    5;-;    9;-;    1;-;   95;-;  133;-;  103;-;   23;-; 2829;-; 2569;-;  257;-;    3;-;    8;-;    4;-;   99;-;  118;-;   97;-;   21;-
4607;5027;05;A;  52;100118; 1;w;15; 2516;-; 3660;-;  208;-;  237;-; 2271;-; 2097;-;  170;-;    4;-;    9;-;    1;-;   71;-;  136;-;  106;-;   28;-; 3400;-; 3162;-;  235;-;    3;-;    3;-;    3;-;   95;-;  139;-;  101;-;   20;-
4607;5027;05;A;  52;100118; 1;w;16; 2689;-; 4485;-;  177;-;  211;-; 2479;-; 2278;-;  198;-;    3;-;   14;-;    2;-;   67;-;  108;-;   83;-;   19;-; 4238;-; 3949;-;  284;-;    5;-;   13;-;    2;-;   86;-;  123;-;   90;-;   23;-
4607;5027;05;A;  52;100118; 1;w;17; 3163;-; 5473;-;  140;-;  173;-; 2986;-; 2833;-;  146;-;    7;-;    8;-;    3;-;   50;-;   87;-;   72;-;   29;-; 5268;-; 5033;-;  228;-;    7;-;   19;-;    7;-;   52;-;  114;-;   94;-;   13;-
4607;5027;05;A;  52;100118; 1;w;18; 3260;-; 5880;-;  114;-;  149;-; 3102;-; 2977;-;  121;-;    4;-;   12;-;    2;-;   34;-;   78;-;   67;-;   32;-; 5704;-; 5529;-;  173;-;    2;-;   13;-;    3;-;   50;-;   96;-;   77;-;   14;-
4607;5027;05;A;  52;100118; 1;w;19; 3048;-; 5156;-;  103;-;   96;-; 2903;-; 2805;-;   93;-;    5;-;    3;-;    3;-;   28;-;   72;-;   54;-;   39;-; 5033;-; 4903;-;  127;-;    3;-;   10;-;    3;-;   22;-;   71;-;   61;-;   17;-
4607;5027;05;A;  52;100118; 1;w;20; 2095;-; 3135;-;   65;-;   68;-; 2004;-; 1923;-;   75;-;    6;-;    2;-;    1;-;   18;-;   46;-;   37;-;   24;-; 3039;-; 2900;-;  131;-;    8;-;    6;-;    2;-;   12;-;   54;-;   39;-;   22;-
4607;5027;05;A;  52;100118; 1;w;21; 1389;-; 2031;-;   56;-;   71;-; 1320;-; 1230;-;   89;-;    1;-;    2;-;    3;-;   13;-;   40;-;   31;-;   11;-; 1945;-; 1857;-;   86;-;    2;-;    4;-;    4;-;    7;-;   60;-;   38;-;   11;-
4607;5027;05;A;  52;100118; 1;w;22; 1178;-; 1451;-;   52;-;   61;-; 1112;-; 1055;-;   56;-;    1;-;    2;-;    1;-;   13;-;   38;-;   30;-;   12;-; 1376;-; 1299;-;   75;-;    2;-;    3;-;    0;-;   10;-;   51;-;   28;-;   11;-
4607;5027;05;A;  52;100118; 1;w;23;  666;-; 1240;-;   47;-;   37;-;  611;-;  562;-;   49;-;    0;-;    1;-;    1;-;   10;-;   36;-;   27;-;    7;-; 1196;-; 1107;-;   87;-;    2;-;    1;-;    1;-;    5;-;   31;-;   24;-;    6;-
4607;5027;05;A;  52;100118; 1;w;24;  383;-;  664;-;   33;-;   52;-;  344;-;  312;-;   32;-;    0;-;    0;-;    0;-;    4;-;   29;-;   20;-;    6;-;  607;-;  547;-;   59;-;    1;-;    1;-;    1;-;    8;-;   43;-;   28;-;    4;-
4607;5027;05;A;  52;100119; 2;w;01;  242;-;  268;-;   38;-;   47;-;  202;-;  181;-;   20;-;    1;-;    0;-;    1;-;   11;-;   26;-;   18;-;    2;-;  220;-;  199;-;   21;-;    0;-;    0;-;    2;-;    8;-;   37;-;   24;-;    1;-
4607;5027;05;A;  52;100119; 2;w;02;  132;-;  155;-;   42;-;   29;-;   88;-;   75;-;   12;-;    1;-;    0;-;    0;-;   11;-;   31;-;   21;-;    2;-;  126;-;  104;-;   22;-;    0;-;    0;-;    0;-;    6;-;   23;-;   18;-;    0;-
4607;5027;05;A;  52;100119; 2;w;03;  127;-;  114;-;   48;-;   41;-;   77;-;   67;-;   10;-;    0;-;    0;-;    0;-;   14;-;   34;-;   27;-;    2;-;   73;-;   55;-;   18;-;    0;-;    0;-;    1;-;   12;-;   28;-;   18;-;    0;-
4607;5027;05;A;  52;100119; 2;w;04;  307;-;  170;-;   56;-;   51;-;  248;-;  220;-;   28;-;    0;-;    1;-;    0;-;   22;-;   34;-;   22;-;    2;-;  118;-;   99;-;   19;-;    0;-;    0;-;    0;-;   21;-;   30;-;   23;-;    1;-
4607;5027;05;A;  52;100119; 2;w;05;  777;-;  247;-;   92;-;   71;-;  680;-;  649;-;   31;-;    0;-;    0;-;    4;-;   33;-;   55;-;   36;-;    5;-;  175;-;  150;-;   25;-;    0;-;    0;-;    0;-;   33;-;   38;-;   22;-;    1;-
4607;5027;05;A;  52;100119; 2;w;06; 2460;-;  637;-;  156;-;  108;-; 2282;-; 2199;-;   77;-;    6;-;    2;-;    4;-;   67;-;   85;-;   71;-;   20;-;  527;-;  483;-;   43;-;    1;-;    1;-;    2;-;   38;-;   68;-;   59;-;    1;-
4607;5027;05;A;  52;100119; 2;w;07; 5099;-; 1831;-;  194;-;  148;-; 4852;-; 4632;-;  210;-;   10;-;   15;-;    2;-;   80;-;  112;-;   88;-;   38;-; 1668;-; 1560;-;  107;-;    1;-;    5;-;    1;-;   61;-;   86;-;   64;-;   10;-
4607;5027;05;A;  52;100119; 2;w;08; 6189;-; 3457;-;  188;-;  154;-; 5933;-; 5751;-;  175;-;    7;-;   22;-;    6;-;   82;-;  100;-;   76;-;   46;-; 3280;-; 3100;-;  178;-;    2;-;    6;-;    2;-;   67;-;   85;-;   65;-;   17;-
4607;5027;05;A;  52;100119; 2;w;09; 5981;-; 3741;-;  232;-;  202;-; 5698;-; 5565;-;  125;-;    8;-;   20;-;    6;-;  110;-;  116;-;   87;-;   31;-; 3513;-; 3324;-;  188;-;    1;-;    9;-;    3;-;  103;-;   96;-;   79;-;   17;-
4607;5027;05;A;  52;100119; 2;w;10; 4938;-; 2644;-;  249;-;  239;-; 4605;-; 4396;-;  207;-;    2;-;   32;-;    7;-;  110;-;  132;-;  102;-;   52;-; 2383;-; 2178;-;  205;-;    0;-;    7;-;    2;-;   95;-;  142;-;   97;-;   15;-
4607;5027;05;A;  52;100119; 2;w;11; 3015;-; 2174;-;  272;-;  227;-; 2710;-; 2537;-;  171;-;    2;-;   10;-;    6;-;  101;-;  165;-;  129;-;   23;-; 1927;-; 1727;-;  198;-;    2;-;    9;-;    3;-;   94;-;  130;-;   97;-;   11;-
4607;5027;05;A;  52;100119; 2;w;12; 2611;-; 2428;-;  256;-;  248;-; 2312;-; 2121;-;  187;-;    4;-;   15;-;    3;-;  102;-;  151;-;  116;-;   28;-; 2161;-; 1938;-;  220;-;    3;-;   10;-;    2;-;   95;-;  151;-;  124;-;    9;-
4607;5027;05;A;  52;100119; 2;w;13; 2858;-; 2688;-;  249;-;  217;-; 2573;-; 2402;-;  164;-;    7;-;   10;-;    1;-;  100;-;  148;-;  118;-;   26;-; 2441;-; 2221;-;  213;-;    7;-;   12;-;    2;-;   89;-;  126;-;  103;-;   18;-
4607;5027;05;A;  52;100119; 2;w;14; 2839;-; 3251;-;  203;-;  250;-; 2607;-; 2424;-;  174;-;    9;-;   13;-;    4;-;   68;-;  131;-;  104;-;   16;-; 2976;-; 2740;-;  228;-;    8;-;   12;-;    3;-;   98;-;  149;-;  110;-;   13;-
4607;5027;05;A;  52;100119; 2;w;15; 2614;-; 3828;-;  217;-;  214;-; 2372;-; 2197;-;  166;-;    9;-;   10;-;    2;-;   75;-;  140;-;  109;-;   15;-; 3581;-; 3319;-;  260;-;    2;-;   16;-;    5;-;   90;-;  119;-;   91;-;   17;-
4607;5027;05;A;  52;100119; 2;w;16; 2769;-; 4765;-;  163;-;  201;-; 2574;-; 2399;-;  170;-;    5;-;   14;-;    2;-;   64;-;   97;-;   80;-;   18;-; 4528;-; 4233;-;  289;-;    6;-;   15;-;    3;-;   84;-;  114;-;   88;-;   21;-
4607;5027;05;A;  52;100119; 2;w;17; 3244;-; 5684;-;  148;-;  194;-; 3067;-; 2903;-;  162;-;    2;-;   11;-;    0;-;   54;-;   94;-;   77;-;   18;-; 5449;-; 5198;-;  250;-;    1;-;   23;-;   11;-;   68;-;  115;-;   94;-;   18;-
4607;5027;05;A;  52;100119; 2;w;18; 3427;-; 5863;-;  111;-;  139;-; 3270;-; 3138;-;  126;-;    6;-;   11;-;    1;-;   35;-;   75;-;   59;-;   35;-; 5704;-; 5557;-;  141;-;    6;-;    9;-;    3;-;   48;-;   88;-;   69;-;   11;-
4607;5027;05;A;  52;100119; 2;w;19; 3379;-; 5120;-;   89;-;   99;-; 3255;-; 3144;-;  107;-;    4;-;    6;-;    3;-;   13;-;   73;-;   53;-;   29;-; 5000;-; 4856;-;  141;-;    3;-;   10;-;    0;-;   22;-;   77;-;   63;-;   11;-
4607;5027;05;A;  52;100119; 2;w;20; 2128;-; 3274;-;   63;-;   71;-; 2039;-; 1949;-;   87;-;    3;-;    4;-;    3;-;   16;-;   44;-;   40;-;   22;-; 3184;-; 3048;-;  133;-;    3;-;    4;-;    2;-;   15;-;   54;-;   34;-;   15;-
4607;5027;05;A;  52;100119; 2;w;21; 1468;-; 2042;-;   55;-;   59;-; 1402;-; 1328;-;   71;-;    3;-;    1;-;    2;-;   10;-;   43;-;   30;-;   10;-; 1972;-; 1860;-;  109;-;    3;-;    2;-;    5;-;   12;-;   42;-;   29;-;    9;-
4607;5027;05;A;  52;100119; 2;w;22; 1236;-; 1642;-;   44;-;   56;-; 1183;-; 1112;-;   68;-;    3;-;    4;-;    3;-;   11;-;   30;-;   23;-;    5;-; 1574;-; 1479;-;   94;-;    1;-;    3;-;    0;-;    8;-;   48;-;   32;-;    9;-
4607;5027;05;A;  52;100119; 2;w;23;  700;-; 1612;-;   35;-;   48;-;  659;-;  620;-;   38;-;    1;-;    0;-;    2;-;    6;-;   27;-;   20;-;    6;-; 1552;-; 1460;-;   89;-;    3;-;    1;-;    1;-;   12;-;   35;-;   31;-;   11;-
4607;5027;05;A;  52;100119; 2;w;24;  420;-;  718;-;   42;-;   44;-;  375;-;  352;-;   23;-;    0;-;    0;-;    0;-;   13;-;   29;-;   22;-;    3;-;  669;-;  628;-;   39;-;    2;-;    0;-;    1;-;    7;-;   36;-;   22;-;    5;-
4607;5027;05;A;  52;100120; 3;w;01;  241;-;  340;-;   34;-;   41;-;  202;-;  170;-;   29;-;    3;-;    0;-;    0;-;    5;-;   29;-;   21;-;    5;-;  297;-;  268;-;   26;-;    3;-;    1;-;    3;-;    6;-;   32;-;   20;-;    1;-
4607;5027;05;A;  52;100120; 3;w;02;  133;-;  197;-;   38;-;   37;-;   95;-;   85;-;   10;-;    0;-;    0;-;    1;-;   10;-;   27;-;   20;-;    0;-;  160;-;  122;-;   37;-;    1;-;    0;-;    0;-;    7;-;   30;-;   21;-;    0;-
4607;5027;05;A;  52;100120; 3;w;03;  136;-;  134;-;   47;-;   42;-;   88;-;   65;-;   23;-;    0;-;    0;-;    0;-;   13;-;   34;-;   21;-;    1;-;   91;-;   73;-;   18;-;    0;-;    1;-;    0;-;   16;-;   26;-;   18;-;    0;-
4607;5027;05;A;  52;100120; 3;w;04;  302;-;  175;-;   62;-;   54;-;  237;-;  211;-;   26;-;    0;-;    0;-;    0;-;   21;-;   41;-;   27;-;    3;-;  120;-;   96;-;   24;-;    0;-;    1;-;    0;-;   23;-;   31;-;   18;-;    0;-
4607;5027;05;A;  52;100120; 3;w;05;  788;-;  262;-;  108;-;   66;-;  671;-;  636;-;   33;-;    2;-;    1;-;    3;-;   45;-;   60;-;   41;-;    8;-;  196;-;  167;-;   29;-;    0;-;    0;-;    0;-;   32;-;   34;-;   23;-;    0;-
4607;5027;05;A;  52;100120; 3;w;06; 2376;-;  700;-;  167;-;  102;-; 2174;-; 2087;-;   81;-;    6;-;    0;-;    3;-;   72;-;   92;-;   73;-;   35;-;  593;-;  548;-;   43;-;    2;-;    3;-;    0;-;   29;-;   73;-;   56;-;    2;-
4607;5027;05;A;  52;100120; 3;w;07; 5098;-; 1795;-;  222;-;  159;-; 4828;-; 4629;-;  191;-;    8;-;   10;-;    4;-;   96;-;  122;-;   86;-;   38;-; 1622;-; 1494;-;  121;-;    7;-;    5;-;    1;-;   64;-;   94;-;   69;-;    9;-
4607;5027;05;A;  52;100120; 3;w;08; 6165;-; 3433;-;  188;-;  187;-; 5922;-; 5696;-;  218;-;    8;-;   18;-;    9;-;   73;-;  106;-;   78;-;   37;-; 3221;-; 3060;-;  157;-;    4;-;   11;-;    3;-;   91;-;   93;-;   68;-;   14;-
4607;5027;05;A;  52;100120; 3;w;09; 6069;-; 3699;-;  210;-;  188;-; 5783;-; 5612;-;  164;-;    7;-;   17;-;    5;-;   95;-;  110;-;   82;-;   59;-; 3492;-; 3284;-;  202;-;    6;-;    5;-;    2;-;   98;-;   88;-;   68;-;   14;-
4607;5027;05;A;  52;100120; 3;w;10; 4812;-; 2657;-;  294;-;  256;-; 4426;-; 4233;-;  185;-;    8;-;   20;-;   10;-;  108;-;  176;-;  139;-;   72;-; 2378;-; 2173;-;  200;-;    5;-;   11;-;    3;-;  108;-;  145;-;  109;-;   12;-
4607;5027;05;A;  52;100120; 3;w;11; 3654;-; 2215;-;  292;-;  259;-; 3289;-; 3051;-;  232;-;    6;-;   22;-;    9;-;   92;-;  191;-;  156;-;   51;-; 1942;-; 1727;-;  213;-;    2;-;    6;-;    4;-;  107;-;  148;-;  119;-;    8;-
4607;5027;05;A;  52;100120; 3;w;12; 2762;-; 2474;-;  262;-;  282;-; 2467;-; 2280;-;  184;-;    3;-;   15;-;    3;-;  101;-;  158;-;  126;-;   18;-; 2170;-; 1960;-;  206;-;    4;-;   14;-;    3;-;  120;-;  159;-;  129;-;    8;-
4607;5027;05;A;  52;100120; 3;w;13; 2905;-; 2736;-;  231;-;  224;-; 2651;-; 2456;-;  190;-;    5;-;    9;-;    2;-;   78;-;  151;-;  114;-;   14;-; 2489;-; 2242;-;  242;-;    5;-;   14;-;    1;-;   94;-;  129;-;  102;-;    9;-
4607;5027;05;A;  52;100120; 3;w;14; 3023;-; 3335;-;  211;-;  205;-; 2785;-; 2621;-;  158;-;    6;-;   18;-;    4;-;   80;-;  127;-;   98;-;    9;-; 3112;-; 2921;-;  188;-;    3;-;   12;-;    5;-;   78;-;  122;-;  100;-;    6;-
4607;5027;05;A;  52;100120; 3;w;15; 2773;-; 4019;-;  205;-;  206;-; 2538;-; 2357;-;  178;-;    3;-;   15;-;    2;-;   83;-;  120;-;  100;-;   15;-; 3785;-; 3535;-;  244;-;    6;-;   17;-;    2;-;   92;-;  112;-;   83;-;   11;-
4607;5027;05;A;  52;100120; 3;w;16; 2613;-; 4790;-;  164;-;  209;-; 2416;-; 2250;-;  160;-;    6;-;   19;-;    4;-;   69;-;   91;-;   73;-;   14;-; 4556;-; 4233;-;  316;-;    7;-;   16;-;    3;-;   84;-;  122;-;   89;-;    9;-
4607;5027;05;A;  52;100120; 3;w;17; 2941;-; 5860;-;  157;-;  175;-; 2748;-; 2564;-;  177;-;    7;-;   10;-;    5;-;   52;-;  100;-;   73;-;   26;-; 5638;-; 5364;-;  267;-;    7;-;   30;-;   13;-;   53;-;  109;-;   87;-;   17;-
4607;5027;05;A;  52;100120; 3;w;18; 3949;-; 6045;-;  162;-;  143;-; 3748;-; 3626;-;  119;-;    3;-;   16;-;    1;-;   49;-;  112;-;   88;-;   23;-; 5871;-; 5727;-;  141;-;    3;-;   21;-;    7;-;   49;-;   87;-;   64;-;   10;-
4607;5027;05;A;  52;100120; 3;w;19; 3292;-; 5454;-;   96;-;  106;-; 3171;-; 3051;-;  114;-;    6;-;   11;-;    2;-;   28;-;   66;-;   49;-;   14;-; 5328;-; 5178;-;  147;-;    3;-;    6;-;    5;-;   30;-;   71;-;   59;-;   14;-
4607;5027;05;A;  52;100120; 3;w;20; 2305;-; 3513;-;   65;-;   61;-; 2198;-; 2080;-;  111;-;    7;-;    2;-;    3;-;   15;-;   47;-;   38;-;   40;-; 3427;-; 3266;-;  157;-;    4;-;    7;-;    0;-;   19;-;   42;-;   31;-;   18;-
4607;5027;05;A;  52;100120; 3;w;21; 1531;-; 2161;-;   64;-;   61;-; 1445;-; 1369;-;   73;-;    3;-;    9;-;    4;-;   15;-;   45;-;   37;-;   13;-; 2085;-; 1963;-;  118;-;    4;-;    4;-;    8;-;    9;-;   44;-;   26;-;   11;-
4607;5027;05;A;  52;100120; 3;w;22; 1283;-; 1533;-;   43;-;   47;-; 1231;-; 1146;-;   83;-;    2;-;    2;-;    1;-;    9;-;   33;-;   22;-;    7;-; 1476;-; 1368;-;  105;-;    3;-;    3;-;    0;-;    8;-;   39;-;   26;-;    7;-
4607;5027;05;A;  52;100120; 3;w;23;  844;-; 1576;-;   34;-;   50;-;  798;-;  723;-;   74;-;    1;-;    4;-;    2;-;    8;-;   24;-;   17;-;    8;-; 1514;-; 1401;-;  109;-;    4;-;    2;-;    1;-;   10;-;   39;-;   26;-;   10;-
4607;5027;05;A;  52;100120; 3;w;24;  474;-;  889;-;   32;-;   44;-;  437;-;  409;-;   28;-;    0;-;    0;-;    0;-;    5;-;   27;-;   19;-;    5;-;  838;-;  770;-;   66;-;    2;-;    1;-;    4;-;    3;-;   37;-;   23;-;    6;-
4607;5027;05;A;  52;100121; 4;w;01;  257;-;  395;-;   30;-;   31;-;  224;-;  195;-;   29;-;    0;-;    0;-;    1;-;   12;-;   17;-;   11;-;    3;-;  359;-;  328;-;   29;-;    2;-;    0;-;    2;-;    4;-;   25;-;   14;-;    5;-
4607;5027;05;A;  52;100121; 4;w;02;  150;-;  194;-;   33;-;   39;-;  115;-;  102;-;   13;-;    0;-;    1;-;    1;-;   11;-;   21;-;   13;-;    1;-;  153;-;  129;-;   24;-;    0;-;    0;-;    0;-;    7;-;   32;-;   25;-;    2;-
4607;5027;05;A;  52;100121; 4;w;03;  142;-;  145;-;   43;-;   42;-;   97;-;   78;-;   19;-;    0;-;    0;-;    1;-;   14;-;   28;-;   20;-;    2;-;  102;-;   75;-;   26;-;    1;-;    0;-;    1;-;   12;-;   29;-;   25;-;    1;-
4607;5027;05;A;  52;100121; 4;w;04;  249;-;  166;-;   55;-;   47;-;  190;-;  169;-;   19;-;    2;-;    2;-;    0;-;   17;-;   38;-;   18;-;    2;-;  118;-;   94;-;   24;-;    0;-;    0;-;    0;-;   21;-;   26;-;   18;-;    1;-
4607;5027;05;A;  52;100121; 4;w;05;  778;-;  231;-;  105;-;   62;-;  668;-;  621;-;   43;-;    4;-;    1;-;    5;-;   37;-;   63;-;   41;-;    4;-;  168;-;  135;-;   33;-;    0;-;    0;-;    1;-;   31;-;   30;-;   23;-;    1;-
4607;5027;05;A;  52;100121; 4;w;06; 2453;-;  670;-;  170;-;   97;-; 2262;-; 2157;-;   99;-;    6;-;    2;-;    3;-;   73;-;   94;-;   75;-;   19;-;  569;-;  505;-;   64;-;    0;-;    1;-;    1;-;   32;-;   64;-;   49;-;    3;-
4607;5027;05;A;  52;100121; 4;w;07; 5256;-; 1925;-;  200;-;  157;-; 5022;-; 4759;-;  254;-;    9;-;    9;-;    3;-;   78;-;  119;-;   87;-;   25;-; 1756;-; 1608;-;  145;-;    3;-;    3;-;    2;-;   66;-;   89;-;   67;-;    9;-
4607;5027;05;A;  52;100121; 4;w;08; 6449;-; 3373;-;  218;-;  179;-; 6149;-; 5921;-;  221;-;    7;-;   20;-;    8;-;   98;-;  112;-;   86;-;   62;-; 3172;-; 2971;-;  196;-;    5;-;    5;-;    6;-;   73;-;  100;-;   80;-;   17;-
4607;5027;05;A;  52;100121; 4;w;09; 6080;-; 3774;-;  236;-;  227;-; 5789;-; 5609;-;  175;-;    5;-;   22;-;    3;-;  115;-;  118;-;   86;-;   33;-; 3527;-; 3340;-;  184;-;    3;-;    4;-;    5;-;  122;-;  100;-;   81;-;   16;-
4607;5027;05;A;  52;100121; 4;w;10; 4689;-; 2622;-;  271;-;  218;-; 4341;-; 4145;-;  186;-;   10;-;   21;-;    6;-;  104;-;  161;-;  116;-;   56;-; 2385;-; 2173;-;  207;-;    5;-;   10;-;    1;-;   95;-;  122;-;   88;-;    9;-
4607;5027;05;A;  52;100121; 4;w;11; 2996;-; 2331;-;  259;-;  276;-; 2695;-; 2502;-;  188;-;    5;-;   22;-;    8;-;  112;-;  139;-;  112;-;   20;-; 2030;-; 1818;-;  207;-;    5;-;   12;-;    2;-;  107;-;  167;-;  137;-;   13;-
4607;5027;05;A;  52;100121; 4;w;12; 2644;-; 2403;-;  267;-;  266;-; 2342;-; 2135;-;  203;-;    4;-;   19;-;    6;-;   91;-;  170;-;  130;-;   16;-; 2109;-; 1898;-;  210;-;    1;-;   10;-;    2;-;  101;-;  163;-;  124;-;   18;-
4607;5027;05;A;  52;100121; 4;w;13; 2678;-; 2894;-;  214;-;  238;-; 2424;-; 2229;-;  189;-;    6;-;   15;-;    2;-;   70;-;  142;-;  117;-;   25;-; 2633;-; 2383;-;  246;-;    4;-;   12;-;    4;-;   91;-;  143;-;  114;-;   11;-
4607;5027;05;A;  52;100121; 4;w;14; 2882;-; 3416;-;  245;-;  243;-; 2592;-; 2412;-;  171;-;    9;-;   18;-;    3;-;   88;-;  154;-;  122;-;   27;-; 3139;-; 2882;-;  253;-;    4;-;   12;-;    2;-;  109;-;  132;-;   99;-;   22;-
4607;5027;05;A;  52;100121; 4;w;15; 2731;-; 3924;-;  198;-;  225;-; 2496;-; 2288;-;  202;-;    6;-;   16;-;    3;-;   77;-;  118;-;   87;-;   21;-; 3666;-; 3375;-;  285;-;    6;-;   19;-;    2;-;   92;-;  131;-;   96;-;   14;-
4607;5027;05;A;  52;100121; 4;w;16; 3036;-; 5038;-;  202;-;  227;-; 2789;-; 2600;-;  185;-;    4;-;   20;-;    1;-;   91;-;  110;-;   86;-;   25;-; 4765;-; 4454;-;  304;-;    7;-;   25;-;    3;-;   92;-;  132;-;  104;-;   21;-
4607;5027;05;A;  52;100121; 4;w;17; 3295;-; 5773;-;  146;-;  196;-; 3083;-; 2887;-;  186;-;   10;-;   10;-;    2;-;   51;-;   93;-;   72;-;   56;-; 5531;-; 5301;-;  226;-;    4;-;   26;-;   12;-;   72;-;  112;-;   81;-;   20;-
4607;5027;05;A;  52;100121; 4;w;18; 3536;-; 6105;-;  120;-;  131;-; 3359;-; 3231;-;  124;-;    4;-;    7;-;    1;-;   32;-;   87;-;   69;-;   50;-; 5944;-; 5760;-;  182;-;    2;-;   23;-;    4;-;   43;-;   84;-;   67;-;    7;-
4607;5027;05;A;  52;100121; 4;w;19; 3285;-; 5352;-;   86;-;   89;-; 3170;-; 3066;-;  101;-;    3;-;    5;-;    6;-;   20;-;   60;-;   46;-;   24;-; 5232;-; 5076;-;  150;-;    6;-;   13;-;    3;-;   24;-;   62;-;   56;-;   18;-
4607;5027;05;A;  52;100121; 4;w;20; 2240;-; 3328;-;   71;-;   72;-; 2132;-; 2020;-;  107;-;    5;-;    7;-;    6;-;   15;-;   50;-;   40;-;   30;-; 3229;-; 3076;-;  151;-;    2;-;    7;-;    3;-;   21;-;   48;-;   38;-;   20;-
4607;5027;05;A;  52;100121; 4;w;21; 1541;-; 2194;-;   72;-;   66;-; 1454;-; 1355;-;   97;-;    2;-;    4;-;    4;-;   19;-;   49;-;   32;-;   11;-; 2119;-; 1989;-;  128;-;    2;-;    1;-;    9;-;    7;-;   50;-;   33;-;    8;-
4607;5027;05;A;  52;100121; 4;w;22; 1273;-; 1605;-;   51;-;   57;-; 1208;-; 1125;-;   82;-;    1;-;    0;-;    3;-;   17;-;   31;-;   26;-;   14;-; 1533;-; 1423;-;  107;-;    3;-;    2;-;    0;-;   13;-;   44;-;   30;-;   13;-
4607;5027;05;A;  52;100121; 4;w;23;  890;-; 1558;-;   45;-;   42;-;  829;-;  756;-;   72;-;    1;-;    5;-;    3;-;    9;-;   33;-;   26;-;   11;-; 1504;-; 1405;-;   92;-;    7;-;    2;-;    1;-;   11;-;   30;-;   21;-;   10;-
4607;5027;05;A;  52;100121; 4;w;24;  506;-;  846;-;   34;-;   57;-;  465;-;  427;-;   37;-;    1;-;    0;-;    0;-;   11;-;   23;-;   17;-;    7;-;  780;-;  704;-;   74;-;    2;-;    0;-;    3;-;   10;-;   44;-;   29;-;    9;-
4607;5027;05;A;  52;100122; 5;w;01;  270;-;  338;-;   38;-;   38;-;  227;-;  195;-;   32;-;    0;-;    2;-;    3;-;    9;-;   26;-;   21;-;    3;-;  299;-;  256;-;   42;-;    1;-;    0;-;    2;-;    7;-;   29;-;   16;-;    1;-
4607;5027;05;A;  52;100122; 5;w;02;  137;-;  195;-;   41;-;   31;-;   95;-;   76;-;   19;-;    0;-;    0;-;    1;-;    8;-;   32;-;   23;-;    1;-;  164;-;  136;-;   28;-;    0;-;    0;-;    0;-;    6;-;   25;-;   16;-;    0;-
4607;5027;05;A;  52;100122; 5;w;03;  157;-;  124;-;   49;-;   37;-;  108;-;   83;-;   24;-;    1;-;    0;-;    0;-;   12;-;   37;-;   22;-;    0;-;   87;-;   70;-;   16;-;    1;-;    0;-;    0;-;   11;-;   26;-;   19;-;    0;-
4607;5027;05;A;  52;100122; 5;w;04;  306;-;  175;-;   48;-;   47;-;  254;-;  234;-;   20;-;    0;-;    1;-;    2;-;   18;-;   28;-;   20;-;    3;-;  126;-;   98;-;   28;-;    0;-;    0;-;    1;-;   17;-;   29;-;   25;-;    2;-
4607;5027;05;A;  52;100122; 5;w;05;  751;-;  286;-;  107;-;   68;-;  639;-;  607;-;   29;-;    3;-;    1;-;    6;-;   39;-;   62;-;   47;-;    4;-;  213;-;  186;-;   27;-;    0;-;    1;-;    1;-;   37;-;   30;-;   16;-;    4;-
4607;5027;05;A;  52;100122; 5;w;06; 2238;-;  704;-;  179;-;  128;-; 2039;-; 1954;-;   83;-;    2;-;    4;-;    5;-;   72;-;  102;-;   83;-;   16;-;  569;-;  499;-;   68;-;    2;-;    2;-;    1;-;   47;-;   80;-;   60;-;    5;-
4607;5027;05;A;  52;100122; 5;w;07; 5094;-; 1749;-;  228;-;  137;-; 4834;-; 4603;-;  225;-;    6;-;   14;-;    4;-;   90;-;  134;-;   97;-;   18;-; 1601;-; 1473;-;  124;-;    4;-;    3;-;    1;-;   49;-;   87;-;   60;-;    8;-
4607;5027;05;A;  52;100122; 5;w;08; 6572;-; 3259;-;  238;-;  199;-; 6286;-; 6040;-;  238;-;    8;-;   16;-;   10;-;  117;-;  111;-;   82;-;   32;-; 3034;-; 2844;-;  188;-;    2;-;    7;-;    6;-;   85;-;  108;-;   78;-;   19;-
4607;5027;05;A;  52;100122; 5;w;09; 5712;-; 3477;-;  234;-;  202;-; 5392;-; 5177;-;  207;-;    8;-;   18;-;    6;-;  103;-;  125;-;   97;-;   68;-; 3251;-; 3043;-;  206;-;    2;-;    6;-;   11;-;   96;-;   95;-;   72;-;   18;-
4607;5027;05;A;  52;100122; 5;w;10; 3933;-; 2656;-;  263;-;  294;-; 3561;-; 3373;-;  178;-;   10;-;   30;-;    9;-;   97;-;  157;-;  122;-;   79;-; 2338;-; 2095;-;  240;-;    3;-;   10;-;   12;-;  119;-;  163;-;  133;-;   14;-
4607;5027;05;A;  52;100122; 5;w;11; 2943;-; 2466;-;  218;-;  271;-; 2677;-; 2446;-;  223;-;    8;-;   22;-;    6;-;   90;-;  122;-;   95;-;   26;-; 2172;-; 1919;-;  250;-;    3;-;   14;-;    4;-;  115;-;  152;-;  116;-;    9;-
4607;5027;05;A;  52;100122; 5;w;12; 2803;-; 2699;-;  247;-;  253;-; 2513;-; 2298;-;  211;-;    4;-;   19;-;    7;-;  104;-;  136;-;  111;-;   24;-; 2417;-; 2114;-;  301;-;    2;-;   12;-;    5;-;  102;-;  146;-;  125;-;   17;-
4607;5027;05;A;  52;100122; 5;w;13; 2947;-; 3631;-;  216;-;  266;-; 2682;-; 2494;-;  179;-;    9;-;   16;-;    1;-;   86;-;  129;-;   99;-;   33;-; 3333;-; 3032;-;  293;-;    8;-;   22;-;    4;-;  104;-;  158;-;  116;-;   10;-
4607;5027;05;A;  52;100122; 5;w;14; 3490;-; 4423;-;  200;-;  238;-; 3237;-; 3025;-;  207;-;    5;-;   24;-;    7;-;   83;-;  110;-;   88;-;   29;-; 4161;-; 3872;-;  286;-;    3;-;   14;-;    5;-;   90;-;  143;-;  114;-;   10;-
4607;5027;05;A;  52;100122; 5;w;15; 3330;-; 5213;-;  178;-;  203;-; 3110;-; 2925;-;  181;-;    4;-;   19;-;    2;-;   71;-;  105;-;   84;-;   23;-; 4972;-; 4712;-;  250;-;   10;-;   21;-;    6;-;   78;-;  119;-;   83;-;   17;-
4607;5027;05;A;  52;100122; 5;w;16; 3591;-; 5255;-;  190;-;  192;-; 3365;-; 3138;-;  224;-;    3;-;   16;-;    4;-;   74;-;  112;-;   84;-;   20;-; 5020;-; 4766;-;  247;-;    7;-;   15;-;    8;-;   65;-;  119;-;   87;-;   28;-
4607;5027;05;A;  52;100122; 5;w;17; 3923;-; 5463;-;  162;-;  152;-; 3726;-; 3534;-;  182;-;   10;-;   12;-;    3;-;   63;-;   96;-;   76;-;   23;-; 5282;-; 5054;-;  222;-;    6;-;   14;-;    9;-;   61;-;   82;-;   60;-;   15;-
4607;5027;05;A;  52;100122; 5;w;18; 3436;-; 5133;-;   98;-;  121;-; 3309;-; 3188;-;  115;-;    6;-;   10;-;    5;-;   31;-;   62;-;   52;-;   19;-; 4982;-; 4807;-;  168;-;    7;-;   16;-;    7;-;   43;-;   71;-;   59;-;   14;-
4607;5027;05;A;  52;100122; 5;w;19; 3019;-; 4558;-;   70;-;   99;-; 2904;-; 2795;-;  104;-;    5;-;   10;-;    2;-;   19;-;   49;-;   39;-;   35;-; 4429;-; 4273;-;  149;-;    7;-;   12;-;    2;-;   32;-;   65;-;   48;-;   18;-
4607;5027;05;A;  52;100122; 5;w;20; 2276;-; 3043;-;   64;-;   72;-; 2191;-; 2066;-;  124;-;    1;-;    3;-;    4;-;   17;-;   43;-;   33;-;   18;-; 2950;-; 2811;-;  137;-;    2;-;    7;-;    4;-;   21;-;   47;-;   30;-;   14;-
4607;5027;05;A;  52;100122; 5;w;21; 1586;-; 2401;-;   50;-;   75;-; 1518;-; 1433;-;   79;-;    6;-;    1;-;    3;-;   13;-;   34;-;   23;-;   17;-; 2303;-; 2162;-;  139;-;    2;-;   13;-;    8;-;   15;-;   52;-;   36;-;   10;-
4607;5027;05;A;  52;100122; 5;w;22; 1242;-; 1647;-;   34;-;   49;-; 1196;-; 1124;-;   72;-;    0;-;    0;-;    4;-;    9;-;   21;-;   17;-;   12;-; 1587;-; 1473;-;  113;-;    1;-;    6;-;    1;-;   12;-;   36;-;   24;-;    5;-
4607;5027;05;A;  52;100122; 5;w;23; 1052;-; 1614;-;   37;-;   53;-; 1004;-;  940;-;   61;-;    3;-;    3;-;    5;-;    6;-;   26;-;   19;-;    8;-; 1547;-; 1431;-;  109;-;    7;-;    5;-;    5;-;   11;-;   37;-;   23;-;    9;-
4607;5027;05;A;  52;100122; 5;w;24;  750;-; 1125;-;   27;-;   55;-;  715;-;  668;-;   46;-;    1;-;    1;-;    1;-;   10;-;   16;-;   12;-;    7;-; 1064;-;  999;-;   65;-;    0;-;    2;-;    2;-;    4;-;   49;-;   28;-;    4;-
4607;5027;05;A;  52;100123; 6;w;01;  464;-;  607;-;   24;-;   36;-;  438;-;  397;-;   39;-;    2;-;    0;-;    0;-;    7;-;   17;-;   13;-;    2;-;  571;-;  528;-;   41;-;    2;-;    0;-;    4;-;    6;-;   26;-;   17;-;    0;-
4607;5027;05;A;  52;100123; 6;w;02;  347;-;  401;-;   30;-;   21;-;  313;-;  288;-;   25;-;    0;-;    1;-;    3;-;    8;-;   19;-;   10;-;    3;-;  378;-;  346;-;   32;-;    0;-;    1;-;    1;-;    3;-;   17;-;   11;-;    1;-
4607;5027;05;A;  52;100123; 6;w;03;  227;-;  265;-;   27;-;   23;-;  198;-;  170;-;   28;-;    0;-;    0;-;    0;-;    8;-;   19;-;   11;-;    2;-;  236;-;  208;-;   28;-;    0;-;    2;-;    0;-;    9;-;   14;-;   10;-;    4;-
4607;5027;05;A;  52;100123; 6;w;04;  307;-;  211;-;   42;-;   34;-;  262;-;  239;-;   23;-;    0;-;    2;-;    2;-;    9;-;   31;-;   16;-;    1;-;  176;-;  150;-;   26;-;    0;-;    0;-;    0;-;   18;-;   16;-;   10;-;    1;-
4607;5027;05;A;  52;100123; 6;w;05;  467;-;  250;-;   36;-;   50;-;  429;-;  405;-;   24;-;    0;-;    0;-;    2;-;   16;-;   18;-;   14;-;    2;-;  199;-;  173;-;   26;-;    0;-;    1;-;    2;-;   31;-;   17;-;    9;-;    0;-
4607;5027;05;A;  52;100123; 6;w;06;  815;-;  416;-;   48;-;   41;-;  755;-;  695;-;   57;-;    3;-;    6;-;    4;-;   16;-;   28;-;   19;-;    6;-;  370;-;  328;-;   42;-;    0;-;    3;-;    2;-;   19;-;   20;-;   14;-;    2;-
4607;5027;05;A;  52;100123; 6;w;07;  781;-;  597;-;   52;-;   44;-;  716;-;  630;-;   84;-;    2;-;    9;-;    4;-;   27;-;   21;-;   17;-;    4;-;  544;-;  489;-;   54;-;    1;-;    4;-;    3;-;   14;-;   27;-;   19;-;    5;-
4607;5027;05;A;  52;100123; 6;w;08; 1085;-;  807;-;   46;-;   55;-; 1025;-;  917;-;  106;-;    2;-;    8;-;    1;-;   27;-;   18;-;   11;-;    6;-;  737;-;  651;-;   85;-;    1;-;   10;-;    1;-;   26;-;   28;-;   19;-;    5;-
4607;5027;05;A;  52;100123; 6;w;09; 1750;-; 1181;-;   53;-;   48;-; 1657;-; 1504;-;  152;-;    1;-;   14;-;    3;-;   26;-;   24;-;   22;-;   26;-; 1116;-; 1004;-;  112;-;    0;-;    5;-;    3;-;   26;-;   19;-;   15;-;   12;-
4607;5027;05;A;  52;100123; 6;w;10; 3487;-; 1694;-;   73;-;   54;-; 3377;-; 3176;-;  192;-;    9;-;   13;-;   10;-;   33;-;   30;-;   21;-;   24;-; 1615;-; 1485;-;  128;-;    2;-;   12;-;    8;-;   28;-;   18;-;   15;-;   13;-
4607;5027;05;A;  52;100123; 6;w;11; 3286;-; 1982;-;   57;-;   49;-; 3160;-; 2994;-;  158;-;    8;-;   19;-;    2;-;   30;-;   25;-;   21;-;   50;-; 1912;-; 1763;-;  147;-;    2;-;   10;-;    5;-;   22;-;   22;-;   21;-;   11;-
4607;5027;05;A;  52;100123; 6;w;12; 3075;-; 2362;-;   39;-;   35;-; 2982;-; 2810;-;  163;-;    9;-;   21;-;    1;-;   22;-;   16;-;   13;-;   33;-; 2295;-; 2124;-;  168;-;    3;-;   22;-;    0;-;   19;-;   16;-;   11;-;   10;-
4607;5027;05;A;  52;100123; 6;w;13; 2718;-; 2524;-;   33;-;   40;-; 2658;-; 2543;-;  106;-;    9;-;   11;-;    0;-;   17;-;   16;-;   10;-;   16;-; 2456;-; 2288;-;  155;-;   13;-;   15;-;    3;-;   15;-;   22;-;   15;-;   13;-
4607;5027;05;A;  52;100123; 6;w;14; 2642;-; 3039;-;   24;-;   43;-; 2585;-; 2458;-;  124;-;    3;-;   16;-;    0;-;   13;-;   11;-;   11;-;   17;-; 2974;-; 2821;-;  150;-;    3;-;    9;-;    5;-;   26;-;   12;-;    8;-;   13;-
4607;5027;05;A;  52;100123; 6;w;15; 2491;-; 3365;-;   22;-;   42;-; 2434;-; 2294;-;  136;-;    4;-;   20;-;    0;-;   14;-;    8;-;    7;-;   15;-; 3291;-; 3123;-;  162;-;    6;-;   17;-;    3;-;   22;-;   17;-;   14;-;   15;-
4607;5027;05;A;  52;100123; 6;w;16; 2443;-; 3245;-;   31;-;   20;-; 2386;-; 2268;-;  111;-;    7;-;   11;-;    0;-;   23;-;    8;-;    7;-;   15;-; 3190;-; 3033;-;  155;-;    2;-;   20;-;    1;-;   10;-;    9;-;    8;-;   15;-
4607;5027;05;A;  52;100123; 6;w;17; 2152;-; 3160;-;   24;-;   23;-; 2100;-; 1998;-;  100;-;    2;-;    5;-;    2;-;   16;-;    6;-;    4;-;   23;-; 3110;-; 2925;-;  179;-;    6;-;   18;-;    3;-;   11;-;    9;-;    6;-;    9;-
4607;5027;05;A;  52;100123; 6;w;18; 2430;-; 3156;-;   16;-;   34;-; 2387;-; 2285;-;   94;-;    8;-;    5;-;    4;-;    9;-;    3;-;    3;-;   22;-; 3101;-; 2954;-;  143;-;    4;-;    8;-;    6;-;   16;-;   12;-;   11;-;   13;-
4607;5027;05;A;  52;100123; 6;w;19; 2447;-; 3152;-;   16;-;   15;-; 2411;-; 2331;-;   78;-;    2;-;    4;-;    7;-;    5;-;    4;-;    4;-;   16;-; 3116;-; 2949;-;  164;-;    3;-;    6;-;    2;-;   11;-;    2;-;    2;-;   15;-
4607;5027;05;A;  52;100123; 6;w;20; 1726;-; 2144;-;    9;-;   13;-; 1693;-; 1616;-;   73;-;    4;-;    5;-;    2;-;    5;-;    2;-;    2;-;   19;-; 2113;-; 1979;-;  128;-;    6;-;    4;-;    8;-;    4;-;    1;-;    0;-;   14;-
4607;5027;05;A;  52;100123; 6;w;21; 1314;-; 1492;-;   13;-;    9;-; 1284;-; 1210;-;   72;-;    2;-;    5;-;    2;-;    9;-;    2;-;    2;-;   12;-; 1469;-; 1394;-;   74;-;    1;-;    6;-;    2;-;    7;-;    0;-;    0;-;    8;-
4607;5027;05;A;  52;100123; 6;w;22; 1147;-; 1144;-;   16;-;    9;-; 1119;-; 1065;-;   52;-;    2;-;    3;-;    4;-;    7;-;    5;-;    4;-;    9;-; 1126;-; 1062;-;   62;-;    2;-;    5;-;    4;-;    4;-;    1;-;    1;-;    4;-
4607;5027;05;A;  52;100123; 6;w;23; 1020;-; 1316;-;    4;-;    7;-; 1005;-;  954;-;   47;-;    4;-;    3;-;    0;-;    1;-;    3;-;    3;-;    8;-; 1300;-; 1231;-;   68;-;    1;-;    1;-;    4;-;    1;-;    2;-;    0;-;    8;-
4607;5027;05;A;  52;100123; 6;w;24;  805;-;  994;-;    4;-;    7;-;  792;-;  751;-;   40;-;    1;-;    0;-;    3;-;    1;-;    0;-;    0;-;    9;-;  983;-;  928;-;   52;-;    3;-;    2;-;    4;-;    2;-;    1;-;    1;-;    2;-
4607;5027;05;A;  52;100124; 7;s;01;  716;-;  737;-;    4;-;    5;-;  707;-;  673;-;   33;-;    1;-;    2;-;    2;-;    1;-;    1;-;    0;-;    3;-;  726;-;  682;-;   43;-;    1;-;    0;-;    2;-;    2;-;    1;-;    1;-;    6;-
4607;5027;05;A;  52;100124; 7;s;02;  490;-;  500;-;    8;-;    3;-;  479;-;  451;-;   28;-;    0;-;    0;-;    1;-;    6;-;    1;-;    0;-;    3;-;  493;-;  465;-;   28;-;    0;-;    3;-;    1;-;    1;-;    1;-;    0;-;    1;-
4607;5027;05;A;  52;100124; 7;s;03;  307;-;  377;-;   11;-;    8;-;  295;-;  286;-;    8;-;    1;-;    0;-;    1;-;    9;-;    1;-;    0;-;    1;-;  368;-;  342;-;   25;-;    1;-;    1;-;    3;-;    3;-;    2;-;    2;-;    0;-
4607;5027;05;A;  52;100124; 7;s;04;  359;-;  255;-;    7;-;   12;-;  352;-;  331;-;   21;-;    0;-;    0;-;    3;-;    4;-;    0;-;    0;-;    0;-;  242;-;  225;-;   17;-;    0;-;    0;-;    4;-;    6;-;    2;-;    2;-;    1;-
4607;5027;05;A;  52;100124; 7;s;05;  431;-;  303;-;    8;-;    5;-;  423;-;  394;-;   28;-;    1;-;    0;-;    4;-;    2;-;    2;-;    1;-;    0;-;  297;-;  256;-;   41;-;    0;-;    0;-;    0;-;    3;-;    2;-;    2;-;    1;-
4607;5027;05;A;  52;100124; 7;s;06;  545;-;  344;-;    7;-;    7;-;  530;-;  508;-;   22;-;    0;-;    3;-;    1;-;    4;-;    2;-;    1;-;    5;-;  333;-;  308;-;   25;-;    0;-;    3;-;    2;-;    3;-;    2;-;    2;-;    1;-
4607;5027;05;A;  52;100124; 7;s;07;  363;-;  355;-;    8;-;    3;-;  343;-;  318;-;   25;-;    0;-;    8;-;    2;-;    5;-;    1;-;    1;-;    4;-;  350;-;  324;-;   24;-;    2;-;    0;-;    2;-;    1;-;    0;-;    0;-;    2;-
4607;5027;05;A;  52;100124; 7;s;08;  425;-;  310;-;    8;-;   10;-;  408;-;  358;-;   48;-;    2;-;    7;-;    1;-;    5;-;    2;-;    2;-;    2;-;  297;-;  268;-;   29;-;    0;-;    2;-;    2;-;    5;-;    3;-;    3;-;    1;-
4607;5027;05;A;  52;100124; 7;s;09;  866;-;  570;-;    7;-;   10;-;  844;-;  755;-;   89;-;    0;-;    5;-;    1;-;    2;-;    4;-;    3;-;   10;-;  555;-;  501;-;   53;-;    1;-;    2;-;    1;-;    4;-;    5;-;    4;-;    3;-
4607;5027;05;A;  52;100124; 7;s;10; 2034;-;  838;-;   20;-;   13;-; 1996;-; 1825;-;  169;-;    2;-;    1;-;    6;-;    9;-;    5;-;    5;-;   17;-;  816;-;  736;-;   80;-;    0;-;    1;-;    3;-;    7;-;    3;-;    1;-;    8;-
4607;5027;05;A;  52;100124; 7;s;11; 2329;-; 1245;-;   13;-;   15;-; 2296;-; 2137;-;  154;-;    5;-;    3;-;    2;-;    6;-;    5;-;    5;-;   17;-; 1218;-; 1120;-;   97;-;    1;-;    6;-;    3;-;    5;-;    7;-;    7;-;    6;-
4607;5027;05;A;  52;100124; 7;s;12; 2094;-; 1508;-;   16;-;   21;-; 2046;-; 1924;-;  121;-;    1;-;   12;-;    1;-;   10;-;    5;-;    4;-;   20;-; 1479;-; 1367;-;  109;-;    3;-;    4;-;    1;-;   14;-;    6;-;    5;-;    4;-
4607;5027;05;A;  52;100124; 7;s;13; 2053;-; 1780;-;   16;-;   14;-; 2013;-; 1927;-;   82;-;    4;-;    5;-;    4;-;   11;-;    1;-;    1;-;   19;-; 1760;-; 1652;-;  104;-;    4;-;    4;-;    2;-;    7;-;    5;-;    4;-;    2;-
4607;5027;05;A;  52;100124; 7;s;14; 2243;-; 2153;-;   15;-;   14;-; 2202;-; 2114;-;   83;-;    5;-;    3;-;    4;-;    4;-;    7;-;    7;-;   23;-; 2117;-; 2027;-;   88;-;    2;-;    7;-;    2;-;   10;-;    2;-;    2;-;   15;-
4607;5027;05;A;  52;100124; 7;s;15; 2231;-; 2648;-;   15;-;   13;-; 2196;-; 2110;-;   86;-;    0;-;    4;-;    1;-;   10;-;    4;-;    3;-;   16;-; 2615;-; 2510;-;  101;-;    4;-;    4;-;    0;-;   10;-;    3;-;    3;-;   16;-
4607;5027;05;A;  52;100124; 7;s;16; 2155;-; 2624;-;   16;-;    7;-; 2112;-; 2025;-;   86;-;    1;-;    6;-;    3;-;   10;-;    3;-;    2;-;   21;-; 2594;-; 2474;-;  119;-;    1;-;    7;-;    1;-;    3;-;    3;-;    3;-;   16;-
4607;5027;05;A;  52;100124; 7;s;17; 2010;-; 2653;-;   17;-;   15;-; 1974;-; 1897;-;   75;-;    2;-;    3;-;    1;-;    5;-;   11;-;    7;-;   16;-; 2617;-; 2469;-;  147;-;    1;-;    7;-;    3;-;    8;-;    4;-;    3;-;   14;-
4607;5027;05;A;  52;100124; 7;s;18; 2290;-; 2750;-;   19;-;   23;-; 2245;-; 2175;-;   63;-;    7;-;    7;-;    4;-;    9;-;    6;-;    5;-;   19;-; 2693;-; 2563;-;  128;-;    2;-;   21;-;    5;-;   12;-;    6;-;    5;-;   13;-
4607;5027;05;A;  52;100124; 7;s;19; 1974;-; 2680;-;   23;-;   17;-; 1923;-; 1849;-;   72;-;    2;-;   11;-;    3;-;    9;-;   11;-;   10;-;   17;-; 2639;-; 2505;-;  133;-;    1;-;   13;-;    3;-;    4;-;   10;-;    8;-;   11;-
4607;5027;05;A;  52;100124; 7;s;20; 1658;-; 1728;-;   13;-;   16;-; 1624;-; 1568;-;   54;-;    2;-;    7;-;    1;-;    3;-;    9;-;    6;-;   14;-; 1704;-; 1634;-;   69;-;    1;-;    2;-;    4;-;    5;-;    7;-;    7;-;    6;-
4607;5027;05;A;  52;100124; 7;s;21; 1290;-; 1384;-;   16;-;   18;-; 1264;-; 1227;-;   34;-;    3;-;    3;-;    0;-;    8;-;    8;-;    6;-;    7;-; 1359;-; 1315;-;   43;-;    1;-;    2;-;    3;-;    7;-;    8;-;    7;-;    5;-
4607;5027;05;A;  52;100124; 7;s;22; 1114;-;  931;-;   17;-;   17;-; 1091;-; 1059;-;   29;-;    3;-;    4;-;    0;-;    6;-;   11;-;    8;-;    2;-;  908;-;  878;-;   29;-;    1;-;    3;-;    3;-;    9;-;    5;-;    4;-;    3;-
4607;5027;05;A;  52;100124; 7;s;23;  781;-;  936;-;   21;-;   22;-;  754;-;  704;-;   48;-;    2;-;    0;-;    0;-;    6;-;   15;-;   15;-;    6;-;  906;-;  866;-;   38;-;    2;-;    1;-;    0;-;    7;-;   15;-;   14;-;    7;-
4607;5027;05;A;  52;100124; 7;s;24;  483;-;  635;-;   22;-;   23;-;  456;-;  436;-;   20;-;    0;-;    0;-;    0;-;    5;-;   17;-;   15;-;    5;-;  607;-;  576;-;   31;-;    0;-;    3;-;    0;-;    5;-;   18;-;   14;-;    2;-
4607;5027;05;A;  52;100125; 1;w;01;  229;-;  236;-;   26;-;   25;-;  202;-;  186;-;   16;-;    0;-;    1;-;    0;-;    6;-;   20;-;   12;-;    0;-;  210;-;  198;-;   12;-;    0;-;    0;-;    2;-;   10;-;   13;-;    9;-;    1;-
4607;5027;05;A;  52;100125; 1;w;02;  136;-;  148;-;   37;-;   29;-;   99;-;   86;-;   13;-;    0;-;    0;-;    0;-;   10;-;   27;-;   20;-;    0;-;  119;-;  109;-;   10;-;    0;-;    0;-;    0;-;    6;-;   23;-;   14;-;    0;-
4607;5027;05;A;  52;100125; 1;w;03;  119;-;  106;-;   34;-;   24;-;   84;-;   75;-;    9;-;    0;-;    1;-;    0;-;   13;-;   21;-;   17;-;    0;-;   82;-;   67;-;   15;-;    0;-;    0;-;    1;-;    8;-;   15;-;   11;-;    0;-
4607;5027;05;A;  52;100125; 1;w;04;  294;-;  135;-;   50;-;   43;-;  243;-;  232;-;   11;-;    0;-;    1;-;    0;-;   17;-;   33;-;   26;-;    0;-;   92;-;   74;-;   18;-;    0;-;    0;-;    1;-;   17;-;   25;-;   20;-;    0;-
4607;5027;05;A;  52;100125; 1;w;05;  760;-;  281;-;   73;-;   93;-;  682;-;  657;-;   25;-;    0;-;    0;-;    5;-;   34;-;   34;-;   27;-;    5;-;  187;-;  173;-;   13;-;    1;-;    0;-;    1;-;   36;-;   56;-;   48;-;    1;-
4607;5027;05;A;  52;100125; 1;w;06; 2551;-;  787;-;  166;-;   86;-; 2375;-; 2309;-;   64;-;    2;-;    3;-;    1;-;   77;-;   88;-;   69;-;    7;-;  696;-;  651;-;   45;-;    0;-;    3;-;    0;-;   34;-;   52;-;   47;-;    2;-
4607;5027;05;A;  52;100125; 1;w;07; 4521;-; 1945;-;  202;-;  139;-; 4284;-; 4159;-;  121;-;    4;-;    8;-;    5;-;   82;-;  115;-;   90;-;   27;-; 1793;-; 1700;-;   92;-;    1;-;    6;-;    2;-;   59;-;   78;-;   61;-;    7;-
4607;5027;05;A;  52;100125; 1;w;08; 5370;-; 3286;-;  133;-;  146;-; 5206;-; 5038;-;  160;-;    8;-;   10;-;    7;-;   63;-;   63;-;   50;-;   21;-; 3121;-; 2993;-;  126;-;    2;-;    4;-;    3;-;   67;-;   76;-;   57;-;   15;-
4607;5027;05;A;  52;100125; 1;w;09; 5513;-; 3691;-;  196;-;  189;-; 5258;-; 5089;-;  164;-;    5;-;   19;-;    5;-;   76;-;  115;-;   97;-;   40;-; 3472;-; 3310;-;  161;-;    1;-;   11;-;    6;-;   88;-;   95;-;   78;-;   19;-
4607;5027;05;A;  52;100125; 1;w;10; 4908;-; 2724;-;  241;-;  221;-; 4598;-; 4433;-;  162;-;    3;-;   13;-;    4;-;  100;-;  137;-;  109;-;   56;-; 2483;-; 2309;-;  174;-;    0;-;   10;-;    2;-;   96;-;  123;-;   91;-;   10;-
4607;5027;05;A;  52;100125; 1;w;11; 3626;-; 2223;-;  241;-;  215;-; 3359;-; 3171;-;  186;-;    2;-;   15;-;    5;-;   82;-;  154;-;  126;-;   11;-; 1996;-; 1805;-;  191;-;    0;-;    5;-;    6;-;   97;-;  112;-;   94;-;    7;-
4607;5027;05;A;  52;100125; 1;w;12; 2980;-; 2008;-;  237;-;  211;-; 2679;-; 2473;-;  202;-;    4;-;   11;-;    5;-;   93;-;  139;-;  113;-;   53;-; 1784;-; 1590;-;  194;-;    0;-;    2;-;    6;-;   87;-;  118;-;   98;-;   11;-
4607;5027;05;A;  52;100125; 1;w;13; 2775;-; 2432;-;  242;-;  229;-; 2497;-; 2322;-;  168;-;    7;-;   13;-;    4;-;   92;-;  146;-;  117;-;   23;-; 2183;-; 1980;-;  202;-;    1;-;   10;-;    4;-;   96;-;  129;-;   97;-;   10;-
4607;5027;05;A;  52;100125; 1;w;14; 2723;-; 2985;-;  233;-;  233;-; 2455;-; 2311;-;  141;-;    3;-;   13;-;    7;-;   82;-;  144;-;  123;-;   22;-; 2729;-; 2520;-;  207;-;    2;-;   13;-;    4;-;  105;-;  124;-;  100;-;   10;-
4607;5027;05;A;  52;100125; 1;w;15; 2451;-; 3592;-;  197;-;  210;-; 2211;-; 2043;-;  167;-;    1;-;   11;-;    7;-;   75;-;  115;-;   97;-;   32;-; 3354;-; 3125;-;  229;-;    0;-;   14;-;    1;-;   87;-;  122;-;   88;-;   14;-
4607;5027;05;A;  52;100125; 1;w;16; 2742;-; 4627;-;  202;-;  202;-; 2507;-; 2326;-;  180;-;    1;-;   11;-;    5;-;   72;-;  125;-;   97;-;   22;-; 4402;-; 4146;-;  256;-;    0;-;   12;-;    4;-;   85;-;  113;-;   90;-;   11;-
4607;5027;05;A;  52;100125; 1;w;17; 2855;-; 5474;-;  148;-;  154;-; 2669;-; 2521;-;  142;-;    6;-;   12;-;    5;-;   58;-;   85;-;   65;-;   26;-; 5287;-; 5070;-;  216;-;    1;-;   16;-;    9;-;   49;-;   96;-;   73;-;   17;-
4607;5027;05;A;  52;100125; 1;w;18; 3200;-; 5391;-;  149;-;  115;-; 3004;-; 2891;-;  107;-;    6;-;    4;-;    4;-;   45;-;  100;-;   80;-;   43;-; 5250;-; 5122;-;  125;-;    3;-;   16;-;    8;-;   33;-;   74;-;   52;-;   10;-
4607;5027;05;A;  52;100125; 1;w;19; 3073;-; 4864;-;  116;-;   99;-; 2910;-; 2807;-;  102;-;    1;-;   11;-;    1;-;   24;-;   91;-;   70;-;   36;-; 4737;-; 4584;-;  148;-;    5;-;    4;-;    8;-;   27;-;   64;-;   48;-;   24;-
4607;5027;05;A;  52;100125; 1;w;20; 2049;-; 2957;-;   79;-;   70;-; 1950;-; 1848;-;   97;-;    5;-;    2;-;    1;-;    9;-;   69;-;   58;-;   18;-; 2860;-; 2713;-;  145;-;    2;-;    6;-;    1;-;   15;-;   54;-;   48;-;   21;-
4607;5027;05;A;  52;100125; 1;w;21; 1395;-; 1762;-;   62;-;   60;-; 1313;-; 1240;-;   72;-;    1;-;    1;-;    3;-;   13;-;   46;-;   36;-;   19;-; 1694;-; 1584;-;  109;-;    1;-;    0;-;    3;-;    7;-;   50;-;   32;-;    8;-
4607;5027;05;A;  52;100125; 1;w;22; 1123;-; 1375;-;   60;-;   62;-; 1055;-;  998;-;   57;-;    0;-;    0;-;    1;-;   13;-;   46;-;   31;-;    8;-; 1303;-; 1231;-;   70;-;    2;-;    3;-;    2;-;   12;-;   48;-;   33;-;    7;-
4607;5027;05;A;  52;100125; 1;w;23;  613;-; 1265;-;   37;-;   47;-;  571;-;  529;-;   42;-;    0;-;    0;-;    1;-;   10;-;   26;-;   20;-;    5;-; 1212;-; 1146;-;   64;-;    2;-;    0;-;    0;-;   11;-;   36;-;   29;-;    6;-
4607;5027;05;A;  52;100125; 1;w;24;  423;-;  560;-;   48;-;   47;-;  371;-;  340;-;   30;-;    1;-;    0;-;    0;-;   10;-;   38;-;   32;-;    4;-;  510;-;  479;-;   31;-;    0;-;    0;-;    1;-;    7;-;   39;-;   22;-;    3;-
4607;5027;05;A;  52;100126; 2;w;01;  226;-;  293;-;   46;-;   45;-;  177;-;  139;-;   38;-;    0;-;    1;-;    1;-;    6;-;   39;-;   32;-;    2;-;  246;-;  221;-;   25;-;    0;-;    0;-;    2;-;    9;-;   34;-;   27;-;    2;-
4607;5027;05;A;  52;100126; 2;w;02;  128;-;  166;-;   34;-;   35;-;   94;-;   82;-;   12;-;    0;-;    0;-;    2;-;   12;-;   20;-;   15;-;    0;-;  131;-;  112;-;   19;-;    0;-;    0;-;    1;-;    3;-;   31;-;   20;-;    0;-
4607;5027;05;A;  52;100126; 2;w;03;  146;-;  108;-;   49;-;   40;-;   97;-;   81;-;   16;-;    0;-;    0;-;    2;-;    9;-;   38;-;   22;-;    0;-;   67;-;   46;-;   20;-;    1;-;    0;-;    0;-;   13;-;   27;-;   19;-;    1;-
4607;5027;05;A;  52;100126; 2;w;04;  314;-;  167;-;   57;-;   56;-;  257;-;  235;-;   21;-;    1;-;    0;-;    0;-;   25;-;   32;-;   24;-;    0;-;  111;-;   90;-;   20;-;    1;-;    0;-;    0;-;   30;-;   26;-;   19;-;    0;-
4607;5027;05;A;  52;100126; 2;w;05;  735;-;  269;-;   85;-;   78;-;  646;-;  608;-;   38;-;    0;-;    0;-;    5;-;   34;-;   46;-;   23;-;    4;-;  188;-;  156;-;   31;-;    1;-;    1;-;    0;-;   30;-;   48;-;   34;-;    2;-
4607;5027;05;A;  52;100126; 2;w;06; 2486;-;  690;-;  172;-;  110;-; 2281;-; 2202;-;   74;-;    5;-;    5;-;    3;-;   77;-;   92;-;   72;-;   28;-;  578;-;  536;-;   42;-;    0;-;    0;-;    0;-;   42;-;   68;-;   58;-;    2;-
4607;5027;05;A;  52;100126; 2;w;07; 5158;-; 1838;-;  215;-;  146;-; 4868;-; 4669;-;  190;-;    9;-;    9;-;    5;-;   83;-;  127;-;   96;-;   66;-; 1677;-; 1564;-;  110;-;    3;-;    6;-;    2;-;   67;-;   77;-;   58;-;    9;-
4607;5027;05;A;  52;100126; 2;w;08; 5996;-; 3509;-;  155;-;  178;-; 5731;-; 5554;-;  162;-;   15;-;   14;-;    8;-;   70;-;   77;-;   59;-;   96;-; 3308;-; 3137;-;  170;-;    1;-;    5;-;    5;-;   84;-;   89;-;   70;-;   18;-
4607;5027;05;A;  52;100126; 2;w;09; 5661;-; 3894;-;  225;-;  218;-; 5195;-; 5020;-;  163;-;   12;-;   12;-;    7;-;   95;-;  123;-;   99;-;  229;-; 3633;-; 3434;-;  196;-;    3;-;    9;-;    7;-;   99;-;  112;-;   88;-;   34;-
4607;5027;05;A;  52;100126; 2;w;10; 4740;-; 2563;-;  245;-;  235;-; 4409;-; 4216;-;  181;-;   12;-;   16;-;   15;-;   98;-;  132;-;  105;-;   70;-; 2306;-; 2090;-;  211;-;    5;-;    5;-;    4;-;  102;-;  129;-;   91;-;   17;-
4607;5027;05;A;  52;100126; 2;w;11; 3747;-; 2248;-;  260;-;  222;-; 3434;-; 3229;-;  200;-;    5;-;   10;-;    4;-;  102;-;  154;-;  117;-;   43;-; 2010;-; 1791;-;  217;-;    2;-;    7;-;    4;-;   80;-;  138;-;  115;-;    9;-
4607;5027;05;A;  52;100126; 2;w;12; 2770;-; 2418;-;  224;-;  250;-; 2496;-; 2322;-;  171;-;    3;-;   10;-;    6;-;   86;-;  132;-;  104;-;   40;-; 2142;-; 1928;-;  212;-;    2;-;   11;-;    7;-;  106;-;  137;-;  112;-;   15;-
4607;5027;05;A;  52;100126; 2;w;13; 2941;-; 2660;-;  217;-;  217;-; 2668;-; 2465;-;  195;-;    8;-;   11;-;    4;-;   75;-;  138;-;  113;-;   45;-; 2424;-; 2208;-;  212;-;    4;-;    9;-;    3;-;   92;-;  122;-;   98;-;   10;-
4607;5027;05;A;  52;100126; 2;w;14; 2767;-; 3214;-;  200;-;  250;-; 2536;-; 2344;-;  187;-;    5;-;   10;-;    5;-;   63;-;  132;-;  101;-;   21;-; 2939;-; 2722;-;  213;-;    4;-;   12;-;    5;-;   96;-;  149;-;  113;-;   13;-
4607;5027;05;A;  52;100126; 2;w;15; 2665;-; 3911;-;  216;-;  227;-; 2410;-; 2241;-;  166;-;    3;-;   10;-;    4;-;   82;-;  130;-;  105;-;   29;-; 3654;-; 3412;-;  241;-;    1;-;   11;-;    5;-;   89;-;  133;-;  106;-;   19;-
4607;5027;05;A;  52;100126; 2;w;16; 2875;-; 4957;-;  188;-;  193;-; 2646;-; 2476;-;  165;-;    5;-;    8;-;    8;-;   65;-;  115;-;   94;-;   33;-; 4736;-; 4476;-;  256;-;    4;-;   15;-;    7;-;   77;-;  109;-;   75;-;   13;-
4607;5027;05;A;  52;100126; 2;w;17; 3147;-; 5864;-;  157;-;  185;-; 2957;-; 2817;-;  138;-;    2;-;    9;-;    7;-;   55;-;   95;-;   69;-;   24;-; 5635;-; 5371;-;  262;-;    2;-;   16;-;   16;-;   61;-;  108;-;   84;-;   28;-
4607;5027;05;A;  52;100126; 2;w;18; 3354;-; 5558;-;  124;-;  148;-; 3183;-; 3077;-;  100;-;    6;-;    2;-;    5;-;   36;-;   83;-;   66;-;   45;-; 5382;-; 5257;-;  121;-;    4;-;   16;-;    7;-;   43;-;   98;-;   83;-;   12;-
4607;5027;05;A;  52;100126; 2;w;19; 3208;-; 5465;-;   99;-;  100;-; 3027;-; 2916;-;  101;-;   10;-;    4;-;    6;-;   23;-;   70;-;   48;-;   78;-; 5328;-; 5210;-;  112;-;    6;-;   10;-;    3;-;   23;-;   74;-;   63;-;   27;-
4607;5027;05;A;  52;100126; 2;w;20; 2470;-; 3163;-;   64;-;   65;-; 2369;-; 2267;-;  100;-;    2;-;    2;-;    7;-;   11;-;   46;-;   40;-;   35;-; 3074;-; 2931;-;  139;-;    4;-;    1;-;    6;-;    9;-;   50;-;   35;-;   23;-
4607;5027;05;A;  52;100126; 2;w;21; 1477;-; 2130;-;   60;-;   69;-; 1392;-; 1329;-;   59;-;    4;-;    1;-;    3;-;   11;-;   46;-;   33;-;   24;-; 2042;-; 1930;-;  110;-;    2;-;    1;-;    6;-;   10;-;   53;-;   40;-;   18;-
4607;5027;05;A;  52;100126; 2;w;22; 1267;-; 1592;-;   45;-;   41;-; 1213;-; 1146;-;   64;-;    3;-;    1;-;    2;-;   10;-;   33;-;   24;-;    8;-; 1536;-; 1442;-;   94;-;    0;-;    2;-;    1;-;    8;-;   32;-;   20;-;   13;-
4607;5027;05;A;  52;100126; 2;w;23;  787;-; 1479;-;   49;-;   38;-;  730;-;  688;-;   41;-;    1;-;    1;-;    2;-;   11;-;   36;-;   25;-;    7;-; 1431;-; 1332;-;   98;-;    1;-;    0;-;    1;-;    8;-;   29;-;   22;-;   10;-
4607;5027;05;A;  52;100126; 2;w;24;  445;-;  757;-;   37;-;   45;-;  398;-;  374;-;   24;-;    0;-;    2;-;    1;-;    6;-;   30;-;   20;-;    8;-;  706;-;  657;-;   48;-;    1;-;    0;-;    2;-;    5;-;   38;-;   21;-;    6;-
4607;5027;05;A;  52;100127; 3;w;01;  197;-;  330;-;   25;-;   33;-;  168;-;  144;-;   24;-;    0;-;    0;-;    0;-;    7;-;   18;-;   12;-;    4;-;  293;-;  272;-;   21;-;    0;-;    0;-;    1;-;    5;-;   27;-;   20;-;    4;-
4607;5027;05;A;  52;100127; 3;w;02;  144;-;  173;-;   39;-;   27;-;  104;-;   89;-;   15;-;    0;-;    0;-;    2;-;    9;-;   28;-;   23;-;    1;-;  145;-;  124;-;   21;-;    0;-;    0;-;    0;-;    7;-;   20;-;   15;-;    1;-
4607;5027;05;A;  52;100127; 3;w;03;  110;-;  129;-;   29;-;   41;-;   80;-;   71;-;    9;-;    0;-;    1;-;    0;-;    7;-;   22;-;   13;-;    0;-;   87;-;   76;-;   11;-;    0;-;    0;-;    0;-;   13;-;   28;-;   17;-;    1;-
4607;5027;05;A;  52;100127; 3;w;04;  322;-;  166;-;   58;-;   56;-;  262;-;  243;-;   19;-;    0;-;    1;-;    1;-;   17;-;   40;-;   25;-;    1;-;  110;-;   82;-;   28;-;    0;-;    0;-;    1;-;   26;-;   29;-;   18;-;    0;-
4607;5027;05;A;  52;100127; 3;w;05;  754;-;  271;-;   86;-;   64;-;  658;-;  627;-;   29;-;    2;-;    1;-;    7;-;   37;-;   42;-;   28;-;    9;-;  207;-;  189;-;   17;-;    1;-;    0;-;    1;-;   28;-;   35;-;   26;-;    0;-
4607;5027;05;A;  52;100127; 3;w;06; 2355;-;  668;-;  139;-;  104;-; 2188;-; 2117;-;   64;-;    7;-;    2;-;    3;-;   58;-;   78;-;   65;-;   26;-;  562;-;  519;-;   42;-;    1;-;    1;-;    0;-;   37;-;   67;-;   44;-;    1;-
4607;5027;05;A;  52;100127; 3;w;07; 5050;-; 1813;-;  194;-;  155;-; 4781;-; 4594;-;  178;-;    9;-;    7;-;    3;-;   89;-;  102;-;   73;-;   68;-; 1649;-; 1532;-;  116;-;    1;-;    1;-;    2;-;   67;-;   86;-;   63;-;    8;-
4607;5027;05;A;  52;100127; 3;w;08; 6211;-; 3445;-;  203;-;  177;-; 5926;-; 5762;-;  157;-;    7;-;   16;-;   10;-;   89;-;  104;-;   74;-;   66;-; 3254;-; 3094;-;  155;-;    5;-;    3;-;    4;-;   77;-;   96;-;   76;-;   11;-
4607;5027;05;A;  52;100127; 3;w;09; 5726;-; 3968;-;  200;-;  191;-; 5342;-; 5161;-;  172;-;    9;-;   15;-;    6;-;   86;-;  108;-;   83;-;  169;-; 3732;-; 3542;-;  185;-;    5;-;   11;-;   10;-;   93;-;   88;-;   60;-;   34;-
4607;5027;05;A;  52;100127; 3;w;10; 4723;-; 3084;-;  226;-;  226;-; 4353;-; 4140;-;  196;-;   17;-;    9;-;   14;-;   84;-;  128;-;   88;-;  135;-; 2831;-; 2594;-;  236;-;    1;-;   14;-;    5;-;   92;-;  129;-;   92;-;   13;-
4607;5027;05;A;  52;100127; 3;w;11; 3770;-; 2489;-;  232;-;  231;-; 3431;-; 3218;-;  204;-;    9;-;   10;-;    4;-;   93;-;  135;-;  105;-;   97;-; 2241;-; 2016;-;  223;-;    2;-;    9;-;    6;-;   99;-;  126;-;   93;-;    8;-
4607;5027;05;A;  52;100127; 3;w;12; 2869;-; 2389;-;  256;-;  248;-; 2572;-; 2384;-;  185;-;    3;-;   13;-;    4;-;  102;-;  150;-;  116;-;   28;-; 2127;-; 1901;-;  222;-;    4;-;    7;-;    8;-;  101;-;  139;-;  106;-;    7;-
4607;5027;05;A;  52;100127; 3;w;13; 2772;-; 2725;-;  200;-;  229;-; 2531;-; 2351;-;  176;-;    4;-;    9;-;    5;-;   70;-;  125;-;  109;-;   32;-; 2463;-; 2226;-;  236;-;    1;-;   13;-;    5;-;   94;-;  130;-;  100;-;   20;-
4607;5027;05;A;  52;100127; 3;w;14; 3056;-; 3353;-;  223;-;  206;-; 2785;-; 2623;-;  156;-;    6;-;    7;-;    5;-;   79;-;  139;-;  112;-;   41;-; 3114;-; 2887;-;  226;-;    1;-;   16;-;    6;-;   78;-;  122;-;   92;-;   17;-
4607;5027;05;A;  52;100127; 3;w;15; 2866;-; 4043;-;  201;-;  231;-; 2635;-; 2452;-;  178;-;    5;-;   13;-;   10;-;   74;-;  117;-;   87;-;   17;-; 3782;-; 3524;-;  257;-;    1;-;   11;-;    9;-;   95;-;  127;-;  101;-;   19;-
4607;5027;05;A;  52;100127; 3;w;16; 2866;-; 5089;-;  180;-;  199;-; 2623;-; 2448;-;  170;-;    5;-;    7;-;   10;-;   68;-;  102;-;   78;-;   56;-; 4855;-; 4589;-;  260;-;    6;-;   14;-;    7;-;   76;-;  116;-;   79;-;   21;-
4607;5027;05;A;  52;100127; 3;w;17; 3391;-; 5788;-;  167;-;  168;-; 3188;-; 3026;-;  159;-;    3;-;   12;-;    6;-;   53;-;  108;-;   82;-;   24;-; 5593;-; 5369;-;  220;-;    4;-;   10;-;   14;-;   56;-;   98;-;   76;-;   17;-
4607;5027;05;A;  52;100127; 3;w;18; 3421;-; 5739;-;  127;-;  125;-; 3257;-; 3143;-;  110;-;    4;-;    1;-;    2;-;   46;-;   79;-;   62;-;   36;-; 5589;-; 5454;-;  132;-;    3;-;   14;-;   10;-;   38;-;   77;-;   60;-;   11;-
4607;5027;05;A;  52;100127; 3;w;19; 3307;-; 5484;-;   93;-;   93;-; 3167;-; 3060;-;   99;-;    8;-;    3;-;    2;-;   20;-;   71;-;   54;-;   44;-; 5374;-; 5256;-;  115;-;    3;-;    9;-;    4;-;   25;-;   64;-;   52;-;    8;-
4607;5027;05;A;  52;100127; 3;w;20; 2349;-; 3371;-;   69;-;   80;-; 2261;-; 2188;-;   73;-;    0;-;    3;-;    3;-;   18;-;   48;-;   35;-;   16;-; 3268;-; 3157;-;  110;-;    1;-;    9;-;    5;-;   18;-;   57;-;   43;-;   14;-
4607;5027;05;A;  52;100127; 3;w;21; 1466;-; 1945;-;   45;-;   63;-; 1413;-; 1366;-;   47;-;    0;-;    1;-;    1;-;   13;-;   31;-;   26;-;    7;-; 1874;-; 1794;-;   79;-;    1;-;    4;-;    5;-;   13;-;   45;-;   29;-;    4;-
4607;5027;05;A;  52;100127; 3;w;22; 1167;-; 1632;-;   43;-;   58;-; 1119;-; 1089;-;   29;-;    1;-;    1;-;    2;-;   11;-;   30;-;   19;-;    4;-; 1567;-; 1514;-;   52;-;    1;-;    3;-;    0;-;   11;-;   47;-;   36;-;    4;-
4607;5027;05;A;  52;100127; 3;w;23;  708;-; 1293;-;   42;-;   37;-;  659;-;  639;-;   20;-;    0;-;    2;-;    1;-;   10;-;   31;-;   27;-;    5;-; 1250;-; 1203;-;   42;-;    5;-;    0;-;    0;-;   15;-;   22;-;   12;-;    6;-
4607;5027;05;A;  52;100127; 3;w;24;  465;-;  905;-;   27;-;   51;-;  434;-;  423;-;   10;-;    1;-;    1;-;    1;-;   11;-;   15;-;    9;-;    3;-;  852;-;  823;-;   29;-;    0;-;    1;-;    1;-;    8;-;   42;-;   25;-;    1;-
4607;5027;05;A;  52;100128; 4;w;01;  285;-;  374;-;   33;-;   41;-;  252;-;  232;-;   20;-;    0;-;    0;-;    2;-;    8;-;   23;-;   17;-;    0;-;  331;-;  309;-;   22;-;    0;-;    0;-;    2;-;    4;-;   35;-;   24;-;    2;-
4607;5027;05;A;  52;100128; 4;w;02;  169;-;  240;-;   56;-;   32;-;  112;-;  103;-;    9;-;    0;-;    0;-;    2;-;   10;-;   44;-;   32;-;    1;-;  206;-;  188;-;   17;-;    1;-;    0;-;    0;-;    8;-;   24;-;   17;-;    2;-
4607;5027;05;A;  52;100128; 4;w;03;  134;-;  133;-;   38;-;   42;-;   96;-;   89;-;    7;-;    0;-;    0;-;    2;-;   10;-;   26;-;   19;-;    0;-;   90;-;   76;-;   14;-;    0;-;    0;-;    0;-;   13;-;   29;-;   22;-;    1;-
4607;5027;05;A;  52;100128; 4;w;04;  394;-;  165;-;  117;-;   38;-;  276;-;  245;-;   31;-;    0;-;    0;-;    3;-;   37;-;   77;-;   57;-;    1;-;  125;-;  105;-;   20;-;    0;-;    1;-;    0;-;   17;-;   21;-;   17;-;    1;-
4607;5027;05;A;  52;100128; 4;w;05;  925;-;  267;-;  194;-;   76;-;  726;-;  693;-;   33;-;    0;-;    3;-;   10;-;   54;-;  130;-;   86;-;    2;-;  191;-;  163;-;   28;-;    0;-;    0;-;    1;-;   30;-;   45;-;   31;-;    0;-
4607;5027;05;A;  52;100128; 4;w;06; 2501;-;  691;-;  201;-;  103;-; 2275;-; 2181;-;   93;-;    1;-;    3;-;    4;-;   65;-;  132;-;   93;-;   22;-;  584;-;  543;-;   41;-;    0;-;    0;-;    1;-;   33;-;   69;-;   55;-;    4;-
4607;5027;05;A;  52;100128; 4;w;07; 4892;-; 1737;-;  184;-;  135;-; 4645;-; 4463;-;  181;-;    1;-;   11;-;    5;-;   81;-;   98;-;   69;-;   52;-; 1597;-; 1492;-;  104;-;    1;-;    3;-;    0;-;   54;-;   81;-;   62;-;    2;-
4607;5027;05;A;  52;100128; 4;w;08; 5822;-; 3304;-;  203;-;  177;-; 5571;-; 5411;-;  159;-;    1;-;   19;-;    9;-;   59;-;  135;-;  100;-;   29;-; 3104;-; 2949;-;  154;-;    1;-;    7;-;    5;-;   82;-;   90;-;   71;-;   16;-
4607;5027;05;A;  52;100128; 4;w;09; 5844;-; 3817;-;  210;-;  201;-; 5574;-; 5396;-;  170;-;    8;-;    8;-;    9;-;   81;-;  120;-;   93;-;   52;-; 3592;-; 3409;-;  180;-;    3;-;    7;-;    7;-;   98;-;   96;-;   69;-;   17;-
4607;5027;05;A;  52;100128; 4;w;10; 4660;-; 2826;-;  280;-;  256;-; 4292;-; 4076;-;  210;-;    6;-;    7;-;    8;-;   94;-;  178;-;  131;-;   81;-; 2544;-; 2309;-;  233;-;    2;-;    9;-;    9;-;  111;-;  136;-;   95;-;   17;-
4607;5027;05;A;  52;100128; 4;w;11; 3597;-; 2255;-;  266;-;  231;-; 3292;-; 3052;-;  239;-;    1;-;   13;-;    3;-;   89;-;  174;-;  130;-;   26;-; 2001;-; 1788;-;  210;-;    3;-;   11;-;   12;-;   83;-;  136;-;  104;-;   12;-
4607;5027;05;A;  52;100128; 4;w;12; 2790;-; 2362;-;  263;-;  239;-; 2485;-; 2287;-;  195;-;    3;-;   14;-;    7;-;   91;-;  165;-;  128;-;   28;-; 2104;-; 1891;-;  211;-;    2;-;    9;-;    3;-;   93;-;  143;-;  108;-;   10;-
4607;5027;05;A;  52;100128; 4;w;13; 2760;-; 2624;-;  243;-;  238;-; 2456;-; 2309;-;  140;-;    7;-;   13;-;    4;-;   69;-;  170;-;  135;-;   48;-; 2358;-; 2138;-;  217;-;    3;-;    8;-;    3;-;   86;-;  149;-;  121;-;   20;-
4607;5027;05;A;  52;100128; 4;w;14; 2856;-; 3191;-;  200;-;  225;-; 2610;-; 2423;-;  186;-;    1;-;    9;-;    5;-;   72;-;  123;-;  102;-;   37;-; 2939;-; 2703;-;  234;-;    2;-;    8;-;    8;-;   86;-;  131;-;  109;-;   19;-
4607;5027;05;A;  52;100128; 4;w;15; 2677;-; 3871;-;  194;-;  232;-; 2456;-; 2281;-;  174;-;    1;-;    3;-;    6;-;   71;-;  117;-;   89;-;   24;-; 3613;-; 3361;-;  252;-;    0;-;   11;-;    5;-;   95;-;  132;-;  109;-;   15;-
4607;5027;05;A;  52;100128; 4;w;16; 2864;-; 4978;-;  191;-;  201;-; 2652;-; 2490;-;  158;-;    4;-;    7;-;    7;-;   84;-;  100;-;   83;-;   14;-; 4743;-; 4482;-;  260;-;    1;-;   14;-;    4;-;   70;-;  127;-;   98;-;   20;-
4607;5027;05;A;  52;100128; 4;w;17; 2966;-; 4920;-;  136;-;  129;-; 2798;-; 2655;-;  139;-;    4;-;   10;-;    5;-;   38;-;   93;-;   75;-;   22;-; 4767;-; 4595;-;  171;-;    1;-;   14;-;   12;-;   35;-;   82;-;   63;-;   10;-
4607;5027;05;A;  52;100128; 4;w;18; 3306;-; 4757;-;  137;-;  105;-; 3148;-; 3052;-;   92;-;    4;-;    5;-;    8;-;   46;-;   83;-;   63;-;   16;-; 4627;-; 4495;-;  129;-;    3;-;   11;-;    2;-;   33;-;   70;-;   58;-;   14;-
4607;5027;05;A;  52;100128; 4;w;19; 3194;-; 4793;-;  107;-;  105;-; 3055;-; 2947;-;  102;-;    6;-;    5;-;    5;-;   27;-;   75;-;   63;-;   27;-; 4678;-; 4572;-;  104;-;    2;-;    3;-;    2;-;   33;-;   70;-;   59;-;    7;-
4607;5027;05;A;  52;100128; 4;w;20; 2542;-; 3629;-;   84;-;   75;-; 2438;-; 2346;-;   89;-;    3;-;    4;-;    4;-;   23;-;   57;-;   44;-;   16;-; 3540;-; 3429;-;  110;-;    1;-;    3;-;    6;-;   19;-;   50;-;   39;-;   11;-
4607;5027;05;A;  52;100128; 4;w;21; 1528;-; 2172;-;   62;-;   77;-; 1450;-; 1363;-;   85;-;    2;-;    2;-;    3;-;   11;-;   48;-;   37;-;   14;-; 2080;-; 1981;-;   98;-;    1;-;    3;-;    5;-;    7;-;   65;-;   39;-;   12;-
4607;5027;05;A;  52;100128; 4;w;22; 1286;-; 1475;-;   58;-;   65;-; 1217;-; 1153;-;   64;-;    0;-;    1;-;    2;-;   14;-;   42;-;   29;-;   10;-; 1403;-; 1326;-;   77;-;    0;-;    2;-;    2;-;    8;-;   55;-;   31;-;    5;-
4607;5027;05;A;  52;100128; 4;w;23;  894;-; 1559;-;   50;-;   57;-;  833;-;  782;-;   51;-;    0;-;    1;-;    1;-;   12;-;   37;-;   24;-;   10;-; 1491;-; 1417;-;   74;-;    0;-;    4;-;    0;-;   18;-;   39;-;   27;-;    7;-
4607;5027;05;A;  52;100128; 4;w;24;  568;-;  897;-;   38;-;   50;-;  526;-;  494;-;   30;-;    2;-;    0;-;    1;-;    8;-;   29;-;   19;-;    4;-;  843;-;  795;-;   48;-;    0;-;    1;-;    2;-;    7;-;   41;-;   26;-;    3;-
4607;5027;05;A;  52;100129; 5;w;01;  268;-;  365;-;   34;-;   31;-;  231;-;  196;-;   35;-;    0;-;    0;-;    1;-;    7;-;   26;-;   18;-;    3;-;  332;-;  301;-;   31;-;    0;-;    0;-;    2;-;    5;-;   24;-;   16;-;    2;-
4607;5027;05;A;  52;100129; 5;w;02;  157;-;  190;-;   39;-;   43;-;  117;-;  105;-;   12;-;    0;-;    1;-;    1;-;   13;-;   25;-;   20;-;    0;-;  147;-;  123;-;   24;-;    0;-;    0;-;    0;-;    9;-;   34;-;   23;-;    0;-
4607;5027;05;A;  52;100129; 5;w;03;  157;-;  126;-;   46;-;   38;-;  110;-;   89;-;   21;-;    0;-;    0;-;    0;-;   10;-;   36;-;   25;-;    1;-;   87;-;   72;-;   15;-;    0;-;    0;-;    0;-;   10;-;   28;-;   21;-;    1;-
4607;5027;05;A;  52;100129; 5;w;04;  335;-;  179;-;   60;-;   45;-;  273;-;  248;-;   25;-;    0;-;    1;-;    0;-;   20;-;   40;-;   22;-;    1;-;  132;-;  104;-;   28;-;    0;-;    1;-;    0;-;   19;-;   26;-;   17;-;    1;-
4607;5027;05;A;  52;100129; 5;w;05;  775;-;  290;-;  104;-;   79;-;  666;-;  635;-;   30;-;    1;-;    0;-;    5;-;   37;-;   62;-;   44;-;    5;-;  211;-;  188;-;   23;-;    0;-;    0;-;    1;-;   29;-;   49;-;   34;-;    0;-
4607;5027;05;A;  52;100129; 5;w;06; 2202;-;  757;-;  204;-;  136;-; 1984;-; 1911;-;   73;-;    0;-;    2;-;    4;-;   86;-;  114;-;   96;-;   12;-;  613;-;  561;-;   51;-;    1;-;    3;-;    2;-;   41;-;   93;-;   67;-;    5;-
4607;5027;05;A;  52;100129; 5;w;07; 4717;-; 1595;-;  204;-;  142;-; 4480;-; 4274;-;  201;-;    5;-;    7;-;    3;-;   76;-;  125;-;   92;-;   26;-; 1434;-; 1329;-;  104;-;    1;-;    4;-;    3;-;   47;-;   92;-;   62;-;   15;-
4607;5027;05;A;  52;100129; 5;w;08; 5840;-; 3096;-;  209;-;  183;-; 5575;-; 5407;-;  164;-;    4;-;    9;-;   13;-;   89;-;  107;-;   81;-;   47;-; 2892;-; 2749;-;  142;-;    1;-;    4;-;    3;-;   76;-;  104;-;   82;-;   17;-
4607;5027;05;A;  52;100129; 5;w;09; 5528;-; 3604;-;  200;-;  240;-; 5265;-; 5075;-;  184;-;    6;-;    8;-;    7;-;   87;-;  106;-;   76;-;   55;-; 3339;-; 3144;-;  192;-;    3;-;    6;-;   16;-;  109;-;  115;-;   88;-;   19;-
4607;5027;05;A;  52;100129; 5;w;10; 3967;-; 2621;-;  213;-;  268;-; 3705;-; 3531;-;  167;-;    7;-;    7;-;    5;-;   82;-;  126;-;  103;-;   42;-; 2337;-; 2167;-;  167;-;    3;-;    9;-;    6;-;  120;-;  142;-;  110;-;    7;-
4607;5027;05;A;  52;100129; 5;w;11; 3290;-; 2349;-;  205;-;  244;-; 3024;-; 2850;-;  170;-;    4;-;   11;-;    7;-;   77;-;  121;-;   99;-;   50;-; 2085;-; 1893;-;  192;-;    0;-;    8;-;   10;-;   87;-;  147;-;  119;-;   12;-
4607;5027;05;A;  52;100129; 5;w;12; 2953;-; 2613;-;  239;-;  240;-; 2664;-; 2517;-;  143;-;    4;-;   16;-;    6;-;   86;-;  147;-;  120;-;   34;-; 2354;-; 2132;-;  222;-;    0;-;    7;-;    4;-;   96;-;  140;-;  112;-;   12;-
4607;5027;05;A;  52;100129; 5;w;13; 3067;-; 3421;-;  241;-;  244;-; 2792;-; 2620;-;  165;-;    7;-;   14;-;    4;-;   95;-;  142;-;  104;-;   20;-; 3141;-; 2913;-;  225;-;    3;-;   15;-;    4;-;  104;-;  136;-;  109;-;   21;-
4607;5027;05;A;  52;100129; 5;w;14; 3340;-; 4205;-;  226;-;  234;-; 3063;-; 2906;-;  153;-;    4;-;   19;-;    6;-;   90;-;  130;-;  105;-;   32;-; 3932;-; 3694;-;  229;-;    9;-;   16;-;    5;-;  102;-;  127;-;  105;-;   23;-
4607;5027;05;A;  52;100129; 5;w;15; 3093;-; 4179;-;  175;-;  181;-; 2863;-; 2698;-;  161;-;    4;-;   13;-;    6;-;   58;-;  111;-;   79;-;   42;-; 3970;-; 3844;-;  125;-;    1;-;   18;-;    7;-;   56;-;  118;-;   98;-;   10;-
4607;5027;05;A;  52;100129; 5;w;16; 3263;-; 4884;-;  161;-;  178;-; 3077;-; 2891;-;  181;-;    5;-;    6;-;    3;-;   58;-;  100;-;   75;-;   19;-; 4677;-; 4497;-;  178;-;    2;-;   15;-;    7;-;   59;-;  112;-;   86;-;   14;-
4607;5027;05;A;  52;100129; 5;w;17; 3286;-; 4896;-;  127;-;  150;-; 3130;-; 3007;-;  120;-;    3;-;    7;-;    8;-;   37;-;   82;-;   66;-;   22;-; 4729;-; 4642;-;   86;-;    1;-;   13;-;    6;-;   44;-;  100;-;   83;-;    4;-
4607;5027;05;A;  52;100129; 5;w;18; 3552;-; 4969;-;  125;-;  122;-; 3378;-; 3276;-;   98;-;    4;-;    6;-;    9;-;   44;-;   72;-;   54;-;   43;-; 4829;-; 4686;-;  137;-;    6;-;    5;-;    8;-;   36;-;   78;-;   61;-;   13;-
4607;5027;05;A;  52;100129; 5;w;19; 3168;-; 4748;-;   80;-;   99;-; 3050;-; 2952;-;   94;-;    4;-;    9;-;    6;-;   17;-;   57;-;   41;-;   29;-; 4634;-; 4484;-;  149;-;    1;-;    7;-;    7;-;   32;-;   60;-;   47;-;    8;-
4607;5027;05;A;  52;100129; 5;w;20; 2321;-; 2958;-;   73;-;   88;-; 2229;-; 2122;-;  101;-;    6;-;    3;-;    6;-;   20;-;   47;-;   35;-;   16;-; 2849;-; 2730;-;  114;-;    5;-;    6;-;    4;-;   24;-;   60;-;   47;-;   15;-
4607;5027;05;A;  52;100129; 5;w;21; 1562;-; 1794;-;   56;-;   67;-; 1484;-; 1404;-;   78;-;    2;-;    5;-;    7;-;   14;-;   35;-;   26;-;   17;-; 1718;-; 1625;-;   91;-;    2;-;    6;-;    3;-;    7;-;   57;-;   32;-;    3;-
4607;5027;05;A;  52;100129; 5;w;22; 1197;-; 1620;-;   47;-;   69;-; 1132;-; 1082;-;   47;-;    3;-;    4;-;    5;-;   12;-;   30;-;   23;-;   14;-; 1537;-; 1454;-;   82;-;    1;-;    5;-;    3;-;   13;-;   53;-;   32;-;    9;-
4607;5027;05;A;  52;100129; 5;w;23;  997;-; 1893;-;   38;-;   49;-;  953;-;  905;-;   48;-;    0;-;    1;-;    6;-;   16;-;   16;-;   12;-;    5;-; 1833;-; 1755;-;   78;-;    0;-;    3;-;    6;-;   10;-;   33;-;   20;-;    8;-
4607;5027;05;A;  52;100129; 5;w;24;  856;-; 1286;-;   40;-;   51;-;  811;-;  775;-;   36;-;    0;-;    1;-;    6;-;   18;-;   16;-;   10;-;    4;-; 1223;-; 1175;-;   47;-;    1;-;    1;-;    2;-;    6;-;   43;-;   33;-;   11;-
4607;5027;05;A;  52;100130; 6;w;01;  597;-;  649;-;   29;-;   29;-;  565;-;  528;-;   37;-;    0;-;    0;-;    1;-;   13;-;   15;-;    8;-;    3;-;  616;-;  575;-;   41;-;    0;-;    0;-;    6;-;    6;-;   17;-;   13;-;    4;-
4607;5027;05;A;  52;100130; 6;w;02;  336;-;  361;-;   27;-;   25;-;  307;-;  284;-;   23;-;    0;-;    0;-;    1;-;   11;-;   15;-;   10;-;    2;-;  336;-;  301;-;   34;-;    1;-;    0;-;    1;-;    4;-;   20;-;   14;-;    0;-
4607;5027;05;A;  52;100130; 6;w;03;  238;-;  277;-;   35;-;   27;-;  201;-;  185;-;   16;-;    0;-;    1;-;    1;-;   12;-;   22;-;   13;-;    1;-;  250;-;  228;-;   21;-;    1;-;    0;-;    1;-;   14;-;   12;-;    7;-;    0;-
4607;5027;05;A;  52;100130; 6;w;04;  325;-;  236;-;   38;-;   29;-;  285;-;  271;-;   14;-;    0;-;    1;-;    1;-;   14;-;   23;-;   17;-;    1;-;  204;-;  180;-;   24;-;    0;-;    2;-;    0;-;   19;-;   10;-;    5;-;    1;-
4607;5027;05;A;  52;100130; 6;w;05;  393;-;  232;-;   31;-;   40;-;  362;-;  350;-;   11;-;    1;-;    0;-;    0;-;   13;-;   18;-;   12;-;    0;-;  184;-;  152;-;   10;-;   22;-;    0;-;    1;-;   24;-;   15;-;   10;-;    8;-
4607;5027;05;A;  52;100130; 6;w;06;  673;-;  358;-;   49;-;   34;-;  610;-;  585;-;   23;-;    2;-;    3;-;    1;-;   32;-;   16;-;   14;-;   11;-;  294;-;  254;-;   24;-;   16;-;    0;-;    0;-;   14;-;   20;-;   16;-;   30;-
4607;5027;05;A;  52;100130; 6;w;07;  680;-;  519;-;   44;-;   38;-;  632;-;  595;-;   37;-;    0;-;    4;-;    1;-;   26;-;   17;-;   15;-;    0;-;  467;-;  423;-;   39;-;    5;-;    0;-;    0;-;   21;-;   17;-;   14;-;   14;-
4607;5027;05;A;  52;100130; 6;w;08;  873;-;  677;-;   48;-;   51;-;  814;-;  763;-;   49;-;    2;-;    6;-;    2;-;   24;-;   22;-;   18;-;    5;-;  615;-;  556;-;   50;-;    9;-;    1;-;    2;-;   29;-;   20;-;   15;-;   10;-
4607;5027;05;A;  52;100130; 6;w;09; 1358;-;  960;-;   35;-;   60;-; 1314;-; 1232;-;   82;-;    0;-;    8;-;    3;-;   16;-;   16;-;    9;-;    1;-;  878;-;  819;-;   47;-;   12;-;    1;-;    0;-;   41;-;   19;-;   14;-;   21;-
4607;5027;05;A;  52;100130; 6;w;10; 2332;-; 1326;-;   46;-;   53;-; 2271;-; 2193;-;   73;-;    5;-;    7;-;    3;-;   28;-;   15;-;   12;-;    8;-; 1256;-; 1178;-;   76;-;    2;-;    7;-;    3;-;   24;-;   26;-;   21;-;   10;-
4607;5027;05;A;  52;100130; 6;w;11; 2941;-; 1505;-;   52;-;   42;-; 2870;-; 2755;-;  115;-;    0;-;    5;-;    5;-;   27;-;   20;-;   18;-;   14;-; 1447;-; 1372;-;   69;-;    6;-;   11;-;    4;-;   20;-;   18;-;   12;-;    5;-
4607;5027;05;A;  52;100130; 6;w;12; 3111;-; 1689;-;   69;-;   34;-; 2997;-; 2893;-;   98;-;    6;-;   23;-;    9;-;   39;-;   21;-;   17;-;   22;-; 1633;-; 1540;-;   91;-;    2;-;   16;-;    0;-;   16;-;   18;-;   15;-;    6;-
4607;5027;05;A;  52;100130; 6;w;13; 2729;-; 2000;-;   42;-;   40;-; 2653;-; 2540;-;  110;-;    3;-;   17;-;    9;-;   19;-;   14;-;   11;-;   17;-; 1942;-; 1822;-;  120;-;    0;-;   12;-;    2;-;   23;-;   15;-;   10;-;    6;-
4607;5027;05;A;  52;100130; 6;w;14; 2656;-; 2411;-;   47;-;   39;-; 2576;-; 2469;-;  104;-;    3;-;    7;-;   15;-;   13;-;   19;-;   18;-;   26;-; 2355;-; 2244;-;  110;-;    1;-;   10;-;    1;-;   23;-;   15;-;   11;-;    7;-
4607;5027;05;A;  52;100130; 6;w;15; 2134;-; 2786;-;   30;-;   29;-; 2072;-; 1959;-;  111;-;    2;-;    7;-;    0;-;   19;-;   11;-;    9;-;   25;-; 2737;-; 2610;-;  127;-;    0;-;   12;-;    1;-;   13;-;   15;-;   14;-;    8;-
4607;5027;05;A;  52;100130; 6;w;16; 2016;-; 2661;-;   38;-;   35;-; 1950;-; 1846;-;  100;-;    4;-;   16;-;    4;-;   21;-;   13;-;   10;-;   12;-; 2608;-; 2471;-;  135;-;    2;-;    8;-;    3;-;   20;-;   12;-;    8;-;   10;-
4607;5027;05;A;  52;100130; 6;w;17; 1738;-; 2664;-;   24;-;   22;-; 1702;-; 1605;-;   97;-;    0;-;    2;-;    4;-;   12;-;    8;-;    6;-;   10;-; 2631;-; 2493;-;  136;-;    2;-;    4;-;    7;-;    5;-;   10;-;   10;-;    7;-
4607;5027;05;A;  52;100130; 6;w;18; 1904;-; 2804;-;   18;-;   18;-; 1869;-; 1791;-;   76;-;    2;-;    5;-;    5;-;   12;-;    1;-;    1;-;   12;-; 2762;-; 2649;-;  112;-;    1;-;    8;-;    4;-;    7;-;    7;-;    7;-;   16;-
4607;5027;05;A;  52;100130; 6;w;19; 1891;-; 3122;-;   20;-;   27;-; 1858;-; 1794;-;   63;-;    1;-;    3;-;    6;-;   11;-;    3;-;    3;-;   10;-; 3080;-; 2960;-;  119;-;    1;-;    4;-;   13;-;    8;-;    6;-;    6;-;   11;-
4607;5027;05;A;  52;100130; 6;w;20; 1504;-; 1866;-;   11;-;   25;-; 1483;-; 1429;-;   53;-;    1;-;    2;-;    1;-;    7;-;    3;-;    2;-;    8;-; 1826;-; 1736;-;   90;-;    0;-;    9;-;   12;-;    9;-;    4;-;    3;-;    6;-
4607;5027;05;A;  52;100130; 6;w;21; 1113;-; 1397;-;   13;-;    9;-; 1092;-; 1039;-;   52;-;    1;-;    1;-;    0;-;   10;-;    3;-;    3;-;    7;-; 1381;-; 1319;-;   61;-;    1;-;    4;-;    1;-;    4;-;    4;-;    4;-;    3;-
4607;5027;05;A;  52;100130; 6;w;22;  986;-;  982;-;   10;-;    5;-;  969;-;  923;-;   43;-;    3;-;    2;-;    2;-;    5;-;    3;-;    2;-;    5;-;  973;-;  931;-;   42;-;    0;-;    3;-;    2;-;    3;-;    0;-;    0;-;    1;-
4607;5027;05;A;  52;100130; 6;w;23;  874;-;  992;-;    5;-;    8;-;  863;-;  821;-;   38;-;    4;-;    0;-;    0;-;    4;-;    1;-;    1;-;    6;-;  980;-;  948;-;   32;-;    0;-;    0;-;    1;-;    3;-;    4;-;    3;-;    4;-
4607;5027;05;A;  52;100130; 6;w;24;  701;-;  956;-;    5;-;   13;-;  688;-;  675;-;   12;-;    1;-;    3;-;    1;-;    2;-;    2;-;    1;-;    5;-;  890;-;  714;-;   24;-;  152;-;    0;-;    1;-;   11;-;    1;-;    1;-;   53;-
4607;5027;05;A;  52;100131; 7;s;01;  698;-;  645;-;    7;-;    8;-;  684;-;  665;-;   19;-;    0;-;    1;-;    0;-;    7;-;    0;-;    0;-;    6;-;  590;-;  461;-;    7;-;  122;-;    0;-;    0;-;    4;-;    4;-;    4;-;   47;-
4607;5027;05;A;  52;100131; 7;s;02;  437;-;  506;-;    6;-;    7;-;  430;-;  426;-;    4;-;    0;-;    1;-;    1;-;    4;-;    1;-;    1;-;    0;-;  451;-;  348;-;   12;-;   91;-;    0;-;    1;-;    3;-;    3;-;    2;-;   48;-
4607;5027;05;A;  52;100131; 7;s;03;  284;-;  295;-;    8;-;    1;-;  276;-;  272;-;    3;-;    1;-;    0;-;    1;-;    6;-;    1;-;    1;-;    0;-;  252;-;  200;-;    6;-;   46;-;    0;-;    0;-;    0;-;    1;-;    1;-;   42;-
4607;5027;05;A;  52;100131; 7;s;04;  351;-;  221;-;    9;-;    8;-;  340;-;  331;-;    9;-;    0;-;    0;-;    0;-;    7;-;    2;-;    2;-;    2;-;  201;-;  176;-;    6;-;   19;-;    0;-;    0;-;    7;-;    1;-;    1;-;   12;-
4607;5027;05;A;  52;100131; 7;s;05;  422;-;  315;-;    9;-;    4;-;  412;-;  397;-;   14;-;    1;-;    0;-;    1;-;    6;-;    2;-;    1;-;    1;-;  281;-;  234;-;   13;-;   34;-;    0;-;    0;-;    4;-;    0;-;    0;-;   30;-
4607;5027;05;A;  52;100131; 7;s;06;  523;-;  324;-;    4;-;    6;-;  517;-;  504;-;   12;-;    1;-;    0;-;    2;-;    1;-;    1;-;    1;-;    2;-;  318;-;  302;-;   14;-;    2;-;    0;-;    2;-;    2;-;    2;-;    2;-;    0;-
4607;5027;05;A;  52;100131; 7;s;07;  315;-;  365;-;    7;-;    3;-;  304;-;  293;-;   11;-;    0;-;    1;-;    1;-;    4;-;    2;-;    2;-;    3;-;  361;-;  342;-;   19;-;    0;-;    1;-;    3;-;    0;-;    0;-;    0;-;    0;-
4607;5027;05;A;  52;100131; 7;s;08;  412;-;  299;-;    5;-;    7;-;  396;-;  364;-;   32;-;    0;-;    4;-;    1;-;    2;-;    2;-;    2;-;    7;-;  289;-;  275;-;   14;-;    0;-;    1;-;    3;-;    1;-;    3;-;    2;-;    2;-
4607;5027;05;A;  52;100131; 7;s;09;  714;-;  464;-;   13;-;    9;-;  686;-;  644;-;   41;-;    1;-;   14;-;    2;-;    6;-;    5;-;    5;-;    1;-;  454;-;  417;-;   37;-;    0;-;    1;-;    4;-;    3;-;    2;-;    1;-;    0;-
4607;5027;05;A;  52;100131; 7;s;10; 1640;-;  743;-;   20;-;   14;-; 1592;-; 1477;-;  114;-;    1;-;   20;-;    2;-;   12;-;    6;-;    3;-;    8;-;  725;-;  687;-;   38;-;    0;-;    1;-;    1;-;    9;-;    4;-;    2;-;    3;-
4607;5027;05;A;  52;100131; 7;s;11; 2002;-; 1203;-;   24;-;   15;-; 1959;-; 1869;-;   88;-;    2;-;    7;-;    6;-;   10;-;    8;-;    8;-;   12;-; 1175;-; 1122;-;   53;-;    0;-;    6;-;    3;-;    8;-;    4;-;    2;-;    7;-
4607;5027;05;A;  52;100131; 7;s;12; 1965;-; 1449;-;   21;-;   12;-; 1906;-; 1823;-;   79;-;    4;-;   10;-;    1;-;   13;-;    7;-;    5;-;   28;-; 1427;-; 1345;-;   80;-;    2;-;    0;-;    3;-;    5;-;    4;-;    3;-;   10;-
4607;5027;05;A;  52;100131; 7;s;13; 1938;-; 1729;-;   22;-;   19;-; 1887;-; 1797;-;   87;-;    3;-;    5;-;    3;-;   15;-;    4;-;    2;-;   24;-; 1698;-; 1610;-;   86;-;    2;-;    2;-;    3;-;   10;-;    6;-;    5;-;   10;-
4607;5027;05;A;  52;100131; 7;s;14; 2073;-; 2015;-;   14;-;   14;-; 2036;-; 1941;-;   93;-;    2;-;    9;-;    0;-;    7;-;    7;-;    4;-;   14;-; 1994;-; 1899;-;   95;-;    0;-;    2;-;    3;-;    8;-;    3;-;    2;-;    5;-
4607;5027;05;A;  52;100131; 7;s;15; 2001;-; 2477;-;   29;-;   15;-; 1935;-; 1849;-;   83;-;    3;-;    5;-;    3;-;   16;-;   10;-;    7;-;   32;-; 2443;-; 2322;-;  120;-;    1;-;    6;-;    1;-;    8;-;    6;-;    5;-;   13;-
4607;5027;05;A;  52;100131; 7;s;16; 1980;-; 2411;-;   23;-;   11;-; 1940;-; 1846;-;   92;-;    2;-;    7;-;    3;-;   11;-;    9;-;    8;-;   10;-; 2374;-; 2241;-;  131;-;    2;-;    9;-;    4;-;    1;-;    6;-;    6;-;   17;-
4607;5027;05;A;  52;100131; 7;s;17; 1986;-; 2451;-;   28;-;   23;-; 1937;-; 1846;-;   89;-;    2;-;    5;-;    0;-;   17;-;   11;-;    9;-;   16;-; 2410;-; 2278;-;  131;-;    1;-;    8;-;    6;-;    9;-;    8;-;    4;-;   10;-
4607;5027;05;A;  52;100131; 7;s;18; 2264;-; 2622;-;   25;-;   13;-; 2210;-; 2115;-;   91;-;    4;-;   12;-;    3;-;   14;-;    8;-;    8;-;   17;-; 2568;-; 2409;-;  156;-;    3;-;   28;-;    5;-;    4;-;    4;-;    4;-;   13;-
4607;5027;05;A;  52;100131; 7;s;19; 1869;-; 2444;-;   29;-;   21;-; 1813;-; 1731;-;   80;-;    2;-;    6;-;    2;-;   16;-;   11;-;    8;-;   21;-; 2398;-; 2260;-;  137;-;    1;-;   22;-;    1;-;   12;-;    8;-;    8;-;    3;-
4607;5027;05;A;  52;100131; 7;s;20; 1513;-; 1609;-;   14;-;   29;-; 1485;-; 1426;-;   57;-;    2;-;    5;-;    1;-;    8;-;    5;-;    4;-;    9;-; 1548;-; 1442;-;  105;-;    1;-;   22;-;    4;-;    9;-;   16;-;   15;-;   10;-
4607;5027;05;A;  52;100131; 7;s;21; 1236;-; 1324;-;   18;-;   26;-; 1212;-; 1162;-;   46;-;    4;-;    2;-;    2;-;    9;-;    7;-;    6;-;    4;-; 1259;-; 1158;-;  101;-;    0;-;   36;-;    3;-;   13;-;   10;-;    9;-;    3;-
4607;5027;05;A;  52;100131; 7;s;22; 1105;-; 1161;-;   24;-;   35;-; 1067;-; 1016;-;   50;-;    1;-;    2;-;    1;-;    5;-;   18;-;   15;-;   12;-; 1101;-; 1036;-;   65;-;    0;-;   19;-;    3;-;   23;-;    9;-;    7;-;    6;-
4607;5027;05;A;  52;100131; 7;s;23;  790;-;  922;-;   27;-;   47;-;  761;-;  711;-;   50;-;    0;-;    0;-;    2;-;   11;-;   14;-;   10;-;    2;-;  848;-;  800;-;   48;-;    0;-;   23;-;    0;-;   21;-;   26;-;   22;-;    4;-
4607;5027;05;A;  52;100131; 7;s;24;  483;-;  811;-;   27;-;   44;-;  452;-;  421;-;   31;-;    0;-;    0;-;    0;-;    5;-;   22;-;   15;-;    4;-;  755;-;  713;-;   41;-;    1;-;    8;-;    2;-;   17;-;   25;-;   24;-;    4;-
4607;5027;05;A;  52;100201; 1;w;01;  210;-;  335;-;   26;-;   31;-;  180;-;  164;-;   16;-;    0;-;    2;-;    1;-;    6;-;   19;-;   15;-;    2;-;  299;-;  273;-;   26;-;    0;-;    4;-;    2;-;    6;-;   23;-;   17;-;    1;-
4607;5027;05;A;  52;100201; 1;w;02;  120;-;  135;-;   29;-;   30;-;   88;-;   78;-;   10;-;    0;-;    2;-;    0;-;    6;-;   23;-;   19;-;    1;-;  105;-;   90;-;   15;-;    0;-;    0;-;    1;-;   10;-;   19;-;   15;-;    0;-
4607;5027;05;A;  52;100201; 1;w;03;  129;-;   85;-;   39;-;   21;-;   89;-;   83;-;    6;-;    0;-;    0;-;    0;-;    9;-;   30;-;   25;-;    1;-;   64;-;   55;-;    9;-;    0;-;    0;-;    0;-;    9;-;   12;-;   10;-;    0;-
4607;5027;05;A;  52;100201; 1;w;04;  306;-;  154;-;   48;-;   49;-;  254;-;  235;-;   19;-;    0;-;    1;-;    0;-;   15;-;   33;-;   25;-;    3;-;  104;-;   79;-;   25;-;    0;-;    1;-;    0;-;   19;-;   30;-;   25;-;    0;-
4607;5027;05;A;  52;100201; 1;w;05;  796;-;  290;-;   83;-;   80;-;  707;-;  674;-;   32;-;    1;-;    0;-;    3;-;   31;-;   49;-;   46;-;    6;-;  209;-;  190;-;   19;-;    0;-;    0;-;    1;-;   35;-;   44;-;   36;-;    1;-
4607;5027;05;A;  52;100201; 1;w;06; 2562;-;  774;-;  168;-;   94;-; 2368;-; 2294;-;   70;-;    4;-;    3;-;    4;-;   69;-;   95;-;   83;-;   23;-;  676;-;  626;-;   50;-;    0;-;    1;-;    3;-;   23;-;   68;-;   57;-;    3;-
4607;5027;05;A;  52;100201; 1;w;07; 4745;-; 1805;-;  187;-;  114;-; 4534;-; 4376;-;  154;-;    4;-;    4;-;    2;-;   79;-;  106;-;   88;-;   20;-; 1681;-; 1610;-;   71;-;    0;-;    4;-;    0;-;   56;-;   58;-;   52;-;    6;-
4607;5027;05;A;  52;100201; 1;w;08; 5817;-; 3259;-;  191;-;  130;-; 5575;-; 5407;-;  164;-;    4;-;    9;-;    8;-;   73;-;  110;-;   94;-;   42;-; 3107;-; 2961;-;  144;-;    2;-;    4;-;    4;-;   55;-;   71;-;   55;-;   18;-
4607;5027;05;A;  52;100201; 1;w;09; 5820;-; 3778;-;  217;-;  197;-; 5566;-; 5436;-;  125;-;    5;-;   19;-;    6;-;   95;-;  116;-;   92;-;   18;-; 3542;-; 3378;-;  161;-;    3;-;   19;-;    7;-;  105;-;   85;-;   67;-;   20;-
4607;5027;05;A;  52;100201; 1;w;10; 4862;-; 2692;-;  293;-;  238;-; 4515;-; 4337;-;  175;-;    3;-;   22;-;    3;-;  131;-;  159;-;  116;-;   32;-; 2423;-; 2233;-;  184;-;    6;-;   24;-;    5;-;  107;-;  126;-;   96;-;    7;-
4607;5027;05;A;  52;100201; 1;w;11; 3197;-; 2195;-;  267;-;  268;-; 2853;-; 2638;-;  207;-;    8;-;   32;-;    5;-;   99;-;  163;-;  128;-;   45;-; 1895;-; 1701;-;  192;-;    2;-;   23;-;    4;-;  116;-;  148;-;  106;-;    9;-
4607;5027;05;A;  52;100201; 1;w;12; 2456;-; 2339;-;  224;-;  245;-; 2198;-; 2017;-;  180;-;    1;-;   14;-;    3;-;   95;-;  126;-;  103;-;   20;-; 2061;-; 1856;-;  203;-;    2;-;   20;-;    8;-;  110;-;  127;-;  104;-;   13;-
4607;5027;05;A;  52;100201; 1;w;13; 2645;-; 2573;-;  226;-;  230;-; 2383;-; 2199;-;  183;-;    1;-;   14;-;    3;-;   93;-;  130;-;  103;-;   22;-; 2311;-; 2110;-;  200;-;    1;-;   24;-;    4;-;   90;-;  136;-;  104;-;    8;-
4607;5027;05;A;  52;100201; 1;w;14; 2657;-; 3036;-;  230;-;  234;-; 2390;-; 2218;-;  166;-;    6;-;    9;-;    5;-;   79;-;  146;-;  110;-;   28;-; 2772;-; 2567;-;  202;-;    3;-;   16;-;    9;-;  108;-;  117;-;   80;-;   14;-
4607;5027;05;A;  52;100201; 1;w;15; 2303;-; 3661;-;  181;-;  249;-; 2092;-; 1902;-;  183;-;    7;-;   14;-;    6;-;   70;-;  105;-;   81;-;   16;-; 3374;-; 3135;-;  236;-;    3;-;   23;-;    5;-;  104;-;  140;-;  102;-;   15;-
4607;5027;05;A;  52;100201; 1;w;16; 2520;-; 4256;-;  202;-;  190;-; 2297;-; 2115;-;  182;-;    0;-;    4;-;    3;-;   81;-;  118;-;   93;-;   17;-; 4023;-; 3790;-;  229;-;    4;-;   26;-;    5;-;   71;-;  114;-;   87;-;   17;-
4607;5027;05;A;  52;100201; 1;w;17; 2873;-; 5307;-;  154;-;  146;-; 2685;-; 2537;-;  145;-;    3;-;   12;-;    4;-;   55;-;   95;-;   76;-;   22;-; 5114;-; 4905;-;  206;-;    3;-;   33;-;    9;-;   46;-;   91;-;   74;-;   14;-
4607;5027;05;A;  52;100201; 1;w;18; 3134;-; 5378;-;  153;-;  149;-; 2935;-; 2802;-;  129;-;    4;-;    8;-;    5;-;   36;-;  112;-;   91;-;   38;-; 5200;-; 5079;-;  118;-;    3;-;   15;-;    4;-;   45;-;  100;-;   81;-;   14;-
4607;5027;05;A;  52;100201; 1;w;19; 2861;-; 4739;-;  114;-;  100;-; 2729;-; 2629;-;   95;-;    5;-;    2;-;    3;-;   20;-;   91;-;   72;-;   16;-; 4618;-; 4500;-;  117;-;    1;-;   12;-;    3;-;   25;-;   72;-;   58;-;    9;-
4607;5027;05;A;  52;100201; 1;w;20; 2059;-; 2972;-;   74;-;   67;-; 1960;-; 1868;-;   88;-;    4;-;    4;-;    2;-;   22;-;   50;-;   40;-;   21;-; 2877;-; 2752;-;  122;-;    3;-;   10;-;    0;-;   16;-;   51;-;   39;-;   18;-
4607;5027;05;A;  52;100201; 1;w;21; 1330;-; 1705;-;   53;-;   85;-; 1263;-; 1193;-;   66;-;    4;-;    1;-;    3;-;   10;-;   40;-;   28;-;   13;-; 1600;-; 1506;-;   94;-;    0;-;    4;-;    5;-;   12;-;   68;-;   48;-;   16;-
4607;5027;05;A;  52;100201; 1;w;22; 1111;-; 1385;-;   47;-;   58;-; 1054;-;  982;-;   70;-;    2;-;    1;-;    2;-;    8;-;   37;-;   25;-;    9;-; 1320;-; 1245;-;   74;-;    1;-;    3;-;    0;-;   10;-;   48;-;   29;-;    4;-
4607;5027;05;A;  52;100201; 1;w;23;  676;-; 1132;-;   38;-;   56;-;  633;-;  589;-;   43;-;    1;-;    2;-;    1;-;    4;-;   33;-;   31;-;    3;-; 1072;-; 1016;-;   55;-;    1;-;    1;-;    1;-;   11;-;   44;-;   32;-;    3;-
4607;5027;05;A;  52;100201; 1;w;24;  398;-;  697;-;   41;-;   46;-;  356;-;  318;-;   36;-;    2;-;    0;-;    0;-;   14;-;   27;-;   18;-;    1;-;  645;-;  593;-;   50;-;    2;-;    0;-;    2;-;    3;-;   41;-;   30;-;    6;-
4607;5027;05;A;  52;100202; 2;w;01;  213;-;  352;-;   41;-;   45;-;  170;-;  146;-;   23;-;    1;-;    0;-;    0;-;   15;-;   26;-;   21;-;    2;-;  304;-;  275;-;   29;-;    0;-;    2;-;    2;-;    8;-;   35;-;   26;-;    1;-
4607;5027;05;A;  52;100202; 2;w;02;  119;-;  133;-;   38;-;   25;-;   78;-;   63;-;   15;-;    0;-;    1;-;    0;-;    9;-;   29;-;   17;-;    2;-;  108;-;   90;-;   18;-;    0;-;    0;-;    0;-;    5;-;   20;-;   14;-;    0;-
4607;5027;05;A;  52;100202; 2;w;03;  132;-;  125;-;   44;-;   37;-;   87;-;   71;-;   15;-;    1;-;    0;-;    0;-;   13;-;   31;-;   23;-;    1;-;   87;-;   71;-;   16;-;    0;-;    1;-;    0;-;   10;-;   27;-;   22;-;    0;-
4607;5027;05;A;  52;100202; 2;w;04;  312;-;  185;-;   55;-;   69;-;  256;-;  230;-;   25;-;    1;-;    1;-;    0;-;   19;-;   36;-;   26;-;    0;-;  116;-;   87;-;   28;-;    1;-;    0;-;    0;-;   29;-;   40;-;   28;-;    0;-
4607;5027;05;A;  52;100202; 2;w;05;  819;-;  268;-;   84;-;   73;-;  732;-;  695;-;   37;-;    0;-;    0;-;    5;-;   37;-;   42;-;   30;-;    3;-;  193;-;  170;-;   23;-;    0;-;    1;-;    1;-;   35;-;   37;-;   26;-;    1;-
4607;5027;05;A;  52;100202; 2;w;06; 2435;-;  714;-;  167;-;  109;-; 2251;-; 2173;-;   77;-;    1;-;    3;-;    2;-;   74;-;   91;-;   73;-;   14;-;  605;-;  545;-;   60;-;    0;-;    0;-;    0;-;   42;-;   67;-;   50;-;    0;-
4607;5027;05;A;  52;100202; 2;w;07; 5085;-; 1780;-;  194;-;  143;-; 4790;-; 4577;-;  207;-;    6;-;    7;-;    3;-;   82;-;  109;-;   81;-;   94;-; 1620;-; 1500;-;  119;-;    1;-;    2;-;    1;-;   49;-;   93;-;   70;-;   15;-
4607;5027;05;A;  52;100202; 2;w;08; 6364;-; 3251;-;  183;-;  140;-; 6116;-; 5943;-;  161;-;   12;-;   12;-;    8;-;   67;-;  108;-;   79;-;   53;-; 3087;-; 2933;-;  150;-;    4;-;    8;-;    1;-;   63;-;   76;-;   65;-;   16;-
4607;5027;05;A;  52;100202; 2;w;09; 6002;-; 3672;-;  264;-;  200;-; 5635;-; 5474;-;  153;-;    8;-;   11;-;    3;-;  113;-;  148;-;  115;-;   92;-; 3446;-; 3257;-;  187;-;    2;-;    5;-;    5;-;   94;-;  101;-;   75;-;   21;-
4607;5027;05;A;  52;100202; 2;w;10; 3985;-; 2482;-;  264;-;  244;-; 3656;-; 3446;-;  198;-;   12;-;   10;-;    7;-;  103;-;  154;-;  119;-;   55;-; 2212;-; 2004;-;  206;-;    2;-;   11;-;    3;-;  119;-;  122;-;   81;-;   15;-
4607;5027;05;A;  52;100202; 2;w;11; 2629;-; 2119;-;  221;-;  248;-; 2348;-; 2172;-;  174;-;    2;-;   14;-;    5;-;   84;-;  132;-;  106;-;   46;-; 1858;-; 1650;-;  207;-;    1;-;    5;-;    5;-;   89;-;  154;-;  125;-;    8;-
4607;5027;05;A;  52;100202; 2;w;12; 2480;-; 2307;-;  215;-;  257;-; 2220;-; 2056;-;  162;-;    2;-;   16;-;    2;-;   80;-;  133;-;  102;-;   29;-; 2027;-; 1810;-;  216;-;    1;-;   13;-;    3;-;  106;-;  148;-;  117;-;   10;-
4607;5027;05;A;  52;100202; 2;w;13; 2639;-; 2487;-;  204;-;  246;-; 2390;-; 2192;-;  191;-;    7;-;   11;-;    2;-;   86;-;  116;-;   95;-;   34;-; 2224;-; 2011;-;  212;-;    1;-;    6;-;    1;-;   98;-;  147;-;  114;-;   11;-
4607;5027;05;A;  52;100202; 2;w;14; 2685;-; 3087;-;  210;-;  231;-; 2438;-; 2286;-;  149;-;    3;-;   14;-;    6;-;   74;-;  130;-;  108;-;   23;-; 2836;-; 2660;-;  176;-;    0;-;   11;-;    2;-;   81;-;  148;-;  121;-;    9;-
4607;5027;05;A;  52;100202; 2;w;15; 2433;-; 3569;-;  202;-;  249;-; 2189;-; 2023;-;  161;-;    5;-;   12;-;    2;-;   85;-;  115;-;   90;-;   30;-; 3304;-; 3088;-;  214;-;    2;-;    8;-;   10;-;  107;-;  132;-;   96;-;    8;-
4607;5027;05;A;  52;100202; 2;w;16; 2573;-; 4574;-;  195;-;  192;-; 2352;-; 2187;-;  163;-;    2;-;   10;-;    3;-;   74;-;  118;-;   89;-;   16;-; 4350;-; 4115;-;  232;-;    3;-;   12;-;    6;-;   69;-;  117;-;   84;-;   20;-
4607;5027;05;A;  52;100202; 2;w;17; 3015;-; 5417;-;  134;-;  181;-; 2850;-; 2719;-;  128;-;    3;-;    8;-;    6;-;   56;-;   72;-;   57;-;   23;-; 5201;-; 5006;-;  194;-;    1;-;   17;-;   12;-;   61;-;  108;-;   89;-;   18;-
4607;5027;05;A;  52;100202; 2;w;18; 3602;-; 5501;-;  141;-;  122;-; 3437;-; 3319;-;  113;-;    5;-;    3;-;    4;-;   40;-;   97;-;   80;-;   21;-; 5364;-; 5217;-;  145;-;    2;-;    4;-;    5;-;   42;-;   75;-;   60;-;   11;-
4607;5027;05;A;  52;100202; 2;w;19; 3253;-; 4820;-;  110;-;  113;-; 3128;-; 3050;-;   75;-;    3;-;    1;-;    3;-;   23;-;   84;-;   62;-;   14;-; 4687;-; 4577;-;  108;-;    2;-;    4;-;    3;-;   24;-;   86;-;   67;-;   16;-
4607;5027;05;A;  52;100202; 2;w;20; 2228;-; 3129;-;   68;-;   72;-; 2132;-; 2057;-;   68;-;    7;-;    1;-;    1;-;   14;-;   53;-;   43;-;   27;-; 3040;-; 2914;-;  125;-;    1;-;    6;-;    1;-;   21;-;   50;-;   44;-;   11;-
4607;5027;05;A;  52;100202; 2;w;21; 1326;-; 1920;-;   54;-;   88;-; 1267;-; 1203;-;   64;-;    0;-;    0;-;    3;-;   14;-;   37;-;   28;-;    5;-; 1823;-; 1724;-;   98;-;    1;-;    0;-;    7;-;    8;-;   73;-;   46;-;    9;-
4607;5027;05;A;  52;100202; 2;w;22; 1139;-; 1517;-;   50;-;   51;-; 1075;-; 1016;-;   57;-;    2;-;    0;-;    2;-;    9;-;   39;-;   32;-;   14;-; 1449;-; 1388;-;   61;-;    0;-;    4;-;    0;-;   10;-;   41;-;   24;-;   13;-
4607;5027;05;A;  52;100202; 2;w;23;  772;-; 1430;-;   44;-;   48;-;  723;-;  690;-;   32;-;    1;-;    3;-;    2;-;    9;-;   33;-;   22;-;    2;-; 1379;-; 1336;-;   43;-;    0;-;    2;-;    1;-;   10;-;   37;-;   24;-;    1;-
4607;5027;05;A;  52;100202; 2;w;24;  394;-; 1456;-;   34;-;   58;-;  356;-;  335;-;   20;-;    1;-;    1;-;    3;-;    3;-;   28;-;   22;-;    3;-; 1389;-; 1341;-;   47;-;    1;-;    1;-;    2;-;    7;-;   49;-;   31;-;    8;-
4607;5027;05;A;  52;100203; 3;w;01;  231;-;  344;-;   32;-;   43;-;  198;-;  181;-;   17;-;    0;-;    0;-;    1;-;    9;-;   22;-;   13;-;    1;-;  301;-;  287;-;   14;-;    0;-;    0;-;    4;-;    8;-;   31;-;   22;-;    0;-
4607;5027;05;A;  52;100203; 3;w;02;  156;-;  165;-;   43;-;   32;-;  112;-;  105;-;    6;-;    1;-;    1;-;    1;-;    9;-;   33;-;   22;-;    0;-;  132;-;  117;-;   14;-;    1;-;    0;-;    0;-;    9;-;   23;-;   17;-;    1;-
4607;5027;05;A;  52;100203; 3;w;03;  143;-;  147;-;   49;-;   45;-;   94;-;   87;-;    7;-;    0;-;    0;-;    0;-;   17;-;   32;-;   22;-;    0;-;  102;-;   88;-;   14;-;    0;-;    0;-;    0;-;   16;-;   29;-;   22;-;    0;-
4607;5027;05;A;  52;100203; 3;w;04;  333;-;  185;-;   69;-;   54;-;  262;-;  239;-;   22;-;    1;-;    1;-;    2;-;   18;-;   49;-;   33;-;    1;-;  131;-;  101;-;   30;-;    0;-;    0;-;    0;-;   24;-;   30;-;   17;-;    0;-
4607;5027;05;A;  52;100203; 3;w;05;  783;-;  272;-;   98;-;   73;-;  683;-;  657;-;   25;-;    1;-;    0;-;    5;-;   38;-;   55;-;   33;-;    2;-;  198;-;  176;-;   22;-;    0;-;    1;-;    1;-;   29;-;   43;-;   20;-;    0;-
4607;5027;05;A;  52;100203; 3;w;06; 2370;-;  712;-;  157;-;  108;-; 2182;-; 2112;-;   64;-;    6;-;    2;-;    1;-;   62;-;   94;-;   76;-;   29;-;  599;-;  554;-;   45;-;    0;-;    1;-;    1;-;   31;-;   76;-;   59;-;    4;-
4607;5027;05;A;  52;100203; 3;w;07; 4909;-; 1751;-;  193;-;  146;-; 4677;-; 4465;-;  208;-;    4;-;    7;-;    4;-;   79;-;  110;-;   81;-;   32;-; 1595;-; 1489;-;  106;-;    0;-;    2;-;    1;-;   58;-;   87;-;   61;-;    8;-
4607;5027;05;A;  52;100203; 3;w;08; 5950;-; 3269;-;  202;-;  191;-; 5708;-; 5546;-;  159;-;    3;-;   12;-;    5;-;   97;-;  100;-;   80;-;   28;-; 3053;-; 2908;-;  144;-;    1;-;    8;-;    2;-;   98;-;   91;-;   69;-;   17;-
4607;5027;05;A;  52;100203; 3;w;09; 6091;-; 3754;-;  250;-;  183;-; 5811;-; 5682;-;  120;-;    9;-;   15;-;    5;-;  114;-;  131;-;   93;-;   15;-; 3541;-; 3366;-;  172;-;    3;-;    7;-;    8;-;   84;-;   91;-;   62;-;   23;-
4607;5027;05;A;  52;100203; 3;w;10; 4504;-; 2587;-;  268;-;  219;-; 4192;-; 4026;-;  160;-;    6;-;   12;-;    2;-;  101;-;  165;-;  124;-;   32;-; 2347;-; 2151;-;  195;-;    1;-;    5;-;    1;-;  104;-;  114;-;   86;-;   16;-
4607;5027;05;A;  52;100203; 3;w;11; 2737;-; 2248;-;  218;-;  244;-; 2485;-; 2273;-;  209;-;    3;-;   14;-;    4;-;   87;-;  127;-;  106;-;   20;-; 1990;-; 1775;-;  214;-;    1;-;    4;-;    4;-;   91;-;  149;-;  122;-;   10;-
4607;5027;05;A;  52;100203; 3;w;12; 2519;-; 2298;-;  237;-;  228;-; 2256;-; 2051;-;  204;-;    1;-;    9;-;    5;-;   89;-;  143;-;  106;-;   17;-; 2047;-; 1839;-;  207;-;    1;-;    8;-;    2;-;   95;-;  131;-;  109;-;   15;-
4607;5027;05;A;  52;100203; 3;w;13; 2760;-; 2696;-;  236;-;  243;-; 2495;-; 2308;-;  183;-;    4;-;    8;-;    3;-;   85;-;  148;-;  122;-;   21;-; 2427;-; 2200;-;  225;-;    2;-;   14;-;    1;-;   99;-;  143;-;  108;-;   12;-
4607;5027;05;A;  52;100203; 3;w;14; 2891;-; 3265;-;  208;-;  222;-; 2647;-; 2460;-;  183;-;    4;-;   12;-;    4;-;   88;-;  116;-;   90;-;   24;-; 3014;-; 2789;-;  225;-;    0;-;   14;-;    1;-;   90;-;  131;-;   94;-;   15;-
4607;5027;05;A;  52;100203; 3;w;15; 2770;-; 3792;-;  199;-;  201;-; 2540;-; 2361;-;  173;-;    6;-;   14;-;    1;-;   77;-;  121;-;   98;-;   17;-; 3566;-; 3326;-;  239;-;    1;-;   14;-;    4;-;   80;-;  117;-;   88;-;   11;-
4607;5027;05;A;  52;100203; 3;w;16; 2911;-; 4763;-;  191;-;  209;-; 2693;-; 2499;-;  190;-;    4;-;    9;-;    2;-;   67;-;  122;-;   93;-;   18;-; 4533;-; 4270;-;  262;-;    1;-;   10;-;    7;-;   78;-;  124;-;   95;-;   11;-
4607;5027;05;A;  52;100203; 3;w;17; 3276;-; 5464;-;  155;-;  155;-; 3086;-; 2893;-;  185;-;    8;-;    9;-;    4;-;   51;-;  100;-;   72;-;   26;-; 5278;-; 5032;-;  240;-;    6;-;   13;-;    5;-;   60;-;   90;-;   69;-;   18;-
4607;5027;05;A;  52;100203; 3;w;18; 3750;-; 5665;-;  140;-;  122;-; 3581;-; 3469;-;  110;-;    2;-;    2;-;    4;-;   40;-;   96;-;   74;-;   27;-; 5516;-; 5337;-;  176;-;    3;-;    7;-;    4;-;   35;-;   83;-;   72;-;   20;-
4607;5027;05;A;  52;100203; 3;w;19; 3541;-; 5189;-;   92;-;   97;-; 3386;-; 3273;-;  111;-;    2;-;    5;-;    2;-;   15;-;   75;-;   59;-;   58;-; 5050;-; 4911;-;  139;-;    0;-;   11;-;    5;-;   24;-;   68;-;   53;-;   31;-
4607;5027;05;A;  52;100203; 3;w;20; 2380;-; 3524;-;   84;-;   74;-; 2259;-; 2162;-;   96;-;    1;-;    4;-;    2;-;   17;-;   65;-;   48;-;   33;-; 3424;-; 3277;-;  141;-;    6;-;    3;-;    2;-;   17;-;   55;-;   46;-;   23;-
4607;5027;05;A;  52;100203; 3;w;21; 1526;-; 2174;-;   66;-;   84;-; 1441;-; 1366;-;   74;-;    1;-;    4;-;    3;-;   16;-;   47;-;   37;-;   15;-; 2069;-; 1931;-;  137;-;    1;-;    2;-;    5;-;   16;-;   63;-;   43;-;   19;-
4607;5027;05;A;  52;100203; 3;w;22; 1205;-; 1637;-;   49;-;   56;-; 1138;-; 1086;-;   52;-;    0;-;    0;-;    4;-;    9;-;   36;-;   29;-;   18;-; 1568;-; 1465;-;  100;-;    3;-;    0;-;    0;-;    8;-;   48;-;   30;-;   13;-
4607;5027;05;A;  52;100203; 3;w;23;  813;-; 1978;-;   47;-;   60;-;  761;-;  716;-;   45;-;    0;-;    0;-;    0;-;   13;-;   34;-;   25;-;    5;-; 1905;-; 1816;-;   88;-;    1;-;    1;-;    2;-;   14;-;   44;-;   36;-;   12;-
4607;5027;05;A;  52;100203; 3;w;24;  496;-; 1226;-;   51;-;   46;-;  440;-;  405;-;   35;-;    0;-;    1;-;    0;-;   11;-;   40;-;   30;-;    4;-; 1172;-; 1113;-;   58;-;    1;-;    3;-;    1;-;    9;-;   36;-;   24;-;    5;-
4607;5027;05;A;  52;100204; 4;w;01;  245;-;  312;-;   33;-;   44;-;  210;-;  180;-;   28;-;    2;-;    0;-;    1;-;   10;-;   22;-;   16;-;    2;-;  268;-;  230;-;   38;-;    0;-;    0;-;    3;-;    6;-;   35;-;   22;-;    0;-
4607;5027;05;A;  52;100204; 4;w;02;  142;-;  194;-;   33;-;   36;-;  107;-;   97;-;    9;-;    1;-;    0;-;    2;-;   10;-;   21;-;   13;-;    2;-;  158;-;  137;-;   21;-;    0;-;    0;-;    0;-;    7;-;   29;-;   23;-;    0;-
4607;5027;05;A;  52;100204; 4;w;03;  170;-;  136;-;   48;-;   34;-;  122;-;  102;-;   20;-;    0;-;    0;-;    0;-;   11;-;   37;-;   24;-;    0;-;  100;-;   81;-;   19;-;    0;-;    1;-;    0;-;    8;-;   26;-;   17;-;    1;-
4607;5027;05;A;  52;100204; 4;w;04;  276;-;  154;-;   62;-;   50;-;  211;-;  200;-;   11;-;    0;-;    0;-;    2;-;   21;-;   39;-;   29;-;    3;-;  103;-;   83;-;   20;-;    0;-;    0;-;    0;-;   21;-;   29;-;   19;-;    1;-
4607;5027;05;A;  52;100204; 4;w;05;  762;-;  268;-;   93;-;   84;-;  667;-;  630;-;   34;-;    3;-;    1;-;    2;-;   37;-;   54;-;   31;-;    1;-;  184;-;  160;-;   24;-;    0;-;    0;-;    2;-;   39;-;   43;-;   30;-;    0;-
4607;5027;05;A;  52;100204; 4;w;06; 2448;-;  717;-;  152;-;   92;-; 2273;-; 2166;-;  104;-;    3;-;    5;-;    3;-;   61;-;   88;-;   63;-;   18;-;  620;-;  564;-;   56;-;    0;-;    2;-;    3;-;   29;-;   60;-;   44;-;    3;-
4607;5027;05;A;  52;100204; 4;w;07; 5419;-; 1869;-;  185;-;  143;-; 5202;-; 5009;-;  188;-;    5;-;   10;-;    5;-;   75;-;  105;-;   73;-;   22;-; 1714;-; 1591;-;  122;-;    1;-;    6;-;    1;-;   51;-;   91;-;   66;-;    6;-
4607;5027;05;A;  52;100204; 4;w;08; 6282;-; 3326;-;  204;-;  172;-; 6027;-; 5839;-;  183;-;    5;-;   23;-;   11;-;   72;-;  121;-;  100;-;   28;-; 3135;-; 2964;-;  167;-;    4;-;    4;-;    6;-;   73;-;   93;-;   69;-;   15;-
4607;5027;05;A;  52;100204; 4;w;09; 6139;-; 3836;-;  252;-;  199;-; 5844;-; 5696;-;  143;-;    5;-;   18;-;    3;-;  119;-;  130;-;  103;-;   25;-; 3613;-; 3403;-;  206;-;    4;-;    4;-;    6;-;   80;-;  113;-;   85;-;   20;-
4607;5027;05;A;  52;100204; 4;w;10; 4829;-; 2822;-;  294;-;  253;-; 4506;-; 4323;-;  180;-;    3;-;   15;-;    8;-;  121;-;  165;-;  122;-;   14;-; 2552;-; 2365;-;  184;-;    3;-;    8;-;    3;-;  104;-;  146;-;  113;-;    9;-
4607;5027;05;A;  52;100204; 4;w;11; 3102;-; 2293;-;  243;-;  220;-; 2815;-; 2618;-;  195;-;    2;-;   12;-;    5;-;   84;-;  154;-;  119;-;   32;-; 2050;-; 1849;-;  201;-;    0;-;   11;-;    5;-;   91;-;  124;-;   98;-;   12;-
4607;5027;05;A;  52;100204; 4;w;12; 2721;-; 2399;-;  242;-;  252;-; 2450;-; 2254;-;  196;-;    0;-;   13;-;    9;-;   80;-;  153;-;  109;-;   16;-; 2126;-; 1892;-;  231;-;    3;-;   14;-;    5;-;   88;-;  159;-;  119;-;    7;-
4607;5027;05;A;  52;100204; 4;w;13; 2737;-; 2947;-;  223;-;  276;-; 2482;-; 2311;-;  165;-;    6;-;   10;-;    9;-;   78;-;  136;-;  106;-;   22;-; 2642;-; 2396;-;  242;-;    4;-;   17;-;    7;-;  116;-;  153;-;  122;-;   12;-
4607;5027;05;A;  52;100204; 4;w;14; 2917;-; 3341;-;  246;-;  216;-; 2633;-; 2447;-;  180;-;    6;-;    9;-;    2;-;   87;-;  157;-;  124;-;   29;-; 3099;-; 2852;-;  242;-;    5;-;   17;-;    3;-;   80;-;  133;-;   89;-;    9;-
4607;5027;05;A;  52;100204; 4;w;15; 2804;-; 3972;-;  192;-;  217;-; 2577;-; 2391;-;  180;-;    6;-;   13;-;    4;-;   75;-;  113;-;   84;-;   22;-; 3718;-; 3447;-;  266;-;    5;-;   20;-;    7;-;   84;-;  126;-;   98;-;   17;-
4607;5027;05;A;  52;100204; 4;w;16; 3000;-; 5036;-;  194;-;  211;-; 2782;-; 2579;-;  198;-;    5;-;    8;-;    0;-;   79;-;  115;-;   94;-;   16;-; 4776;-; 4481;-;  290;-;    5;-;   18;-;    5;-;   85;-;  121;-;   90;-;   31;-
4607;5027;05;A;  52;100204; 4;w;17; 3347;-; 5760;-;  154;-;  150;-; 3169;-; 3025;-;  139;-;    5;-;   10;-;    5;-;   58;-;   91;-;   70;-;   14;-; 5581;-; 5316;-;  260;-;    5;-;   13;-;   10;-;   45;-;   95;-;   76;-;   16;-
4607;5027;05;A;  52;100204; 4;w;18; 3959;-; 5730;-;  111;-;  127;-; 3817;-; 3669;-;  144;-;    4;-;    4;-;    1;-;   28;-;   82;-;   59;-;   27;-; 5578;-; 5420;-;  153;-;    5;-;   14;-;    7;-;   40;-;   80;-;   65;-;   11;-
4607;5027;05;A;  52;100204; 4;w;19; 3793;-; 5183;-;  105;-;   95;-; 3647;-; 3528;-;  111;-;    8;-;    3;-;    7;-;   20;-;   78;-;   59;-;   38;-; 5062;-; 4905;-;  154;-;    3;-;    8;-;    8;-;   26;-;   61;-;   52;-;   18;-
4607;5027;05;A;  52;100204; 4;w;20; 2576;-; 4020;-;   75;-;   82;-; 2473;-; 2371;-;   98;-;    4;-;    3;-;    3;-;   15;-;   57;-;   44;-;   25;-; 3909;-; 3758;-;  146;-;    5;-;   10;-;    2;-;   27;-;   53;-;   41;-;   19;-
4607;5027;05;A;  52;100204; 4;w;21; 1596;-; 2480;-;   60;-;   71;-; 1520;-; 1437;-;   78;-;    5;-;    2;-;    3;-;   10;-;   47;-;   33;-;   14;-; 2389;-; 2247;-;  138;-;    4;-;    8;-;    6;-;   11;-;   54;-;   34;-;   12;-
4607;5027;05;A;  52;100204; 4;w;22; 1276;-; 1686;-;   52;-;   62;-; 1215;-; 1154;-;   60;-;    1;-;    2;-;    2;-;   13;-;   37;-;   27;-;    7;-; 1619;-; 1513;-;  104;-;    2;-;    2;-;    0;-;   12;-;   50;-;   34;-;    3;-
4607;5027;05;A;  52;100204; 4;w;23;  903;-; 2123;-;   44;-;   61;-;  854;-;  797;-;   57;-;    0;-;    1;-;    0;-;    7;-;   37;-;   25;-;    4;-; 2047;-; 1947;-;   98;-;    2;-;    2;-;    1;-;   15;-;   45;-;   30;-;   13;-
4607;5027;05;A;  52;100204; 4;w;24;  507;-; 1601;-;   41;-;   54;-;  463;-;  431;-;   31;-;    1;-;    1;-;    3;-;   13;-;   25;-;   18;-;    2;-; 1540;-; 1461;-;   76;-;    3;-;    1;-;    3;-;    3;-;   48;-;   38;-;    6;-
4607;5027;05;A;  52;100205; 5;w;01;  263;-;  400;-;   28;-;   53;-;  231;-;  189;-;   41;-;    1;-;    0;-;    3;-;    6;-;   19;-;   12;-;    4;-;  344;-;  314;-;   28;-;    2;-;    0;-;    8;-;    6;-;   39;-;   26;-;    3;-
4607;5027;05;A;  52;100205; 5;w;02;  137;-;  200;-;   43;-;   24;-;   93;-;   80;-;   13;-;    0;-;    0;-;    1;-;   16;-;   26;-;   18;-;    1;-;  176;-;  147;-;   29;-;    0;-;    0;-;    0;-;    7;-;   17;-;   10;-;    0;-
4607;5027;05;A;  52;100205; 5;w;03;  146;-;  130;-;   42;-;   32;-;  104;-;   91;-;   13;-;    0;-;    0;-;    0;-;   11;-;   31;-;   23;-;    0;-;   98;-;   81;-;   17;-;    0;-;    0;-;    0;-;    9;-;   23;-;   15;-;    0;-
4607;5027;05;A;  52;100205; 5;w;04;  308;-;  166;-;   60;-;   49;-;  246;-;  222;-;   24;-;    0;-;    2;-;    0;-;   19;-;   41;-;   25;-;    0;-;  116;-;   86;-;   30;-;    0;-;    0;-;    0;-;   21;-;   28;-;   21;-;    1;-
4607;5027;05;A;  52;100205; 5;w;05;  734;-;  309;-;   84;-;   78;-;  645;-;  605;-;   39;-;    1;-;    2;-;    5;-;   35;-;   44;-;   30;-;    3;-;  230;-;  203;-;   27;-;    0;-;    0;-;    0;-;   35;-;   43;-;   28;-;    1;-
4607;5027;05;A;  52;100205; 5;w;06; 2178;-;  732;-;  172;-;  125;-; 1989;-; 1905;-;   80;-;    4;-;    3;-;    1;-;   71;-;  100;-;   78;-;   14;-;  597;-;  538;-;   59;-;    0;-;    3;-;    0;-;   39;-;   86;-;   55;-;    7;-
4607;5027;05;A;  52;100205; 5;w;07; 5079;-; 1749;-;  220;-;  140;-; 4786;-; 4564;-;  216;-;    6;-;   10;-;    2;-;  102;-;  116;-;   84;-;   63;-; 1602;-; 1486;-;  114;-;    2;-;    0;-;    1;-;   64;-;   75;-;   56;-;    7;-
4607;5027;05;A;  52;100205; 5;w;08; 6530;-; 3216;-;  253;-;  171;-; 6230;-; 6021;-;  206;-;    3;-;   16;-;   13;-;  100;-;  140;-;  111;-;   31;-; 3017;-; 2851;-;  158;-;    8;-;    8;-;    2;-;   74;-;   95;-;   69;-;   20;-
4607;5027;05;A;  52;100205; 5;w;09; 5638;-; 3573;-;  248;-;  242;-; 5329;-; 5186;-;  139;-;    4;-;   18;-;    6;-;   93;-;  149;-;  119;-;   43;-; 3299;-; 3103;-;  190;-;    6;-;   13;-;    8;-;  117;-;  117;-;   86;-;   19;-
4607;5027;05;A;  52;100205; 5;w;10; 3823;-; 2582;-;  234;-;  233;-; 3560;-; 3355;-;  202;-;    3;-;    8;-;   15;-;   90;-;  129;-;   98;-;   21;-; 2328;-; 2110;-;  218;-;    0;-;   10;-;    7;-;  104;-;  122;-;   87;-;   11;-
4607;5027;05;A;  52;100205; 5;w;11; 2850;-; 2358;-;  247;-;  240;-; 2564;-; 2367;-;  192;-;    5;-;   11;-;    0;-;  106;-;  141;-;  115;-;   28;-; 2096;-; 1868;-;  223;-;    5;-;    7;-;    6;-;   87;-;  147;-;  123;-;   15;-
4607;5027;05;A;  52;100205; 5;w;12; 2736;-; 2587;-;  220;-;  256;-; 2483;-; 2283;-;  199;-;    1;-;   15;-;    3;-;   70;-;  147;-;  115;-;   18;-; 2306;-; 2058;-;  245;-;    3;-;   12;-;    1;-;   95;-;  160;-;  127;-;   13;-
4607;5027;05;A;  52;100205; 5;w;13; 2958;-; 3543;-;  214;-;  223;-; 2700;-; 2504;-;  192;-;    4;-;   14;-;    2;-;   85;-;  127;-;  100;-;   30;-; 3291;-; 3044;-;  244;-;    3;-;   15;-;    2;-;   97;-;  124;-;  103;-;   14;-
4607;5027;05;A;  52;100205; 5;w;14; 3300;-; 4328;-;  199;-;  225;-; 3052;-; 2872;-;  177;-;    3;-;   14;-;    6;-;   72;-;  121;-;  101;-;   35;-; 4070;-; 3826;-;  239;-;    5;-;   14;-;    7;-;   91;-;  127;-;   97;-;   19;-
4607;5027;05;A;  52;100205; 5;w;15; 3249;-; 5280;-;  184;-;  205;-; 3039;-; 2857;-;  180;-;    2;-;   10;-;    2;-;   72;-;  110;-;   83;-;   16;-; 5038;-; 4765;-;  270;-;    3;-;   14;-;    3;-;   91;-;  111;-;   87;-;   23;-
4607;5027;05;A;  52;100205; 5;w;16; 3505;-; 5291;-;  173;-;  194;-; 3284;-; 3092;-;  185;-;    7;-;   18;-;    1;-;   58;-;  114;-;   88;-;   30;-; 5065;-; 4809;-;  249;-;    7;-;   18;-;    4;-;   73;-;  117;-;   92;-;   14;-
4607;5027;05;A;  52;100205; 5;w;17; 3397;-; 5579;-;  153;-;  147;-; 3187;-; 3023;-;  157;-;    7;-;    5;-;    8;-;   56;-;   89;-;   72;-;   52;-; 5407;-; 5200;-;  202;-;    5;-;   14;-;   10;-;   44;-;   93;-;   78;-;   11;-
4607;5027;05;A;  52;100205; 5;w;18; 3383;-; 5232;-;   98;-;  119;-; 3252;-; 3127;-;  121;-;    4;-;    6;-;    3;-;   32;-;   63;-;   53;-;   27;-; 5091;-; 4975;-;  113;-;    3;-;    7;-;    3;-;   41;-;   75;-;   58;-;   15;-
4607;5027;05;A;  52;100205; 5;w;19; 3064;-; 4834;-;   74;-;  104;-; 2960;-; 2860;-;   91;-;    9;-;    6;-;    3;-;   20;-;   51;-;   39;-;   24;-; 4710;-; 4568;-;  142;-;    0;-;    6;-;    3;-;   24;-;   77;-;   62;-;   14;-
4607;5027;05;A;  52;100205; 5;w;20; 2443;-; 3289;-;   64;-;   88;-; 2359;-; 2258;-;   95;-;    6;-;    2;-;    5;-;   18;-;   41;-;   28;-;   18;-; 3178;-; 3051;-;  122;-;    5;-;    5;-;   14;-;   19;-;   55;-;   45;-;   18;-
4607;5027;05;A;  52;100205; 5;w;21; 1554;-; 2185;-;   49;-;   75;-; 1489;-; 1404;-;   81;-;    4;-;    5;-;    2;-;   13;-;   34;-;   27;-;   11;-; 2096;-; 1993;-;  100;-;    3;-;    5;-;    9;-;   12;-;   54;-;   33;-;    9;-
4607;5027;05;A;  52;100205; 5;w;22; 1218;-; 1509;-;   47;-;   65;-; 1156;-; 1086;-;   69;-;    1;-;    3;-;    9;-;    8;-;   30;-;   21;-;   12;-; 1432;-; 1355;-;   76;-;    1;-;    4;-;    3;-;   15;-;   47;-;   32;-;    8;-
4607;5027;05;A;  52;100205; 5;w;23;  954;-; 1544;-;   39;-;   52;-;  903;-;  846;-;   57;-;    0;-;    1;-;    5;-;    7;-;   27;-;   19;-;   11;-; 1480;-; 1388;-;   90;-;    2;-;    4;-;    3;-;   10;-;   39;-;   27;-;    8;-
4607;5027;05;A;  52;100205; 5;w;24;  775;-; 1027;-;   34;-;   43;-;  736;-;  707;-;   29;-;    0;-;    0;-;    1;-;   12;-;   21;-;   17;-;    5;-;  977;-;  920;-;   57;-;    0;-;    1;-;    2;-;    7;-;   34;-;   23;-;    6;-
4607;5027;05;A;  52;100206; 6;w;01;  495;-;  628;-;   26;-;   32;-;  464;-;  429;-;   35;-;    0;-;    1;-;    1;-;   10;-;   15;-;    7;-;    4;-;  594;-;  550;-;   44;-;    0;-;    1;-;    5;-;    4;-;   23;-;   15;-;    1;-
4607;5027;05;A;  52;100206; 6;w;02;  321;-;  391;-;   36;-;   23;-;  281;-;  253;-;   28;-;    0;-;    2;-;    3;-;   12;-;   21;-;   13;-;    2;-;  365;-;  332;-;   31;-;    2;-;    1;-;    2;-;    1;-;   20;-;   12;-;    2;-
4607;5027;05;A;  52;100206; 6;w;03;  210;-;  252;-;   27;-;   11;-;  181;-;  155;-;   26;-;    0;-;    0;-;    0;-;    7;-;   20;-;   13;-;    2;-;  240;-;  223;-;   17;-;    0;-;    1;-;    0;-;    3;-;    8;-;    6;-;    0;-
4607;5027;05;A;  52;100206; 6;w;04;  321;-;  267;-;   33;-;   47;-;  284;-;  268;-;   16;-;    0;-;    0;-;    2;-;   10;-;   21;-;   14;-;    4;-;  219;-;  194;-;   25;-;    0;-;    0;-;    1;-;   31;-;   15;-;    9;-;    1;-
4607;5027;05;A;  52;100206; 6;w;05;  515;-;  332;-;   35;-;   34;-;  475;-;  445;-;   30;-;    0;-;    1;-;    3;-;   11;-;   21;-;   14;-;    4;-;  295;-;  257;-;   38;-;    0;-;    0;-;    1;-;   19;-;   14;-;   10;-;    3;-
4607;5027;05;A;  52;100206; 6;w;06;  847;-;  423;-;   53;-;   40;-;  782;-;  724;-;   57;-;    1;-;    6;-;    4;-;   24;-;   25;-;   20;-;    6;-;  381;-;  335;-;   46;-;    0;-;    2;-;    1;-;   21;-;   18;-;   15;-;    0;-
4607;5027;05;A;  52;100206; 6;w;07;  777;-;  561;-;   50;-;   33;-;  714;-;  613;-;   99;-;    2;-;    8;-;    3;-;   32;-;   15;-;   13;-;    5;-;  522;-;  460;-;   61;-;    1;-;    4;-;    2;-;   11;-;   20;-;   13;-;    2;-
4607;5027;05;A;  52;100206; 6;w;08; 1099;-;  794;-;   47;-;   50;-; 1039;-;  926;-;  109;-;    4;-;    8;-;    2;-;   27;-;   18;-;   14;-;    5;-;  733;-;  660;-;   73;-;    0;-;    6;-;    1;-;   21;-;   28;-;   20;-;    5;-
4607;5027;05;A;  52;100206; 6;w;09; 1844;-; 1253;-;   45;-;   57;-; 1769;-; 1649;-;  115;-;    5;-;   10;-;    1;-;   25;-;   19;-;   15;-;   20;-; 1189;-; 1080;-;  108;-;    1;-;    3;-;    2;-;   36;-;   19;-;   17;-;    4;-
4607;5027;05;A;  52;100206; 6;w;10; 2393;-; 1672;-;   55;-;   55;-; 2297;-; 2170;-;  125;-;    2;-;   15;-;    4;-;   36;-;   15;-;   13;-;   26;-; 1601;-; 1485;-;  115;-;    1;-;    8;-;   10;-;   21;-;   24;-;   21;-;    8;-
4607;5027;05;A;  52;100206; 6;w;11; 2528;-; 2012;-;   49;-;   50;-; 2447;-; 2328;-;  116;-;    3;-;    9;-;    0;-;   31;-;   18;-;   13;-;   23;-; 1937;-; 1801;-;  133;-;    3;-;   15;-;    4;-;   21;-;   25;-;   19;-;   10;-
4607;5027;05;A;  52;100206; 6;w;12; 2673;-; 2125;-;   40;-;   36;-; 2593;-; 2470;-;  121;-;    2;-;   20;-;    3;-;   23;-;   14;-;   14;-;   20;-; 2068;-; 1960;-;  106;-;    2;-;   15;-;    0;-;   22;-;   14;-;   11;-;    6;-
4607;5027;05;A;  52;100206; 6;w;13; 2646;-; 2388;-;   30;-;   33;-; 2568;-; 2444;-;  121;-;    3;-;   20;-;    2;-;   21;-;    7;-;    5;-;   28;-; 2336;-; 2225;-;  106;-;    5;-;   16;-;    2;-;   19;-;   12;-;    9;-;    3;-
4607;5027;05;A;  52;100206; 6;w;14; 2717;-; 3112;-;   25;-;   28;-; 2653;-; 2525;-;  124;-;    4;-;   15;-;    1;-;   13;-;   11;-;   11;-;   24;-; 3053;-; 2944;-;  103;-;    6;-;   17;-;    2;-;   15;-;   11;-;    7;-;   14;-
4607;5027;05;A;  52;100206; 6;w;15; 2721;-; 3121;-;   34;-;   35;-; 2648;-; 2517;-;  125;-;    6;-;   11;-;    3;-;   21;-;   10;-;   10;-;   28;-; 3053;-; 2935;-;  114;-;    4;-;   21;-;    1;-;   23;-;   11;-;    7;-;   12;-
4607;5027;05;A;  52;100206; 6;w;16; 2463;-; 2853;-;   29;-;   30;-; 2385;-; 2262;-;  119;-;    4;-;   13;-;    8;-;   13;-;    8;-;    6;-;   36;-; 2793;-; 2674;-;  114;-;    5;-;   18;-;    5;-;   15;-;   10;-;    8;-;   12;-
4607;5027;05;A;  52;100206; 6;w;17; 2327;-; 2604;-;   24;-;   23;-; 2273;-; 2150;-;  119;-;    4;-;   14;-;    2;-;   11;-;   11;-;   10;-;   16;-; 2563;-; 2443;-;  116;-;    4;-;   10;-;    1;-;   14;-;    8;-;    6;-;    8;-
4607;5027;05;A;  52;100206; 6;w;18; 2302;-; 2908;-;   12;-;   25;-; 2261;-; 2168;-;   90;-;    3;-;    7;-;    3;-;    5;-;    4;-;    3;-;   22;-; 2872;-; 2780;-;   89;-;    3;-;    8;-;    3;-;   14;-;    8;-;    8;-;    3;-
4607;5027;05;A;  52;100206; 6;w;19; 2250;-; 2594;-;   15;-;   14;-; 2199;-; 2144;-;   52;-;    3;-;    4;-;    3;-;    9;-;    3;-;    2;-;   32;-; 2561;-; 2482;-;   77;-;    2;-;   11;-;    1;-;   10;-;    3;-;    3;-;    8;-
4607;5027;05;A;  52;100206; 6;w;20; 1768;-; 2128;-;    9;-;   14;-; 1741;-; 1668;-;   71;-;    2;-;    4;-;    4;-;    4;-;    1;-;    1;-;   14;-; 2105;-; 2022;-;   82;-;    1;-;    5;-;    5;-;    5;-;    4;-;    4;-;    4;-
4607;5027;05;A;  52;100206; 6;w;21; 1262;-; 1496;-;   13;-;    8;-; 1236;-; 1177;-;   59;-;    0;-;    1;-;    1;-;    7;-;    5;-;    4;-;   12;-; 1474;-; 1417;-;   55;-;    2;-;    4;-;    6;-;    1;-;    1;-;    0;-;   10;-
4607;5027;05;A;  52;100206; 6;w;22;  967;-; 1031;-;    6;-;    7;-;  953;-;  907;-;   46;-;    0;-;    2;-;    2;-;    3;-;    1;-;    1;-;    6;-; 1018;-;  973;-;   45;-;    0;-;    2;-;    2;-;    5;-;    0;-;    0;-;    4;-
4607;5027;05;A;  52;100206; 6;w;23; 1040;-; 1100;-;    4;-;    3;-; 1027;-;  971;-;   54;-;    2;-;    1;-;    1;-;    1;-;    2;-;    1;-;    8;-; 1091;-; 1055;-;   36;-;    0;-;    2;-;    1;-;    1;-;    1;-;    1;-;    4;-
4607;5027;05;A;  52;100206; 6;w;24;  993;-; 1122;-;    5;-;   10;-;  978;-;  941;-;   34;-;    3;-;    1;-;    0;-;    3;-;    2;-;    1;-;    9;-; 1106;-; 1075;-;   30;-;    1;-;    1;-;    4;-;    2;-;    4;-;    3;-;    5;-
4607;5027;05;A;  52;100207; 7;s;01;  712;-;  747;-;    2;-;    3;-;  701;-;  669;-;   31;-;    1;-;    1;-;    0;-;    2;-;    0;-;    0;-;    8;-;  742;-;  707;-;   35;-;    0;-;    0;-;    0;-;    2;-;    1;-;    1;-;    2;-
4607;5027;05;A;  52;100207; 7;s;02;  491;-;  521;-;    4;-;    5;-;  481;-;  453;-;   28;-;    0;-;    1;-;    1;-;    2;-;    1;-;    1;-;    5;-;  512;-;  489;-;   23;-;    0;-;    1;-;    1;-;    1;-;    3;-;    2;-;    3;-
4607;5027;05;A;  52;100207; 7;s;03;  356;-;  342;-;    5;-;    3;-;  348;-;  326;-;   21;-;    1;-;    2;-;    1;-;    3;-;    1;-;    0;-;    1;-;  337;-;  327;-;   10;-;    0;-;    0;-;    0;-;    3;-;    0;-;    0;-;    2;-
4607;5027;05;A;  52;100207; 7;s;04;  389;-;  304;-;    3;-;    4;-;  383;-;  354;-;   29;-;    0;-;    3;-;    1;-;    1;-;    1;-;    1;-;    0;-;  300;-;  287;-;   13;-;    0;-;    0;-;    1;-;    2;-;    1;-;    1;-;    0;-
4607;5027;05;A;  52;100207; 7;s;05;  481;-;  383;-;    7;-;    3;-;  466;-;  437;-;   28;-;    1;-;    3;-;    3;-;    2;-;    2;-;    1;-;    5;-;  376;-;  343;-;   33;-;    0;-;    2;-;    1;-;    1;-;    1;-;    1;-;    2;-
4607;5027;05;A;  52;100207; 7;s;06;  585;-;  425;-;    3;-;    7;-;  570;-;  542;-;   25;-;    3;-;    8;-;    0;-;    3;-;    0;-;    0;-;    4;-;  416;-;  392;-;   24;-;    0;-;    0;-;    1;-;    4;-;    2;-;    2;-;    2;-
4607;5027;05;A;  52;100207; 7;s;07;  471;-;  378;-;   10;-;    6;-;  447;-;  413;-;   34;-;    0;-;   10;-;    0;-;    7;-;    3;-;    2;-;    4;-;  367;-;  331;-;   36;-;    0;-;    3;-;    4;-;    2;-;    0;-;    0;-;    2;-
4607;5027;05;A;  52;100207; 7;s;08;  620;-;  370;-;    8;-;    5;-;  596;-;  530;-;   66;-;    0;-;   12;-;    3;-;    4;-;    1;-;    1;-;    4;-;  362;-;  326;-;   35;-;    1;-;    3;-;    1;-;    2;-;    2;-;    1;-;    0;-
4607;5027;05;A;  52;100207; 7;s;09; 1358;-;  607;-;   15;-;   10;-; 1329;-; 1208;-;  120;-;    1;-;    1;-;    5;-;    5;-;    5;-;    5;-;   13;-;  595;-;  566;-;   29;-;    0;-;    0;-;    2;-;    7;-;    1;-;    1;-;    2;-
4607;5027;05;A;  52;100207; 7;s;10; 1754;-; 1069;-;   13;-;   13;-; 1715;-; 1621;-;   94;-;    0;-;    5;-;    6;-;    3;-;    4;-;    3;-;   21;-; 1047;-;  986;-;   60;-;    1;-;    8;-;    7;-;    5;-;    1;-;    1;-;    1;-
4607;5027;05;A;  52;100207; 7;s;11; 2008;-; 1380;-;   17;-;   18;-; 1959;-; 1862;-;   95;-;    2;-;    6;-;    6;-;    8;-;    3;-;    3;-;   26;-; 1353;-; 1274;-;   74;-;    5;-;    2;-;    6;-;    6;-;    6;-;    4;-;    7;-
4607;5027;05;A;  52;100207; 7;s;12; 2596;-; 1585;-;   17;-;   10;-; 2536;-; 2424;-;  111;-;    1;-;    7;-;    1;-;    5;-;   11;-;   10;-;   36;-; 1562;-; 1502;-;   56;-;    4;-;    4;-;    2;-;    2;-;    6;-;    6;-;    9;-
4607;5027;05;A;  52;100207; 7;s;13; 2527;-; 1932;-;   11;-;   11;-; 2476;-; 2373;-;   94;-;    9;-;   11;-;    0;-;    6;-;    5;-;    4;-;   29;-; 1907;-; 1831;-;   72;-;    4;-;    5;-;    0;-;    5;-;    6;-;    5;-;    9;-
4607;5027;05;A;  52;100207; 7;s;14; 2242;-; 2231;-;    8;-;    9;-; 2208;-; 2118;-;   81;-;    9;-;    4;-;    2;-;    6;-;    0;-;    0;-;   22;-; 2209;-; 2130;-;   77;-;    2;-;    7;-;    3;-;    5;-;    1;-;    0;-;    6;-
4607;5027;05;A;  52;100207; 7;s;15; 2263;-; 2737;-;   10;-;    8;-; 2225;-; 2142;-;   80;-;    3;-;    4;-;    1;-;    4;-;    5;-;    4;-;   24;-; 2709;-; 2624;-;   84;-;    1;-;    9;-;    0;-;    7;-;    1;-;    1;-;   11;-
4607;5027;05;A;  52;100207; 7;s;16; 2249;-; 3095;-;   10;-;    9;-; 2201;-; 2101;-;   91;-;    9;-;    6;-;    1;-;    6;-;    3;-;    3;-;   32;-; 3063;-; 2969;-;   88;-;    6;-;    7;-;    2;-;    4;-;    3;-;    2;-;   16;-
4607;5027;05;A;  52;100207; 7;s;17; 2180;-; 3038;-;   14;-;   18;-; 2137;-; 2054;-;   78;-;    5;-;    5;-;    2;-;    7;-;    5;-;    4;-;   24;-; 2989;-; 2864;-;  124;-;    1;-;   23;-;    2;-;   10;-;    6;-;    5;-;    8;-
4607;5027;05;A;  52;100207; 7;s;18; 2443;-; 2626;-;   17;-;   24;-; 2393;-; 2292;-;   96;-;    5;-;    8;-;    1;-;    8;-;    8;-;    8;-;   25;-; 2588;-; 2491;-;   96;-;    1;-;   11;-;    7;-;   10;-;    7;-;    7;-;    3;-
4607;5027;05;A;  52;100207; 7;s;19; 2123;-; 2702;-;   16;-;   17;-; 2081;-; 2008;-;   64;-;    9;-;   10;-;    3;-;    7;-;    6;-;    2;-;   16;-; 2661;-; 2573;-;   86;-;    2;-;   12;-;    3;-;    7;-;    7;-;    7;-;   12;-
4607;5027;05;A;  52;100207; 7;s;20; 1818;-; 1976;-;   18;-;   15;-; 1787;-; 1727;-;   58;-;    2;-;    5;-;    1;-;    9;-;    8;-;    8;-;    8;-; 1951;-; 1876;-;   68;-;    7;-;    3;-;    3;-;    6;-;    6;-;    6;-;    7;-
4607;5027;05;A;  52;100207; 7;s;21; 1538;-; 1515;-;   18;-;   25;-; 1500;-; 1434;-;   61;-;    5;-;    3;-;    1;-;    2;-;   15;-;   13;-;   17;-; 1487;-; 1419;-;   67;-;    1;-;    1;-;    6;-;    6;-;   13;-;   10;-;    2;-
4607;5027;05;A;  52;100207; 7;s;22; 1267;-; 1067;-;   12;-;   10;-; 1246;-; 1192;-;   54;-;    0;-;    1;-;    1;-;    4;-;    7;-;    6;-;    8;-; 1055;-; 1013;-;   42;-;    0;-;    2;-;    2;-;    3;-;    5;-;    5;-;    0;-
4607;5027;05;A;  52;100207; 7;s;23;  834;-; 1063;-;   40;-;   35;-;  784;-;  733;-;   49;-;    2;-;    1;-;    3;-;    6;-;   31;-;   26;-;    9;-; 1023;-;  974;-;   48;-;    1;-;    2;-;    0;-;    8;-;   27;-;   22;-;    3;-
4607;5027;05;A;  52;100207; 7;s;24;  550;-;  695;-;   33;-;   33;-;  511;-;  474;-;   35;-;    2;-;    3;-;    1;-;    9;-;   23;-;   18;-;    3;-;  657;-;  628;-;   29;-;    0;-;    1;-;    0;-;    8;-;   25;-;   21;-;    4;-
4607;5027;05;A;  52;100208; 1;w;01;  298;-;  282;-;   25;-;   27;-;  271;-;  238;-;   32;-;    1;-;    1;-;    0;-;    9;-;   16;-;   11;-;    1;-;  254;-;  239;-;   15;-;    0;-;    0;-;    3;-;    4;-;   20;-;   14;-;    1;-
4607;5027;05;A;  52;100208; 1;w;02;  139;-;  151;-;   30;-;   31;-;  107;-;   93;-;   14;-;    0;-;    1;-;    0;-;    9;-;   21;-;   15;-;    1;-;  120;-;  110;-;   10;-;    0;-;    0;-;    0;-;    5;-;   26;-;   18;-;    0;-
4607;5027;05;A;  52;100208; 1;w;03;  132;-;  113;-;   43;-;   27;-;   89;-;   80;-;    9;-;    0;-;    0;-;    0;-;   12;-;   31;-;   23;-;    0;-;   85;-;   74;-;   11;-;    0;-;    0;-;    0;-;   10;-;   17;-;   14;-;    1;-
4607;5027;05;A;  52;100208; 1;w;04;  241;-;  139;-;   39;-;   38;-;  198;-;  179;-;   18;-;    1;-;    2;-;    1;-;    9;-;   29;-;   21;-;    2;-;  101;-;   77;-;   24;-;    0;-;    0;-;    0;-;   22;-;   16;-;   11;-;    0;-
4607;5027;05;A;  52;100208; 1;w;05;  852;-;  286;-;   96;-;   80;-;  749;-;  706;-;   42;-;    1;-;    1;-;    6;-;   36;-;   54;-;   40;-;    6;-;  205;-;  178;-;   27;-;    0;-;    1;-;    2;-;   31;-;   47;-;   39;-;    0;-
4607;5027;05;A;  52;100208; 1;w;06; 2814;-;  851;-;  168;-;   93;-; 2613;-; 2502;-;  106;-;    5;-;    2;-;    4;-;   63;-;  101;-;   80;-;   31;-;  757;-;  700;-;   57;-;    0;-;    1;-;    1;-;   28;-;   64;-;   52;-;    0;-
4607;5027;05;A;  52;100208; 1;w;07; 4544;-; 1906;-;  197;-;  154;-; 4303;-; 4149;-;  144;-;   10;-;    4;-;    5;-;   83;-;  109;-;   83;-;   40;-; 1738;-; 1620;-;  117;-;    1;-;    8;-;    6;-;   67;-;   81;-;   66;-;    6;-
4607;5027;05;A;  52;100208; 1;w;08; 5243;-; 3405;-;  135;-;  167;-; 5036;-; 4829;-;  188;-;   19;-;    5;-;    8;-;   57;-;   70;-;   52;-;   67;-; 3216;-; 3066;-;  150;-;    0;-;    9;-;    2;-;   68;-;   97;-;   74;-;   13;-
4607;5027;05;A;  52;100208; 1;w;09; 6135;-; 3806;-;  227;-;  208;-; 5788;-; 5544;-;  231;-;   13;-;   26;-;    6;-;  100;-;  121;-;   91;-;   94;-; 3575;-; 3378;-;  194;-;    3;-;    7;-;    2;-;  110;-;   96;-;   73;-;   16;-
4607;5027;05;A;  52;100208; 1;w;10; 6057;-; 2947;-;  329;-;  242;-; 5674;-; 5421;-;  245;-;    8;-;   27;-;    7;-;  127;-;  195;-;  150;-;   27;-; 2683;-; 2490;-;  191;-;    2;-;   10;-;    3;-;   98;-;  141;-;  104;-;   12;-
4607;5027;05;A;  52;100208; 1;w;11; 3757;-; 2396;-;  242;-;  214;-; 3441;-; 3198;-;  239;-;    4;-;   17;-;    5;-;   91;-;  146;-;  114;-;   57;-; 2160;-; 1958;-;  199;-;    3;-;    9;-;    2;-;   95;-;  117;-;   91;-;   13;-
4607;5027;05;A;  52;100208; 1;w;12; 2837;-; 2484;-;  255;-;  227;-; 2548;-; 2332;-;  211;-;    5;-;   12;-;    3;-;  105;-;  147;-;  117;-;   22;-; 2233;-; 2031;-;  201;-;    1;-;   15;-;    5;-;   85;-;  137;-;  105;-;    9;-
4607;5027;05;A;  52;100208; 1;w;13; 2840;-; 2734;-;  253;-;  252;-; 2556;-; 2388;-;  159;-;    9;-;    8;-;    5;-;   84;-;  164;-;  121;-;   23;-; 2468;-; 2296;-;  167;-;    5;-;    5;-;    7;-;  118;-;  127;-;   90;-;    9;-
4607;5027;05;A;  52;100208; 1;w;14; 2999;-; 3219;-;  233;-;  238;-; 2732;-; 2570;-;  160;-;    2;-;   12;-;    5;-;   86;-;  142;-;  118;-;   22;-; 2953;-; 2762;-;  189;-;    2;-;   15;-;    3;-;  108;-;  127;-;   99;-;   13;-
4607;5027;05;A;  52;100208; 1;w;15; 2576;-; 3801;-;  218;-;  229;-; 2336;-; 2144;-;  187;-;    5;-;    9;-;    4;-;   85;-;  129;-;  105;-;   13;-; 3534;-; 3324;-;  208;-;    2;-;   20;-;    4;-;  100;-;  125;-;   91;-;   18;-
4607;5027;05;A;  52;100208; 1;w;16; 2691;-; 4162;-;  194;-;  181;-; 2461;-; 2261;-;  197;-;    3;-;   17;-;    1;-;   84;-;  109;-;   85;-;   19;-; 3920;-; 3753;-;  165;-;    2;-;   24;-;    5;-;   66;-;  110;-;   80;-;   37;-
4607;5027;05;A;  52;100208; 1;w;17; 3116;-; 4059;-;  147;-;  140;-; 2916;-; 2754;-;  159;-;    3;-;   16;-;    2;-;   58;-;   87;-;   69;-;   37;-; 3835;-; 3655;-;  172;-;    8;-;   28;-;    4;-;   57;-;   79;-;   53;-;   56;-
4607;5027;05;A;  52;100208; 1;w;18; 3320;-; 4431;-;  127;-;  116;-; 3163;-; 3037;-;  124;-;    2;-;    6;-;    2;-;   33;-;   92;-;   65;-;   24;-; 4240;-; 4121;-;  115;-;    4;-;   19;-;    6;-;   34;-;   76;-;   55;-;   56;-
4607;5027;05;A;  52;100208; 1;w;19; 3009;-; 4263;-;  108;-;  105;-; 2873;-; 2764;-;  106;-;    3;-;    9;-;    1;-;   23;-;   84;-;   69;-;   19;-; 4093;-; 3988;-;  104;-;    1;-;   20;-;    2;-;   31;-;   72;-;   57;-;   45;-
4607;5027;05;A;  52;100208; 1;w;20; 2263;-; 3737;-;   65;-;   95;-; 2147;-; 2027;-;  115;-;    5;-;    4;-;    2;-;   14;-;   49;-;   41;-;   47;-; 3593;-; 3489;-;  101;-;    3;-;   19;-;    3;-;   20;-;   72;-;   49;-;   30;-
4607;5027;05;A;  52;100208; 1;w;21; 1465;-; 2038;-;   54;-;   60;-; 1398;-; 1309;-;   86;-;    3;-;    3;-;    7;-;    8;-;   39;-;   29;-;   10;-; 1964;-; 1864;-;   97;-;    3;-;    2;-;    5;-;    8;-;   47;-;   36;-;   12;-
4607;5027;05;A;  52;100208; 1;w;22; 1186;-; 1493;-;   40;-;   45;-; 1128;-; 1064;-;   61;-;    3;-;    3;-;    1;-;    9;-;   30;-;   23;-;   15;-; 1433;-; 1371;-;   61;-;    1;-;    3;-;    1;-;    8;-;   36;-;   26;-;   12;-
4607;5027;05;A;  52;100208; 1;w;23;  734;-; 1411;-;   35;-;   51;-;  694;-;  638;-;   55;-;    1;-;    0;-;    0;-;    7;-;   28;-;   22;-;    5;-; 1352;-; 1274;-;   72;-;    6;-;    2;-;    2;-;    8;-;   41;-;   33;-;    6;-
4607;5027;05;A;  52;100208; 1;w;24;  412;-;  674;-;   35;-;   46;-;  368;-;  326;-;   42;-;    0;-;    1;-;    0;-;   11;-;   24;-;   16;-;    8;-;  626;-;  584;-;   41;-;    1;-;    2;-;    2;-;    6;-;   38;-;   27;-;    0;-
4607;5027;05;A;  52;100209; 2;w;01;  231;-;  283;-;   36;-;   44;-;  195;-;  160;-;   33;-;    2;-;    0;-;    0;-;    7;-;   29;-;   23;-;    0;-;  237;-;  216;-;   19;-;    2;-;    0;-;    3;-;    9;-;   32;-;   23;-;    2;-
4607;5027;05;A;  52;100209; 2;w;02;  138;-;  175;-;   37;-;   36;-;  100;-;   92;-;    8;-;    0;-;    0;-;    1;-;    8;-;   28;-;   21;-;    1;-;  138;-;  112;-;   26;-;    0;-;    0;-;    0;-;    5;-;   31;-;   23;-;    1;-
4607;5027;05;A;  52;100209; 2;w;03;  133;-;  122;-;   42;-;   35;-;   87;-;   70;-;   17;-;    0;-;    1;-;    0;-;   13;-;   29;-;   19;-;    3;-;   86;-;   73;-;   13;-;    0;-;    0;-;    0;-;   14;-;   21;-;   18;-;    1;-
4607;5027;05;A;  52;100209; 2;w;04;  294;-;  155;-;   56;-;   52;-;  233;-;  205;-;   28;-;    0;-;    2;-;    1;-;   16;-;   39;-;   23;-;    3;-;  102;-;   78;-;   24;-;    0;-;    0;-;    1;-;   22;-;   29;-;   20;-;    1;-
4607;5027;05;A;  52;100209; 2;w;05;  803;-;  244;-;   96;-;   68;-;  700;-;  658;-;   41;-;    1;-;    1;-;    6;-;   40;-;   50;-;   36;-;    6;-;  175;-;  155;-;   20;-;    0;-;    0;-;    0;-;   28;-;   40;-;   23;-;    1;-
4607;5027;05;A;  52;100209; 2;w;06; 2510;-;  776;-;  158;-;  127;-; 2327;-; 2232;-;   94;-;    1;-;    0;-;    3;-;   63;-;   92;-;   66;-;   25;-;  645;-;  591;-;   53;-;    1;-;    2;-;    1;-;   45;-;   81;-;   60;-;    2;-
4607;5027;05;A;  52;100209; 2;w;07; 5328;-; 1807;-;  214;-;  130;-; 5031;-; 4771;-;  250;-;   10;-;    8;-;    2;-;   85;-;  127;-;   96;-;   75;-; 1664;-; 1546;-;  114;-;    4;-;    5;-;    2;-;   49;-;   79;-;   62;-;    8;-
4607;5027;05;A;  52;100209; 2;w;08; 6638;-; 3435;-;  209;-;  168;-; 6346;-; 6111;-;  221;-;   14;-;   21;-;   15;-;   82;-;  112;-;   80;-;   62;-; 3246;-; 3069;-;  172;-;    5;-;    3;-;    2;-;   71;-;   95;-;   67;-;   18;-
4607;5027;05;A;  52;100209; 2;w;09; 6213;-; 3921;-;  275;-;  206;-; 5854;-; 5677;-;  170;-;    7;-;   18;-;    6;-;  118;-;  151;-;  116;-;   66;-; 3687;-; 3492;-;  194;-;    1;-;    7;-;   11;-;  104;-;   91;-;   72;-;   21;-
4607;5027;05;A;  52;100209; 2;w;10; 4450;-; 2810;-;  268;-;  224;-; 4071;-; 3876;-;  188;-;    7;-;   14;-;    7;-;  103;-;  158;-;  126;-;   97;-; 2564;-; 2383;-;  181;-;    0;-;   11;-;    7;-;   99;-;  118;-;   93;-;   11;-
4607;5027;05;A;  52;100209; 2;w;11; 3017;-; 2414;-;  234;-;  253;-; 2753;-; 2562;-;  188;-;    3;-;    9;-;   11;-;   97;-;  126;-;   95;-;   21;-; 2131;-; 1942;-;  189;-;    0;-;   18;-;   10;-;  105;-;  138;-;  105;-;   12;-
4607;5027;05;A;  52;100209; 2;w;12; 2716;-; 2364;-;  228;-;  248;-; 2441;-; 2212;-;  224;-;    5;-;   11;-;    5;-;   96;-;  127;-;   99;-;   36;-; 2089;-; 1896;-;  192;-;    1;-;   18;-;    6;-;   94;-;  148;-;  105;-;    9;-
4607;5027;05;A;  52;100209; 2;w;13; 2832;-; 3033;-;  208;-;  238;-; 2577;-; 2384;-;  193;-;    0;-;   16;-;    7;-;   74;-;  127;-;  101;-;   31;-; 2781;-; 2548;-;  231;-;    2;-;    7;-;    6;-;   97;-;  135;-;  113;-;    7;-
4607;5027;05;A;  52;100209; 2;w;14; 2892;-; 3314;-;  216;-;  236;-; 2622;-; 2452;-;  164;-;    6;-;   16;-;    6;-;   77;-;  133;-;  112;-;   38;-; 3038;-; 2799;-;  234;-;    5;-;   22;-;    6;-;   98;-;  132;-;  101;-;   18;-
4607;5027;05;A;  52;100209; 2;w;15; 2655;-; 3517;-;  217;-;  190;-; 2403;-; 2203;-;  189;-;   11;-;   12;-;    3;-;   80;-;  134;-;  108;-;   23;-; 3233;-; 3071;-;  158;-;    4;-;   17;-;    9;-;   77;-;  104;-;   75;-;   77;-
4607;5027;05;A;  52;100209; 2;w;16; 2779;-; 3694;-;  179;-;  192;-; 2558;-; 2391;-;  166;-;    1;-;   15;-;    3;-;   65;-;  111;-;   83;-;   27;-; 3391;-; 3220;-;  168;-;    3;-;   14;-;    6;-;   57;-;  129;-;   97;-;   97;-
4607;5027;05;A;  52;100209; 2;w;17; 2873;-; 4151;-;  139;-;  160;-; 2694;-; 2530;-;  160;-;    4;-;    6;-;    4;-;   56;-;   79;-;   62;-;   34;-; 3906;-; 3747;-;  158;-;    1;-;   28;-;    8;-;   52;-;  100;-;   75;-;   57;-
4607;5027;05;A;  52;100209; 2;w;18; 3357;-; 4288;-;  138;-;  141;-; 3167;-; 3033;-;  126;-;    8;-;    4;-;    4;-;   43;-;   91;-;   72;-;   48;-; 4068;-; 3947;-;  118;-;    3;-;   24;-;    5;-;   47;-;   89;-;   66;-;   55;-
4607;5027;05;A;  52;100209; 2;w;19; 3316;-; 4211;-;   90;-;  110;-; 3186;-; 3097;-;   85;-;    4;-;    5;-;    9;-;   17;-;   64;-;   48;-;   35;-; 4043;-; 3944;-;   98;-;    1;-;   16;-;    4;-;   29;-;   77;-;   61;-;   42;-
4607;5027;05;A;  52;100209; 2;w;20; 2330;-; 3585;-;   77;-;   90;-; 2223;-; 2120;-;  101;-;    2;-;    3;-;    2;-;   16;-;   59;-;   46;-;   27;-; 3459;-; 3331;-;  127;-;    1;-;    8;-;    2;-;   23;-;   65;-;   45;-;   28;-
4607;5027;05;A;  52;100209; 2;w;21; 1576;-; 2221;-;   61;-;   80;-; 1493;-; 1419;-;   74;-;    0;-;    4;-;    5;-;    7;-;   49;-;   39;-;   18;-; 2122;-; 2018;-;  103;-;    1;-;    7;-;    5;-;   12;-;   63;-;   40;-;   12;-
4607;5027;05;A;  52;100209; 2;w;22; 1287;-; 1577;-;   52;-;   59;-; 1220;-; 1150;-;   69;-;    1;-;    1;-;    1;-;   11;-;   40;-;   30;-;   14;-; 1510;-; 1433;-;   75;-;    2;-;    1;-;    3;-;   11;-;   45;-;   36;-;    7;-
4607;5027;05;A;  52;100209; 2;w;23;  874;-; 1539;-;   52;-;   36;-;  813;-;  745;-;   65;-;    3;-;    1;-;    2;-;   13;-;   37;-;   30;-;    8;-; 1497;-; 1418;-;   78;-;    1;-;    1;-;    1;-;   12;-;   23;-;   17;-;    5;-
4607;5027;05;A;  52;100209; 2;w;24;  520;-;  830;-;   35;-;   45;-;  484;-;  460;-;   23;-;    1;-;    0;-;    1;-;   12;-;   22;-;   16;-;    1;-;  781;-;  721;-;   60;-;    0;-;    1;-;    1;-;    8;-;   36;-;   25;-;    3;-
4607;5027;05;A;  52;100210; 3;w;01;  290;-;  372;-;   36;-;   29;-;  250;-;  224;-;   26;-;    0;-;    0;-;    0;-;   13;-;   23;-;   20;-;    4;-;  339;-;  320;-;   19;-;    0;-;    3;-;    3;-;    6;-;   20;-;   15;-;    1;-
4607;5027;05;A;  52;100210; 3;w;02;  192;-;  232;-;   40;-;   48;-;  151;-;  126;-;   24;-;    1;-;    0;-;    1;-;   13;-;   26;-;   18;-;    1;-;  181;-;  161;-;   20;-;    0;-;    0;-;    0;-;   15;-;   33;-;   25;-;    3;-
4607;5027;05;A;  52;100210; 3;w;03;  178;-;  172;-;   44;-;   38;-;  133;-;  110;-;   23;-;    0;-;    1;-;    0;-;   10;-;   34;-;   22;-;    0;-;  134;-;  108;-;   26;-;    0;-;    0;-;    1;-;    8;-;   29;-;   20;-;    0;-
4607;5027;05;A;  52;100210; 3;w;04;  341;-;  183;-;   62;-;   57;-;  273;-;  245;-;   28;-;    0;-;    2;-;    1;-;   14;-;   47;-;   33;-;    4;-;  126;-;  111;-;   15;-;    0;-;    0;-;    0;-;   21;-;   36;-;   21;-;    0;-
4607;5027;05;A;  52;100210; 3;w;05;  797;-;  317;-;   81;-;   83;-;  709;-;  680;-;   29;-;    0;-;    0;-;    4;-;   37;-;   40;-;   24;-;    7;-;  232;-;  203;-;   28;-;    1;-;    0;-;    1;-;   33;-;   49;-;   28;-;    2;-
4607;5027;05;A;  52;100210; 3;w;06; 2364;-;  733;-;  136;-;  104;-; 2208;-; 2134;-;   72;-;    2;-;    2;-;    4;-;   51;-;   81;-;   65;-;   18;-;  626;-;  569;-;   57;-;    0;-;    1;-;    1;-;   33;-;   70;-;   51;-;    2;-
4607;5027;05;A;  52;100210; 3;w;07; 5120;-; 1807;-;  198;-;  141;-; 4810;-; 4603;-;  191;-;   16;-;    6;-;    2;-;   84;-;  112;-;   83;-;  106;-; 1655;-; 1553;-;   99;-;    3;-;    0;-;    0;-;   52;-;   89;-;   68;-;   11;-
4607;5027;05;A;  52;100210; 3;w;08; 6344;-; 3327;-;  210;-;  161;-; 6079;-; 5850;-;  221;-;    8;-;   15;-;    8;-;   80;-;  122;-;   90;-;   40;-; 3141;-; 2976;-;  163;-;    2;-;    6;-;    4;-;   66;-;   91;-;   67;-;   19;-
4607;5027;05;A;  52;100210; 3;w;09; 6026;-; 3823;-;  242;-;  182;-; 5741;-; 5585;-;  153;-;    3;-;   20;-;    5;-;  119;-;  118;-;  101;-;   23;-; 3579;-; 3417;-;  161;-;    1;-;   11;-;    7;-;   95;-;   80;-;   66;-;   51;-
4607;5027;05;A;  52;100210; 3;w;10; 4283;-; 2974;-;  245;-;  220;-; 3962;-; 3798;-;  156;-;    8;-;   15;-;    9;-;   95;-;  141;-;  116;-;   61;-; 2719;-; 2564;-;  154;-;    1;-;   11;-;    7;-;   90;-;  123;-;   90;-;   24;-
4607;5027;05;A;  52;100210; 3;w;11; 3044;-; 2604;-;  245;-;  256;-; 2738;-; 2543;-;  192;-;    3;-;   14;-;    3;-;   93;-;  149;-;  116;-;   47;-; 2332;-; 2137;-;  194;-;    1;-;    8;-;    4;-;  112;-;  140;-;  110;-;    8;-
4607;5027;05;A;  52;100210; 3;w;12; 2680;-; 2515;-;  237;-;  213;-; 2417;-; 2242;-;  173;-;    2;-;   12;-;    3;-;   96;-;  138;-;  113;-;   14;-; 2274;-; 2098;-;  176;-;    0;-;   14;-;    4;-;   80;-;  129;-;   97;-;   14;-
4607;5027;05;A;  52;100210; 3;w;13; 2852;-; 2842;-;  236;-;  219;-; 2593;-; 2423;-;  169;-;    1;-;    8;-;    6;-;   77;-;  153;-;  121;-;   15;-; 2604;-; 2391;-;  209;-;    4;-;   13;-;    3;-;  103;-;  113;-;   88;-;    6;-
4607;5027;05;A;  52;100210; 3;w;14; 3003;-; 3430;-;  200;-;  223;-; 2761;-; 2607;-;  149;-;    5;-;   15;-;    3;-;   67;-;  130;-;  106;-;   27;-; 3174;-; 2965;-;  204;-;    5;-;   19;-;    4;-;   86;-;  133;-;   99;-;   14;-
4607;5027;05;A;  52;100210; 3;w;15; 2745;-; 3678;-;  201;-;  207;-; 2512;-; 2344;-;  168;-;    0;-;    8;-;    5;-;   74;-;  122;-;   95;-;   24;-; 3432;-; 3245;-;  186;-;    1;-;   12;-;    2;-;   92;-;  113;-;   87;-;   27;-
4607;5027;05;A;  52;100210; 3;w;16; 2868;-; 3820;-;  204;-;  182;-; 2625;-; 2477;-;  146;-;    2;-;   16;-;    3;-;   83;-;  118;-;   95;-;   23;-; 3592;-; 3393;-;  198;-;    1;-;   13;-;    7;-;   76;-;   99;-;   70;-;   33;-
4607;5027;05;A;  52;100210; 3;w;17; 3074;-; 4388;-;  131;-;  162;-; 2919;-; 2768;-;  148;-;    3;-;    3;-;    3;-;   39;-;   89;-;   70;-;   21;-; 4167;-; 4002;-;  162;-;    3;-;   27;-;    1;-;   65;-;   96;-;   71;-;   32;-
4607;5027;05;A;  52;100210; 3;w;18; 3301;-; 4101;-;  137;-;  127;-; 3142;-; 3062;-;   76;-;    4;-;    9;-;    3;-;   41;-;   93;-;   70;-;   13;-; 3931;-; 3816;-;  113;-;    2;-;   12;-;    7;-;   43;-;   77;-;   55;-;   31;-
4607;5027;05;A;  52;100210; 3;w;19; 3287;-; 4171;-;   99;-;  107;-; 3146;-; 3070;-;   71;-;    5;-;    7;-;    6;-;   20;-;   73;-;   53;-;   35;-; 4022;-; 3938;-;   83;-;    1;-;   11;-;    4;-;   28;-;   75;-;   62;-;   31;-
4607;5027;05;A;  52;100210; 3;w;20; 2490;-; 3476;-;   67;-;   94;-; 2396;-; 2319;-;   72;-;    5;-;    5;-;    4;-;   13;-;   50;-;   41;-;   22;-; 3342;-; 3251;-;   85;-;    6;-;   10;-;    2;-;   20;-;   72;-;   50;-;   30;-
4607;5027;05;A;  52;100210; 3;w;21; 1479;-; 2041;-;   53;-;   75;-; 1411;-; 1335;-;   73;-;    3;-;    3;-;    5;-;   10;-;   38;-;   33;-;   12;-; 1954;-; 1863;-;   91;-;    0;-;    5;-;    4;-;   16;-;   55;-;   37;-;    7;-
4607;5027;05;A;  52;100210; 3;w;22; 1060;-; 1599;-;   45;-;   60;-;  998;-;  938;-;   57;-;    3;-;    2;-;    4;-;   12;-;   29;-;   24;-;   15;-; 1530;-; 1470;-;   59;-;    1;-;    2;-;    2;-;    9;-;   49;-;   30;-;    7;-
4607;5027;05;A;  52;100210; 3;w;23;  821;-; 1214;-;   48;-;   38;-;  757;-;  707;-;   50;-;    0;-;    3;-;    1;-;   14;-;   33;-;   23;-;   13;-; 1170;-; 1119;-;   51;-;    0;-;    0;-;    0;-;    7;-;   31;-;   24;-;    6;-
4607;5027;05;A;  52;100210; 3;w;24;  487;-; 1006;-;   29;-;   46;-;  453;-;  423;-;   30;-;    0;-;    1;-;    0;-;    7;-;   22;-;   15;-;    4;-;  957;-;  912;-;   44;-;    1;-;    0;-;    5;-;    3;-;   38;-;   21;-;    3;-
4607;5027;05;A;  52;100211; 4;w;01;  248;-;  345;-;   30;-;   30;-;  215;-;  185;-;   30;-;    0;-;    0;-;    1;-;   10;-;   19;-;   12;-;    3;-;  309;-;  286;-;   21;-;    2;-;    2;-;    3;-;    4;-;   23;-;   17;-;    4;-
4607;5027;05;A;  52;100211; 4;w;02;  190;-;  201;-;   38;-;   33;-;  150;-;  129;-;   21;-;    0;-;    0;-;    1;-;   14;-;   23;-;   15;-;    2;-;  168;-;  150;-;   18;-;    0;-;    0;-;    0;-;    4;-;   29;-;   20;-;    0;-
4607;5027;05;A;  52;100211; 4;w;03;  167;-;  154;-;   46;-;   41;-;  120;-;  108;-;   12;-;    0;-;    1;-;    1;-;   12;-;   33;-;   17;-;    0;-;  112;-;   96;-;   16;-;    0;-;    1;-;    0;-;   12;-;   29;-;   20;-;    0;-
4607;5027;05;A;  52;100211; 4;w;04;  302;-;  185;-;   57;-;   61;-;  243;-;  226;-;   17;-;    0;-;    1;-;    0;-;   18;-;   39;-;   31;-;    1;-;  124;-;   99;-;   25;-;    0;-;    0;-;    0;-;   28;-;   33;-;   25;-;    0;-
4607;5027;05;A;  52;100211; 4;w;05;  639;-;  250;-;   88;-;   64;-;  546;-;  518;-;   28;-;    0;-;    4;-;    7;-;   32;-;   49;-;   34;-;    1;-;  186;-;  165;-;   21;-;    0;-;    0;-;    1;-;   31;-;   32;-;   24;-;    0;-
4607;5027;05;A;  52;100211; 4;w;06; 2106;-;  633;-;  150;-;   83;-; 1920;-; 1828;-;   89;-;    3;-;    3;-;    3;-;   57;-;   90;-;   74;-;   33;-;  546;-;  500;-;   46;-;    0;-;    2;-;    0;-;   17;-;   66;-;   51;-;    2;-
4607;5027;05;A;  52;100211; 4;w;07; 4578;-; 1594;-;  186;-;  150;-; 4341;-; 4150;-;  174;-;   17;-;   12;-;    4;-;   81;-;  101;-;   76;-;   39;-; 1434;-; 1341;-;   92;-;    1;-;    2;-;    2;-;   65;-;   83;-;   66;-;    8;-
4607;5027;05;A;  52;100211; 4;w;08; 5773;-; 3065;-;  206;-;  157;-; 5477;-; 5302;-;  170;-;    5;-;   16;-;   10;-;   81;-;  115;-;   93;-;   74;-; 2889;-; 2737;-;  150;-;    2;-;    6;-;    3;-;   69;-;   85;-;   62;-;   13;-
4607;5027;05;A;  52;100211; 4;w;09; 5529;-; 3596;-;  203;-;  238;-; 5225;-; 5022;-;  189;-;   14;-;    9;-;    7;-;   89;-;  107;-;   85;-;   92;-; 3330;-; 3168;-;  161;-;    1;-;    7;-;    9;-;  105;-;  124;-;   98;-;   21;-
4607;5027;05;A;  52;100211; 4;w;10; 3661;-; 2689;-;  246;-;  261;-; 3368;-; 3181;-;  179;-;    8;-;    8;-;   10;-;   91;-;  145;-;  115;-;   39;-; 2409;-; 2211;-;  197;-;    1;-;   11;-;   10;-;  109;-;  142;-;  108;-;    8;-
4607;5027;05;A;  52;100211; 4;w;11; 2703;-; 2289;-;  231;-;  228;-; 2446;-; 2283;-;  163;-;    0;-;    7;-;    7;-;  101;-;  123;-;  111;-;   19;-; 2046;-; 1846;-;  197;-;    3;-;    7;-;   10;-;   96;-;  122;-;   93;-;    8;-
4607;5027;05;A;  52;100211; 4;w;12; 2322;-; 2513;-;  225;-;  238;-; 2055;-; 1886;-;  165;-;    4;-;    8;-;    9;-;   71;-;  145;-;  120;-;   34;-; 2265;-; 2094;-;  167;-;    4;-;    1;-;    5;-;  107;-;  126;-;  107;-;    9;-
4607;5027;05;A;  52;100211; 4;w;13; 2380;-; 2939;-;  215;-;  200;-; 2136;-; 1988;-;  146;-;    2;-;    9;-;    4;-;   77;-;  134;-;  111;-;   20;-; 2722;-; 2539;-;  181;-;    2;-;    6;-;    6;-;   72;-;  122;-;  101;-;   11;-
4607;5027;05;A;  52;100211; 4;w;14; 2616;-; 3382;-;  212;-;  213;-; 2354;-; 2172;-;  175;-;    7;-;    9;-;    6;-;   71;-;  135;-;  104;-;   41;-; 3146;-; 2952;-;  191;-;    3;-;    6;-;    4;-;   80;-;  129;-;  106;-;   17;-
4607;5027;05;A;  52;100211; 4;w;15; 2479;-; 3891;-;  181;-;  210;-; 2269;-; 2093;-;  175;-;    1;-;    3;-;    6;-;   60;-;  115;-;   94;-;   26;-; 3648;-; 3453;-;  191;-;    4;-;   15;-;    7;-;   86;-;  117;-;   94;-;   18;-
4607;5027;05;A;  52;100211; 4;w;16; 2590;-; 4468;-;  180;-;  196;-; 2364;-; 2218;-;  140;-;    6;-;    9;-;    8;-;   77;-;   95;-;   72;-;   37;-; 4219;-; 4056;-;  163;-;    0;-;   18;-;    5;-;   74;-;  117;-;   81;-;   35;-
4607;5027;05;A;  52;100211; 4;w;17; 2887;-; 4213;-;  140;-;  160;-; 2702;-; 2555;-;  142;-;    5;-;    5;-;    5;-;   40;-;   95;-;   72;-;   40;-; 3990;-; 3854;-;  133;-;    3;-;   29;-;    5;-;   49;-;  106;-;   83;-;   34;-
4607;5027;05;A;  52;100211; 4;w;18; 3024;-; 4273;-;  106;-;  120;-; 2866;-; 2717;-;  144;-;    5;-;    7;-;    3;-;   27;-;   76;-;   60;-;   45;-; 4107;-; 3972;-;  131;-;    4;-;   14;-;    6;-;   35;-;   79;-;   57;-;   32;-
4607;5027;05;A;  52;100211; 4;w;19; 2754;-; 3512;-;   88;-;   80;-; 2637;-; 2517;-;  116;-;    4;-;    2;-;    3;-;   27;-;   58;-;   49;-;   27;-; 3407;-; 3280;-;  126;-;    1;-;    6;-;    5;-;   24;-;   51;-;   40;-;   19;-
4607;5027;05;A;  52;100211; 4;w;20; 1877;-; 2305;-;   53;-;   54;-; 1799;-; 1724;-;   73;-;    2;-;    3;-;    5;-;    9;-;   39;-;   32;-;   22;-; 2237;-; 2132;-;  102;-;    3;-;    7;-;    3;-;    9;-;   42;-;   37;-;    7;-
4607;5027;05;A;  52;100211; 4;w;21; 1343;-; 1642;-;   45;-;   72;-; 1274;-; 1204;-;   69;-;    1;-;    4;-;    1;-;    9;-;   35;-;   28;-;   20;-; 1558;-; 1457;-;   99;-;    2;-;    2;-;    6;-;   10;-;   56;-;   41;-;   10;-
4607;5027;05;A;  52;100211; 4;w;22; 1008;-; 1337;-;   38;-;   42;-;  960;-;  898;-;   60;-;    2;-;    2;-;    1;-;    7;-;   30;-;   23;-;    8;-; 1283;-; 1227;-;   54;-;    2;-;    5;-;    2;-;    5;-;   35;-;   28;-;    7;-
4607;5027;05;A;  52;100211; 4;w;23;  789;-; 1367;-;   46;-;   42;-;  738;-;  686;-;   51;-;    1;-;    2;-;    3;-;    7;-;   36;-;   30;-;    3;-; 1322;-; 1252;-;   69;-;    1;-;    1;-;    2;-;   12;-;   28;-;   20;-;    2;-
4607;5027;05;A;  52;100211; 4;w;24;  516;-;  991;-;   25;-;   48;-;  486;-;  432;-;   54;-;    0;-;    0;-;    0;-;   10;-;   15;-;   10;-;    5;-;  936;-;  877;-;   58;-;    1;-;    2;-;    2;-;    7;-;   39;-;   22;-;    5;-
4607;5027;05;A;  52;100212; 5;w;01;  306;-;  410;-;   24;-;   29;-;  280;-;  244;-;   36;-;    0;-;    0;-;    0;-;    6;-;   18;-;   11;-;    2;-;  377;-;  339;-;   38;-;    0;-;    0;-;    3;-;    3;-;   23;-;   20;-;    4;-
4607;5027;05;A;  52;100212; 5;w;02;  196;-;  277;-;   32;-;   24;-;  163;-;  143;-;   20;-;    0;-;    0;-;    0;-;   14;-;   18;-;   16;-;    1;-;  252;-;  225;-;   27;-;    0;-;    0;-;    0;-;    9;-;   15;-;   13;-;    1;-
4607;5027;05;A;  52;100212; 5;w;03;  209;-;  215;-;   46;-;   25;-;  161;-;  140;-;   21;-;    0;-;    0;-;    0;-;   11;-;   35;-;   22;-;    2;-;  189;-;  165;-;   24;-;    0;-;    0;-;    0;-;    7;-;   18;-;   13;-;    1;-
4607;5027;05;A;  52;100212; 5;w;04;  332;-;  221;-;   63;-;   54;-;  268;-;  237;-;   31;-;    0;-;    0;-;    0;-;   21;-;   42;-;   27;-;    1;-;  165;-;  129;-;   36;-;    0;-;    1;-;    0;-;   25;-;   29;-;   21;-;    1;-
4607;5027;05;A;  52;100212; 5;w;05;  651;-;  355;-;   80;-;   72;-;  566;-;  536;-;   30;-;    0;-;    0;-;    5;-;   29;-;   46;-;   29;-;    5;-;  281;-;  251;-;   29;-;    1;-;    1;-;    1;-;   36;-;   35;-;   25;-;    1;-
4607;5027;05;A;  52;100212; 5;w;06; 1953;-;  616;-;  167;-;   94;-; 1768;-; 1694;-;   74;-;    0;-;    1;-;    4;-;   79;-;   84;-;   66;-;   17;-;  519;-;  473;-;   46;-;    0;-;    1;-;    0;-;   38;-;   56;-;   41;-;    2;-
4607;5027;05;A;  52;100212; 5;w;07; 4171;-; 1466;-;  190;-;  140;-; 3918;-; 3721;-;  189;-;    8;-;    5;-;    3;-;   75;-;  112;-;   88;-;   58;-; 1314;-; 1224;-;   89;-;    1;-;    3;-;    0;-;   51;-;   89;-;   66;-;    9;-
4607;5027;05;A;  52;100212; 5;w;08; 5165;-; 2735;-;  200;-;  182;-; 4887;-; 4695;-;  176;-;   16;-;   11;-;    6;-;   87;-;  107;-;   70;-;   67;-; 2535;-; 2387;-;  145;-;    3;-;    4;-;    3;-;   83;-;   96;-;   70;-;   14;-
4607;5027;05;A;  52;100212; 5;w;09; 4626;-; 2972;-;  198;-;  209;-; 4244;-; 4058;-;  169;-;   17;-;    7;-;    1;-;   82;-;  115;-;   90;-;  177;-; 2739;-; 2556;-;  181;-;    2;-;    2;-;    8;-;  108;-;   93;-;   69;-;   22;-
4607;5027;05;A;  52;100212; 5;w;10; 3218;-; 2365;-;  208;-;  210;-; 2935;-; 2739;-;  182;-;   14;-;    9;-;    1;-;   89;-;  118;-;   96;-;   66;-; 2131;-; 1941;-;  187;-;    3;-;   10;-;    1;-;  102;-;  107;-;   82;-;   14;-
4607;5027;05;A;  52;100212; 5;w;11; 2440;-; 2308;-;  199;-;  224;-; 2185;-; 1996;-;  189;-;    0;-;    9;-;    3;-;   80;-;  116;-;   95;-;   47;-; 2065;-; 1876;-;  185;-;    4;-;    7;-;    2;-;   82;-;  140;-;  109;-;   12;-
4607;5027;05;A;  52;100212; 5;w;12; 2361;-; 2637;-;  221;-;  212;-; 2105;-; 1919;-;  181;-;    5;-;   13;-;    2;-;   89;-;  130;-;  108;-;   22;-; 2401;-; 2186;-;  212;-;    3;-;   14;-;    0;-;   98;-;  114;-;   92;-;   10;-
4607;5027;05;A;  52;100212; 5;w;13; 2533;-; 3413;-;  202;-;  220;-; 2284;-; 2120;-;  160;-;    4;-;   13;-;    2;-;   76;-;  124;-;   99;-;   34;-; 3169;-; 2950;-;  219;-;    0;-;   12;-;    3;-;   92;-;  125;-;   90;-;   12;-
4607;5027;05;A;  52;100212; 5;w;14; 2960;-; 3913;-;  199;-;  211;-; 2727;-; 2564;-;  161;-;    2;-;   10;-;    0;-;   84;-;  115;-;   93;-;   24;-; 3652;-; 3459;-;  189;-;    4;-;   29;-;    5;-;   98;-;  108;-;   90;-;   21;-
4607;5027;05;A;  52;100212; 5;w;15; 2645;-; 4218;-;  143;-;  203;-; 2457;-; 2290;-;  165;-;    2;-;    9;-;    4;-;   53;-;   86;-;   66;-;   36;-; 3952;-; 3796;-;  156;-;    0;-;   28;-;    3;-;   75;-;  125;-;   89;-;   35;-
4607;5027;05;A;  52;100212; 5;w;16; 2856;-; 4243;-;  136;-;  149;-; 2653;-; 2501;-;  145;-;    7;-;   11;-;    3;-;   53;-;   80;-;   59;-;   56;-; 4028;-; 3888;-;  139;-;    1;-;   19;-;    5;-;   57;-;   87;-;   76;-;   47;-
4607;5027;05;A;  52;100212; 5;w;17; 3148;-; 4141;-;  138;-;  129;-; 2976;-; 2830;-;  142;-;    4;-;    5;-;    3;-;   51;-;   84;-;   71;-;   29;-; 3962;-; 3851;-;  108;-;    3;-;   13;-;    6;-;   43;-;   80;-;   61;-;   37;-
4607;5027;05;A;  52;100212; 5;w;18; 2988;-; 3916;-;  111;-;   89;-; 2842;-; 2744;-;   95;-;    3;-;    5;-;    5;-;   39;-;   67;-;   48;-;   30;-; 3783;-; 3691;-;   90;-;    2;-;    7;-;    3;-;   35;-;   51;-;   41;-;   37;-
4607;5027;05;A;  52;100212; 5;w;19; 2990;-; 3384;-;   76;-;   72;-; 2886;-; 2820;-;   64;-;    2;-;    7;-;   10;-;   28;-;   38;-;   29;-;   21;-; 3295;-; 3213;-;   81;-;    1;-;    6;-;    1;-;   26;-;   45;-;   37;-;   11;-
4607;5027;05;A;  52;100212; 5;w;20; 2078;-; 2655;-;   62;-;   76;-; 2000;-; 1937;-;   63;-;    0;-;    2;-;    3;-;   15;-;   44;-;   34;-;   14;-; 2568;-; 2485;-;   82;-;    1;-;    3;-;    3;-;   21;-;   52;-;   42;-;    8;-
4607;5027;05;A;  52;100212; 5;w;21; 1420;-; 1777;-;   48;-;   87;-; 1360;-; 1324;-;   36;-;    0;-;    2;-;    4;-;   17;-;   27;-;   23;-;   10;-; 1680;-; 1602;-;   78;-;    0;-;    3;-;    5;-;   25;-;   57;-;   31;-;    7;-
4607;5027;05;A;  52;100212; 5;w;22; 1078;-; 1355;-;   42;-;   55;-; 1027;-;  989;-;   38;-;    0;-;    3;-;    3;-;   15;-;   24;-;   18;-;    6;-; 1294;-; 1222;-;   72;-;    0;-;    3;-;    1;-;   18;-;   36;-;   25;-;    3;-
4607;5027;05;A;  52;100212; 5;w;23;  868;-; 1303;-;   32;-;   57;-;  830;-;  803;-;   26;-;    1;-;    1;-;    6;-;    8;-;   18;-;   15;-;    5;-; 1240;-; 1170;-;   68;-;    2;-;    2;-;    1;-;   24;-;   32;-;   20;-;    4;-
4607;5027;05;A;  52;100212; 5;w;24;  670;-; 1124;-;   35;-;   48;-;  632;-;  606;-;   26;-;    0;-;    0;-;    3;-;   14;-;   18;-;   15;-;    3;-; 1074;-; 1011;-;   63;-;    0;-;    1;-;    4;-;   13;-;   31;-;   21;-;    1;-
4607;5027;05;A;  52;100213; 6;w;01;  395;-;  905;-;   30;-;   39;-;  362;-;  347;-;   14;-;    1;-;    0;-;    2;-;   13;-;   15;-;   11;-;    3;-;  861;-;  813;-;   47;-;    1;-;    3;-;    5;-;    5;-;   29;-;   20;-;    2;-
4607;5027;05;A;  52;100213; 6;w;02;  268;-;  292;-;   28;-;   32;-;  238;-;  220;-;   18;-;    0;-;    1;-;    2;-;   11;-;   15;-;    9;-;    1;-;  260;-;  247;-;   13;-;    0;-;    0;-;    0;-;    7;-;   25;-;   22;-;    0;-
4607;5027;05;A;  52;100213; 6;w;03;  208;-;  222;-;   37;-;   19;-;  167;-;  153;-;   14;-;    0;-;    3;-;    0;-;   13;-;   24;-;   16;-;    1;-;  202;-;  186;-;   16;-;    0;-;    1;-;    0;-;    8;-;   11;-;    7;-;    0;-
4607;5027;05;A;  52;100213; 6;w;04;  316;-;  217;-;   41;-;   45;-;  273;-;  261;-;   12;-;    0;-;    2;-;    2;-;   11;-;   28;-;   16;-;    0;-;  170;-;  158;-;   12;-;    0;-;    2;-;    1;-;   28;-;   16;-;   11;-;    0;-
4607;5027;05;A;  52;100213; 6;w;05;  492;-;  271;-;   45;-;   40;-;  447;-;  423;-;   24;-;    0;-;    0;-;    2;-;   27;-;   16;-;    9;-;    0;-;  231;-;  208;-;   23;-;    0;-;    0;-;    0;-;   29;-;   11;-;    6;-;    0;-
4607;5027;05;A;  52;100213; 6;w;06;  718;-;  376;-;   45;-;   40;-;  665;-;  623;-;   41;-;    1;-;    5;-;    1;-;   21;-;   23;-;   19;-;    3;-;  334;-;  299;-;   35;-;    0;-;    2;-;    2;-;   22;-;   16;-;   14;-;    0;-
4607;5027;05;A;  52;100213; 6;w;07;  631;-;  521;-;   52;-;   44;-;  573;-;  527;-;   46;-;    0;-;    5;-;    5;-;   24;-;   23;-;   19;-;    1;-;  474;-;  442;-;   32;-;    0;-;    2;-;    3;-;   16;-;   25;-;   22;-;    1;-
4607;5027;05;A;  52;100213; 6;w;08;  782;-;  677;-;   47;-;   51;-;  718;-;  644;-;   73;-;    1;-;   13;-;    3;-;   20;-;   24;-;   20;-;    4;-;  623;-;  566;-;   57;-;    0;-;    3;-;    4;-;   24;-;   23;-;   18;-;    0;-
4607;5027;05;A;  52;100213; 6;w;09; 1147;-;  954;-;   45;-;   42;-; 1085;-; 1001;-;   81;-;    3;-;    3;-;    3;-;   27;-;   15;-;   10;-;   14;-;  906;-;  841;-;   65;-;    0;-;    3;-;    3;-;   17;-;   22;-;   20;-;    3;-
4607;5027;05;A;  52;100213; 6;w;10; 1570;-; 1428;-;   53;-;   52;-; 1498;-; 1400;-;   94;-;    4;-;    8;-;    2;-;   31;-;   20;-;   18;-;   11;-; 1363;-; 1282;-;   80;-;    1;-;    8;-;    3;-;   31;-;   18;-;   16;-;    5;-
4607;5027;05;A;  52;100213; 6;w;11; 1691;-; 1731;-;   31;-;   54;-; 1640;-; 1542;-;   97;-;    1;-;   12;-;    3;-;   16;-;   12;-;   11;-;    8;-; 1666;-; 1588;-;   75;-;    3;-;    5;-;    4;-;   28;-;   22;-;   19;-;    6;-
4607;5027;05;A;  52;100213; 6;w;12; 2028;-; 1907;-;   42;-;   23;-; 1949;-; 1848;-;   97;-;    4;-;    8;-;    1;-;   29;-;   12;-;   11;-;   29;-; 1860;-; 1762;-;   98;-;    0;-;    8;-;    1;-;   11;-;   11;-;   10;-;   16;-
4607;5027;05;A;  52;100213; 6;w;13; 2077;-; 2148;-;   28;-;   26;-; 2017;-; 1909;-;  107;-;    1;-;    8;-;    0;-;   16;-;   12;-;   11;-;   24;-; 2101;-; 1984;-;  113;-;    4;-;   12;-;    3;-;   13;-;   10;-;    9;-;    9;-
4607;5027;05;A;  52;100213; 6;w;14; 2063;-; 2313;-;   36;-;   27;-; 1989;-; 1869;-;  114;-;    6;-;   12;-;    1;-;   19;-;   16;-;   16;-;   26;-; 2268;-; 2185;-;   83;-;    0;-;   12;-;    2;-;    8;-;   17;-;   14;-;    6;-
4607;5027;05;A;  52;100213; 6;w;15; 2066;-; 2447;-;   23;-;   34;-; 2002;-; 1885;-;  113;-;    4;-;    8;-;    0;-;   11;-;   12;-;    9;-;   33;-; 2389;-; 2280;-;  108;-;    1;-;   17;-;    0;-;   16;-;   18;-;   12;-;    7;-
4607;5027;05;A;  52;100213; 6;w;16; 2003;-; 2062;-;   30;-;   16;-; 1935;-; 1851;-;   83;-;    1;-;    7;-;    2;-;   14;-;   14;-;   12;-;   31;-; 2027;-; 1956;-;   71;-;    0;-;   12;-;    1;-;    7;-;    8;-;    6;-;    7;-
4607;5027;05;A;  52;100213; 6;w;17; 1841;-; 1941;-;   23;-;   18;-; 1799;-; 1714;-;   83;-;    2;-;   10;-;    3;-;   12;-;    8;-;    6;-;    9;-; 1911;-; 1816;-;   94;-;    1;-;    2;-;    2;-;    7;-;    9;-;    8;-;   10;-
4607;5027;05;A;  52;100213; 6;w;18; 1845;-; 1842;-;   10;-;   14;-; 1815;-; 1739;-;   72;-;    4;-;    6;-;    0;-;    4;-;    6;-;    5;-;   14;-; 1821;-; 1720;-;   99;-;    2;-;    3;-;    3;-;    3;-;    8;-;    8;-;    4;-
4607;5027;05;A;  52;100213; 6;w;19; 1673;-; 1791;-;   12;-;   14;-; 1653;-; 1604;-;   47;-;    2;-;    2;-;    5;-;    5;-;    2;-;    2;-;    6;-; 1769;-; 1694;-;   73;-;    2;-;    3;-;    2;-;   10;-;    2;-;    2;-;    5;-
4607;5027;05;A;  52;100213; 6;w;20; 1462;-; 1347;-;   12;-;   15;-; 1442;-; 1412;-;   29;-;    1;-;    1;-;    3;-;    5;-;    4;-;    2;-;    7;-; 1327;-; 1288;-;   38;-;    1;-;    2;-;    4;-;    7;-;    4;-;    4;-;    3;-
4607;5027;05;A;  52;100213; 6;w;21; 1009;-; 1132;-;   16;-;   19;-;  986;-;  970;-;   16;-;    0;-;    0;-;    2;-;    6;-;    8;-;    6;-;    7;-; 1109;-; 1066;-;   42;-;    1;-;    1;-;    1;-;   16;-;    2;-;    2;-;    3;-
4607;5027;05;A;  52;100213; 6;w;22;  847;-;  813;-;   10;-;   15;-;  832;-;  813;-;   17;-;    2;-;    1;-;    4;-;    3;-;    3;-;    3;-;    4;-;  796;-;  753;-;   42;-;    1;-;    0;-;    6;-;    7;-;    2;-;    2;-;    2;-
4607;5027;05;A;  52;100213; 6;w;23;  656;-;  791;-;    6;-;    5;-;  648;-;  635;-;   13;-;    0;-;    1;-;    1;-;    3;-;    2;-;    1;-;    1;-;  782;-;  738;-;   42;-;    2;-;    1;-;    0;-;    4;-;    1;-;    1;-;    3;-
4607;5027;05;A;  52;100213; 6;w;24;  653;-;  698;-;    8;-;   12;-;  643;-;  632;-;   11;-;    0;-;    1;-;    4;-;    3;-;    1;-;    0;-;    1;-;  685;-;  662;-;   23;-;    0;-;    0;-;    1;-;    7;-;    4;-;    2;-;    1;-
4607;5027;05;A;  52;100214; 7;s;01;  521;-;  538;-;    3;-;    8;-;  517;-;  509;-;    7;-;    1;-;    1;-;    2;-;    1;-;    0;-;    0;-;    0;-;  530;-;  497;-;   32;-;    1;-;    0;-;    2;-;    5;-;    1;-;    1;-;    0;-
4607;5027;05;A;  52;100214; 7;s;02;  357;-;  376;-;    8;-;    3;-;  345;-;  336;-;    9;-;    0;-;    2;-;    0;-;    7;-;    1;-;    1;-;    2;-;  373;-;  359;-;   14;-;    0;-;    0;-;    1;-;    0;-;    2;-;    1;-;    0;-
4607;5027;05;A;  52;100214; 7;s;03;  267;-;  275;-;    5;-;    8;-;  262;-;  251;-;   10;-;    1;-;    0;-;    0;-;    4;-;    1;-;    0;-;    0;-;  266;-;  255;-;   11;-;    0;-;    0;-;    0;-;    4;-;    4;-;    4;-;    1;-
4607;5027;05;A;  52;100214; 7;s;04;  328;-;  221;-;    2;-;    7;-;  324;-;  315;-;    9;-;    0;-;    0;-;    0;-;    2;-;    0;-;    0;-;    2;-;  214;-;  198;-;   16;-;    0;-;    0;-;    1;-;    3;-;    3;-;    3;-;    0;-
4607;5027;05;A;  52;100214; 7;s;05;  402;-;  309;-;    6;-;    5;-;  396;-;  387;-;    9;-;    0;-;    0;-;    3;-;    2;-;    1;-;    1;-;    0;-;  301;-;  272;-;   29;-;    0;-;    0;-;    0;-;    5;-;    0;-;    0;-;    3;-
4607;5027;05;A;  52;100214; 7;s;06;  459;-;  354;-;    3;-;    4;-;  454;-;  445;-;    8;-;    1;-;    0;-;    0;-;    0;-;    3;-;    1;-;    2;-;  348;-;  334;-;   13;-;    1;-;    2;-;    0;-;    4;-;    0;-;    0;-;    0;-
4607;5027;05;A;  52;100214; 7;s;07;  374;-;  359;-;   10;-;   12;-;  358;-;  347;-;   10;-;    1;-;    3;-;    3;-;    6;-;    1;-;    1;-;    3;-;  344;-;  330;-;   13;-;    1;-;    0;-;    0;-;    7;-;    5;-;    4;-;    3;-
4607;5027;05;A;  52;100214; 7;s;08;  342;-;  353;-;    4;-;    6;-;  331;-;  307;-;   24;-;    0;-;    3;-;    2;-;    1;-;    1;-;    1;-;    4;-;  344;-;  323;-;   21;-;    0;-;    1;-;    0;-;    3;-;    3;-;    2;-;    2;-
4607;5027;05;A;  52;100214; 7;s;09;  535;-;  429;-;    6;-;   11;-;  525;-;  504;-;   20;-;    1;-;    1;-;    2;-;    2;-;    2;-;    2;-;    3;-;  418;-;  391;-;   27;-;    0;-;    0;-;    2;-;    7;-;    2;-;    2;-;    0;-
4607;5027;05;A;  52;100214; 7;s;10;  786;-;  662;-;   24;-;   17;-;  754;-;  720;-;   34;-;    0;-;    5;-;    8;-;   10;-;    6;-;    6;-;    3;-;  637;-;  593;-;   43;-;    1;-;    4;-;    1;-;   12;-;    4;-;    4;-;    4;-
4607;5027;05;A;  52;100214; 7;s;11; 1078;-;  944;-;    9;-;   22;-; 1056;-; 1020;-;   36;-;    0;-;    5;-;    2;-;    5;-;    2;-;    2;-;    8;-;  916;-;  858;-;   57;-;    1;-;    3;-;    3;-;    8;-;   11;-;   10;-;    3;-
4607;5027;05;A;  52;100214; 7;s;12; 1277;-; 1254;-;   16;-;   15;-; 1248;-; 1215;-;   32;-;    1;-;    7;-;    4;-;    9;-;    3;-;    3;-;    6;-; 1235;-; 1180;-;   55;-;    0;-;    3;-;    1;-;    9;-;    5;-;    5;-;    1;-
4607;5027;05;A;  52;100214; 7;s;13; 1456;-; 1578;-;    9;-;   18;-; 1439;-; 1382;-;   56;-;    1;-;    2;-;    1;-;    4;-;    4;-;    3;-;    6;-; 1554;-; 1491;-;   63;-;    0;-;    5;-;    2;-;   11;-;    5;-;    4;-;    1;-
4607;5027;05;A;  52;100214; 7;s;14; 1699;-; 1767;-;   19;-;   15;-; 1667;-; 1621;-;   46;-;    0;-;    3;-;    2;-;    9;-;    8;-;    8;-;   10;-; 1744;-; 1692;-;   51;-;    1;-;    4;-;    4;-;    8;-;    3;-;    3;-;    4;-
4607;5027;05;A;  52;100214; 7;s;15; 1707;-; 1919;-;   13;-;    8;-; 1678;-; 1605;-;   73;-;    0;-;    3;-;    2;-;    6;-;    5;-;    5;-;   13;-; 1904;-; 1848;-;   54;-;    2;-;    3;-;    2;-;    4;-;    2;-;    1;-;    4;-
4607;5027;05;A;  52;100214; 7;s;16; 1639;-; 1699;-;   11;-;   12;-; 1614;-; 1536;-;   77;-;    1;-;    4;-;    1;-;    4;-;    6;-;    5;-;   10;-; 1681;-; 1614;-;   67;-;    0;-;    1;-;    1;-;    5;-;    6;-;    6;-;    5;-
4607;5027;05;A;  52;100214; 7;s;17; 1668;-; 1627;-;    9;-;    6;-; 1633;-; 1565;-;   65;-;    3;-;    2;-;    3;-;    5;-;    1;-;    1;-;   24;-; 1613;-; 1548;-;   65;-;    0;-;    2;-;    1;-;    3;-;    2;-;    1;-;    6;-
4607;5027;05;A;  52;100214; 7;s;18; 1840;-; 1569;-;   12;-;   19;-; 1813;-; 1733;-;   79;-;    1;-;    2;-;    2;-;    6;-;    4;-;    4;-;   13;-; 1544;-; 1477;-;   67;-;    0;-;    4;-;    4;-;    9;-;    6;-;    5;-;    2;-
4607;5027;05;A;  52;100214; 7;s;19; 1585;-; 1568;-;   17;-;   20;-; 1547;-; 1485;-;   60;-;    2;-;    3;-;    3;-;    8;-;    6;-;    4;-;   18;-; 1543;-; 1494;-;   48;-;    1;-;    5;-;    6;-;    9;-;    5;-;    5;-;    0;-
4607;5027;05;A;  52;100214; 7;s;20; 1366;-; 1248;-;   18;-;   10;-; 1334;-; 1293;-;   41;-;    0;-;    3;-;    1;-;   10;-;    7;-;    6;-;   11;-; 1235;-; 1192;-;   42;-;    1;-;    0;-;    2;-;    0;-;    8;-;    6;-;    3;-
4607;5027;05;A;  52;100214; 7;s;21;  954;-; 1117;-;   18;-;   12;-;  930;-;  892;-;   36;-;    2;-;    1;-;    2;-;    7;-;    9;-;    4;-;    5;-; 1103;-; 1081;-;   21;-;    1;-;    2;-;    3;-;    1;-;    8;-;    6;-;    0;-
4607;5027;05;A;  52;100214; 7;s;22;  844;-;  980;-;   15;-;   12;-;  823;-;  791;-;   32;-;    0;-;    2;-;    0;-;    5;-;   10;-;    7;-;    4;-;  967;-;  942;-;   25;-;    0;-;    1;-;    4;-;    3;-;    5;-;    4;-;    0;-
4607;5027;05;A;  52;100214; 7;s;23;  690;-;  830;-;   26;-;   18;-;  660;-;  633;-;   25;-;    2;-;    1;-;    1;-;    7;-;   18;-;   13;-;    3;-;  807;-;  783;-;   23;-;    1;-;    4;-;    0;-;    5;-;   13;-;   12;-;    1;-
4607;5027;05;A;  52;100214; 7;s;24;  545;-;  611;-;   25;-;   24;-;  518;-;  497;-;   20;-;    1;-;    0;-;    0;-;    3;-;   22;-;   18;-;    2;-;  582;-;  558;-;   22;-;    2;-;    3;-;    1;-;    7;-;   16;-;   14;-;    2;-
4607;5027;05;A;  52;100215; 1;w;01;  324;-;  448;-;   25;-;   19;-;  298;-;  285;-;   13;-;    0;-;    0;-;    0;-;   10;-;   15;-;   12;-;    1;-;  428;-;  408;-;   20;-;    0;-;    0;-;    1;-;    3;-;   15;-;    7;-;    1;-
4607;5027;05;A;  52;100215; 1;w;02;  221;-;  228;-;   22;-;   26;-;  196;-;  187;-;    9;-;    0;-;    0;-;    0;-;    6;-;   16;-;   14;-;    3;-;  202;-;  189;-;   13;-;    0;-;    0;-;    1;-;    6;-;   19;-;   15;-;    0;-
4607;5027;05;A;  52;100215; 1;w;03;  155;-;  163;-;   25;-;   22;-;  128;-;  120;-;    8;-;    0;-;    1;-;    0;-;    9;-;   16;-;   13;-;    1;-;  140;-;  132;-;    8;-;    0;-;    0;-;    0;-;    5;-;   17;-;   13;-;    1;-
4607;5027;05;A;  52;100215; 1;w;04;  303;-;  234;-;   36;-;   32;-;  265;-;  246;-;   19;-;    0;-;    0;-;    1;-;   17;-;   18;-;   12;-;    2;-;  202;-;  181;-;   21;-;    0;-;    0;-;    0;-;   15;-;   17;-;   14;-;    0;-
4607;5027;05;A;  52;100215; 1;w;05;  597;-;  349;-;   60;-;   65;-;  534;-;  515;-;   19;-;    0;-;    0;-;    3;-;   25;-;   32;-;   27;-;    3;-;  282;-;  267;-;   15;-;    0;-;    2;-;    2;-;   31;-;   32;-;   22;-;    0;-
4607;5027;05;A;  52;100215; 1;w;06; 1272;-;  556;-;  107;-;   67;-; 1160;-; 1114;-;   43;-;    3;-;    2;-;    3;-;   35;-;   69;-;   56;-;    3;-;  489;-;  466;-;   23;-;    0;-;    0;-;    2;-;   18;-;   47;-;   37;-;    0;-
4607;5027;05;A;  52;100215; 1;w;07; 1642;-;  946;-;  131;-;   93;-; 1504;-; 1422;-;   81;-;    1;-;    2;-;    1;-;   52;-;   78;-;   68;-;    5;-;  849;-;  796;-;   53;-;    0;-;    1;-;    1;-;   35;-;   57;-;   48;-;    3;-
4607;5027;05;A;  52;100215; 1;w;08; 2080;-; 1548;-;   77;-;  100;-; 1989;-; 1893;-;   95;-;    1;-;    6;-;    0;-;   33;-;   44;-;   37;-;    8;-; 1443;-; 1367;-;   76;-;    0;-;    2;-;    2;-;   29;-;   69;-;   59;-;    3;-
4607;5027;05;A;  52;100215; 1;w;09; 2089;-; 1597;-;  131;-;  133;-; 1941;-; 1829;-;  110;-;    2;-;    6;-;    2;-;   55;-;   74;-;   55;-;   11;-; 1457;-; 1370;-;   86;-;    1;-;    2;-;    1;-;   60;-;   72;-;   56;-;    5;-
4607;5027;05;A;  52;100215; 1;w;10; 1781;-; 1380;-;  133;-;  139;-; 1631;-; 1537;-;   90;-;    4;-;    8;-;    5;-;   48;-;   80;-;   68;-;    9;-; 1238;-; 1173;-;   64;-;    1;-;    1;-;    0;-;   62;-;   77;-;   56;-;    2;-
4607;5027;05;A;  52;100215; 1;w;11; 1692;-; 1448;-;  122;-;  117;-; 1552;-; 1413;-;  138;-;    1;-;    3;-;    6;-;   48;-;   68;-;   61;-;   15;-; 1319;-; 1239;-;   78;-;    2;-;    8;-;    6;-;   44;-;   67;-;   50;-;    4;-
4607;5027;05;A;  52;100215; 1;w;12; 1748;-; 1665;-;  124;-;  117;-; 1605;-; 1506;-;   99;-;    0;-;    3;-;    1;-;   48;-;   75;-;   57;-;   16;-; 1540;-; 1434;-;  105;-;    1;-;    5;-;    2;-;   45;-;   70;-;   59;-;    3;-
4607;5027;05;A;  52;100215; 1;w;13; 1889;-; 1897;-;  134;-;  102;-; 1726;-; 1628;-;   89;-;    9;-;    9;-;    1;-;   49;-;   84;-;   68;-;   20;-; 1780;-; 1678;-;  101;-;    1;-;    7;-;    3;-;   42;-;   57;-;   52;-;    8;-
4607;5027;05;A;  52;100215; 1;w;14; 1852;-; 1955;-;  105;-;  100;-; 1725;-; 1639;-;   84;-;    2;-;    5;-;    0;-;   31;-;   74;-;   59;-;   17;-; 1840;-; 1733;-;  106;-;    1;-;    4;-;    2;-;   33;-;   65;-;   59;-;   11;-
4607;5027;05;A;  52;100215; 1;w;15; 1707;-; 2135;-;  108;-;  100;-; 1582;-; 1484;-;   98;-;    0;-;    9;-;    0;-;   31;-;   77;-;   70;-;    8;-; 2016;-; 1914;-;  101;-;    1;-;    6;-;    1;-;   31;-;   68;-;   55;-;   13;-
4607;5027;05;A;  52;100215; 1;w;16; 1747;-; 2199;-;   91;-;   79;-; 1636;-; 1531;-;  104;-;    1;-;    3;-;    1;-;   27;-;   63;-;   56;-;   17;-; 2104;-; 1996;-;  105;-;    3;-;    6;-;    1;-;   28;-;   50;-;   39;-;   10;-
4607;5027;05;A;  52;100215; 1;w;17; 2001;-; 2395;-;   76;-;   82;-; 1893;-; 1803;-;   88;-;    2;-;    9;-;    1;-;   26;-;   49;-;   43;-;   23;-; 2296;-; 2171;-;  125;-;    0;-;    7;-;    4;-;   22;-;   56;-;   46;-;   10;-
4607;5027;05;A;  52;100215; 1;w;18; 2151;-; 2241;-;   55;-;   59;-; 2072;-; 1993;-;   77;-;    2;-;    8;-;    1;-;   15;-;   39;-;   32;-;   16;-; 2162;-; 2059;-;  102;-;    1;-;    5;-;    2;-;   22;-;   35;-;   31;-;   15;-
4607;5027;05;A;  52;100215; 1;w;19; 1898;-; 1969;-;   66;-;   38;-; 1812;-; 1730;-;   81;-;    1;-;    2;-;    1;-;   18;-;   47;-;   37;-;   18;-; 1918;-; 1836;-;   82;-;    0;-;    5;-;    2;-;    9;-;   27;-;   26;-;    8;-
4607;5027;05;A;  52;100215; 1;w;20; 1463;-; 1416;-;   40;-;   43;-; 1414;-; 1360;-;   52;-;    2;-;    1;-;    0;-;    8;-;   32;-;   24;-;    8;-; 1364;-; 1298;-;   65;-;    1;-;    5;-;    6;-;    5;-;   32;-;   26;-;    4;-
4607;5027;05;A;  52;100215; 1;w;21; 1154;-; 1071;-;   48;-;   39;-; 1100;-; 1054;-;   44;-;    2;-;    3;-;    0;-;   10;-;   38;-;   30;-;    3;-; 1022;-;  964;-;   58;-;    0;-;    5;-;    3;-;    5;-;   31;-;   18;-;    5;-
4607;5027;05;A;  52;100215; 1;w;22;  854;-;  769;-;   38;-;   29;-;  807;-;  768;-;   36;-;    3;-;    2;-;    1;-;   10;-;   27;-;   23;-;    7;-;  739;-;  692;-;   47;-;    0;-;    1;-;    2;-;    5;-;   22;-;   17;-;    0;-
4607;5027;05;A;  52;100215; 1;w;23;  689;-;  887;-;   32;-;   38;-;  651;-;  588;-;   63;-;    0;-;    1;-;    2;-;    4;-;   26;-;   21;-;    5;-;  846;-;  799;-;   47;-;    0;-;    0;-;    1;-;    9;-;   28;-;   21;-;    3;-
4607;5027;05;A;  52;100215; 1;w;24;  371;-;  577;-;   33;-;   36;-;  334;-;  310;-;   24;-;    0;-;    2;-;    0;-;    7;-;   26;-;   23;-;    2;-;  538;-;  501;-;   37;-;    0;-;    2;-;    1;-;    7;-;   28;-;   18;-;    1;-
4607;5027;05;A;  52;100216; 2;w;01;  193;-;  254;-;   30;-;   24;-;  162;-;  145;-;   17;-;    0;-;    1;-;    1;-;   12;-;   17;-;   14;-;    0;-;  230;-;  216;-;   14;-;    0;-;    0;-;    1;-;    6;-;   17;-;   14;-;    0;-
4607;5027;05;A;  52;100216; 2;w;02;  128;-;  160;-;   37;-;   28;-;   90;-;   84;-;    6;-;    0;-;    0;-;    1;-;   11;-;   25;-;   18;-;    1;-;  131;-;  119;-;   12;-;    0;-;    1;-;    0;-;    7;-;   21;-;   16;-;    0;-
4607;5027;05;A;  52;100216; 2;w;03;  146;-;  128;-;   51;-;   29;-;   93;-;   85;-;    8;-;    0;-;    0;-;    1;-;   15;-;   35;-;   29;-;    2;-;   98;-;   80;-;   18;-;    0;-;    1;-;    0;-;   12;-;   17;-;   16;-;    0;-
4607;5027;05;A;  52;100216; 2;w;04;  360;-;  157;-;   51;-;   41;-;  306;-;  281;-;   25;-;    0;-;    2;-;    2;-;   22;-;   27;-;   18;-;    1;-;  115;-;   97;-;   18;-;    0;-;    0;-;    1;-;   17;-;   23;-;   17;-;    1;-
4607;5027;05;A;  52;100216; 2;w;05;  820;-;  291;-;   99;-;   69;-;  713;-;  677;-;   36;-;    0;-;    1;-;    7;-;   40;-;   52;-;   35;-;    7;-;  218;-;  194;-;   24;-;    0;-;    3;-;    0;-;   35;-;   34;-;   24;-;    1;-
4607;5027;05;A;  52;100216; 2;w;06; 2218;-;  621;-;  154;-;   94;-; 2030;-; 1952;-;   75;-;    3;-;    1;-;    2;-;   61;-;   91;-;   69;-;   33;-;  524;-;  491;-;   32;-;    1;-;    2;-;    0;-;   34;-;   60;-;   45;-;    1;-
4607;5027;05;A;  52;100216; 2;w;07; 4569;-; 1521;-;  192;-;  121;-; 4341;-; 4156;-;  180;-;    5;-;    6;-;    1;-;   79;-;  112;-;   87;-;   30;-; 1394;-; 1308;-;   85;-;    1;-;    2;-;    1;-;   51;-;   69;-;   49;-;    4;-
4607;5027;05;A;  52;100216; 2;w;08; 5818;-; 2998;-;  200;-;  163;-; 5549;-; 5351;-;  185;-;   13;-;   15;-;    8;-;   88;-;  104;-;   81;-;   54;-; 2823;-; 2668;-;  150;-;    5;-;    1;-;    5;-;   69;-;   89;-;   73;-;   11;-
4607;5027;05;A;  52;100216; 2;w;09; 5559;-; 3320;-;  229;-;  218;-; 5205;-; 5038;-;  156;-;   11;-;   10;-;    4;-;  110;-;  115;-;   93;-;  115;-; 3077;-; 2904;-;  173;-;    0;-;    4;-;    3;-;   96;-;  119;-;   83;-;   21;-
4607;5027;05;A;  52;100216; 2;w;10; 3797;-; 2405;-;  271;-;  207;-; 3439;-; 3270;-;  158;-;   11;-;   18;-;    7;-;  108;-;  156;-;  122;-;   69;-; 2182;-; 1997;-;  184;-;    1;-;    5;-;    5;-;   87;-;  115;-;   82;-;   11;-
4607;5027;05;A;  52;100216; 2;w;11; 2796;-; 2306;-;  240;-;  246;-; 2524;-; 2341;-;  183;-;    0;-;    8;-;    0;-;   97;-;  143;-;  111;-;   24;-; 2046;-; 1854;-;  190;-;    2;-;    7;-;    3;-;   86;-;  157;-;  129;-;    7;-
4607;5027;05;A;  52;100216; 2;w;12; 2482;-; 2283;-;  221;-;  220;-; 2221;-; 2079;-;  139;-;    3;-;    9;-;    2;-;   85;-;  134;-;  106;-;   31;-; 2043;-; 1851;-;  192;-;    0;-;   13;-;    1;-;   88;-;  131;-;  108;-;    7;-
4607;5027;05;A;  52;100216; 2;w;13; 2533;-; 2567;-;  194;-;  235;-; 2310;-; 2150;-;  155;-;    5;-;   12;-;    1;-;   69;-;  124;-;   94;-;   17;-; 2320;-; 2153;-;  165;-;    2;-;    9;-;    2;-;   92;-;  141;-;  112;-;    3;-
4607;5027;05;A;  52;100216; 2;w;14; 2630;-; 2989;-;  208;-;  211;-; 2392;-; 2257;-;  135;-;    0;-;   12;-;    1;-;   73;-;  134;-;  112;-;   18;-; 2751;-; 2569;-;  180;-;    2;-;   13;-;    2;-;   83;-;  126;-;   97;-;   14;-
4607;5027;05;A;  52;100216; 2;w;15; 2492;-; 3452;-;  179;-;  210;-; 2291;-; 2136;-;  154;-;    1;-;    9;-;    1;-;   71;-;  107;-;   79;-;   13;-; 3223;-; 3017;-;  205;-;    1;-;   10;-;    6;-;   72;-;  132;-;   97;-;    9;-
4607;5027;05;A;  52;100216; 2;w;16; 2471;-; 4188;-;  177;-;  184;-; 2267;-; 2120;-;  142;-;    5;-;    9;-;    4;-;   67;-;  106;-;   88;-;   18;-; 3962;-; 3780;-;  179;-;    3;-;   20;-;    2;-;   56;-;  126;-;   90;-;   22;-
4607;5027;05;A;  52;100216; 2;w;17; 2806;-; 4502;-;  141;-;  154;-; 2640;-; 2498;-;  139;-;    3;-;    6;-;    3;-;   42;-;   96;-;   81;-;   19;-; 4289;-; 4143;-;  145;-;    1;-;   22;-;    3;-;   56;-;   95;-;   75;-;   37;-
4607;5027;05;A;  52;100216; 2;w;18; 3097;-; 4645;-;  123;-;  128;-; 2938;-; 2823;-;  113;-;    2;-;   11;-;    3;-;   34;-;   86;-;   71;-;   25;-; 4471;-; 4373;-;   98;-;    0;-;   13;-;    1;-;   47;-;   80;-;   64;-;   33;-
4607;5027;05;A;  52;100216; 2;w;19; 2932;-; 4457;-;   80;-;  101;-; 2825;-; 2706;-;  116;-;    3;-;    5;-;    0;-;   22;-;   58;-;   50;-;   22;-; 4305;-; 4214;-;   90;-;    1;-;   17;-;    1;-;   33;-;   67;-;   52;-;   34;-
4607;5027;05;A;  52;100216; 2;w;20; 2080;-; 2763;-;   63;-;   64;-; 1982;-; 1906;-;   72;-;    4;-;    5;-;    2;-;   14;-;   47;-;   37;-;   30;-; 2677;-; 2561;-;  115;-;    1;-;    3;-;    2;-;   21;-;   41;-;   32;-;   19;-
4607;5027;05;A;  52;100216; 2;w;21; 1337;-; 1802;-;   37;-;   67;-; 1290;-; 1227;-;   62;-;    1;-;    2;-;    4;-;    6;-;   27;-;   23;-;    8;-; 1715;-; 1624;-;   88;-;    3;-;    5;-;    4;-;   10;-;   53;-;   37;-;   15;-
4607;5027;05;A;  52;100216; 2;w;22; 1022;-; 1319;-;   43;-;   44;-;  967;-;  915;-;   51;-;    1;-;    1;-;    1;-;   10;-;   32;-;   24;-;   11;-; 1271;-; 1204;-;   66;-;    1;-;    1;-;    0;-;   12;-;   32;-;   21;-;    3;-
4607;5027;05;A;  52;100216; 2;w;23;  722;-; 1201;-;   29;-;   45;-;  685;-;  628;-;   56;-;    1;-;    1;-;    1;-;    8;-;   20;-;   15;-;    7;-; 1145;-; 1070;-;   73;-;    2;-;    3;-;    0;-;    6;-;   39;-;   30;-;    8;-
4607;5027;05;A;  52;100216; 2;w;24;  398;-;  578;-;   33;-;   27;-;  363;-;  342;-;   20;-;    1;-;    0;-;    1;-;    5;-;   27;-;   17;-;    2;-;  546;-;  502;-;   44;-;    0;-;    2;-;    1;-;    3;-;   23;-;   19;-;    3;-
4607;5027;05;A;  52;100217; 3;w;01;  192;-;  214;-;   34;-;   22;-;  157;-;  135;-;   21;-;    1;-;    0;-;    1;-;   11;-;   22;-;   13;-;    1;-;  191;-;  174;-;   17;-;    0;-;    0;-;    2;-;    5;-;   15;-;    8;-;    1;-
4607;5027;05;A;  52;100217; 3;w;02;  134;-;  152;-;   38;-;   37;-;   96;-;   79;-;   17;-;    0;-;    0;-;    1;-;    7;-;   30;-;   21;-;    0;-;  115;-;   95;-;   20;-;    0;-;    0;-;    0;-;   10;-;   27;-;   21;-;    0;-
4607;5027;05;A;  52;100217; 3;w;03;  135;-;  127;-;   39;-;   44;-;   95;-;   74;-;   20;-;    1;-;    1;-;    0;-;   10;-;   29;-;   22;-;    0;-;   82;-;   70;-;   12;-;    0;-;    0;-;    0;-;   14;-;   30;-;   18;-;    1;-
4607;5027;05;A;  52;100217; 3;w;04;  341;-;  165;-;   57;-;   45;-;  282;-;  256;-;   26;-;    0;-;    1;-;    1;-;   12;-;   44;-;   28;-;    1;-;  120;-;   97;-;   23;-;    0;-;    0;-;    0;-;   17;-;   28;-;   14;-;    0;-
4607;5027;05;A;  52;100217; 3;w;05;  793;-;  271;-;   89;-;   67;-;  695;-;  657;-;   34;-;    4;-;    5;-;    6;-;   37;-;   46;-;   27;-;    4;-;  204;-;  174;-;   30;-;    0;-;    0;-;    1;-;   29;-;   37;-;   23;-;    0;-
4607;5027;05;A;  52;100217; 3;w;06; 2367;-;  648;-;  154;-;  101;-; 2192;-; 2119;-;   69;-;    4;-;    8;-;    2;-;   62;-;   90;-;   71;-;   13;-;  543;-;  506;-;   37;-;    0;-;    0;-;    1;-;   37;-;   63;-;   52;-;    4;-
4607;5027;05;A;  52;100217; 3;w;07; 5086;-; 1677;-;  206;-;  144;-; 4833;-; 4620;-;  207;-;    6;-;   13;-;    1;-;   93;-;  112;-;   76;-;   34;-; 1517;-; 1413;-;  102;-;    2;-;    5;-;    1;-;   62;-;   81;-;   60;-;   11;-
4607;5027;05;A;  52;100217; 3;w;08; 6464;-; 3237;-;  209;-;  166;-; 6177;-; 5950;-;  215;-;   12;-;   18;-;    8;-;   88;-;  113;-;   81;-;   60;-; 3045;-; 2870;-;  172;-;    3;-;    2;-;    5;-;   63;-;   98;-;   70;-;   24;-
4607;5027;05;A;  52;100217; 3;w;09; 5835;-; 3562;-;  223;-;  208;-; 5511;-; 5303;-;  187;-;   21;-;   12;-;    2;-;  102;-;  119;-;   97;-;   89;-; 3320;-; 3138;-;  177;-;    5;-;    8;-;    1;-;  102;-;  105;-;   76;-;   26;-
4607;5027;05;A;  52;100217; 3;w;10; 4301;-; 2506;-;  274;-;  245;-; 3946;-; 3782;-;  157;-;    7;-;   13;-;    8;-;  110;-;  156;-;  125;-;   68;-; 2235;-; 2062;-;  169;-;    4;-;   14;-;    0;-;   92;-;  153;-;  112;-;   12;-
4607;5027;05;A;  52;100217; 3;w;11; 2898;-; 2246;-;  232;-;  244;-; 2615;-; 2405;-;  205;-;    5;-;   14;-;    1;-;   89;-;  142;-;  115;-;   37;-; 1988;-; 1794;-;  193;-;    1;-;    8;-;    3;-;   93;-;  148;-;  118;-;    6;-
4607;5027;05;A;  52;100217; 3;w;12; 2688;-; 2421;-;  239;-;  225;-; 2419;-; 2208;-;  209;-;    2;-;    9;-;    4;-;   91;-;  144;-;  112;-;   21;-; 2178;-; 1974;-;  203;-;    1;-;   12;-;    6;-;   82;-;  137;-;  108;-;    6;-
4607;5027;05;A;  52;100217; 3;w;13; 2812;-; 2684;-;  223;-;  212;-; 2551;-; 2388;-;  159;-;    4;-;   18;-;    3;-;   84;-;  136;-;  107;-;   20;-; 2450;-; 2246;-;  202;-;    2;-;   15;-;    2;-;   90;-;  120;-;   92;-;    7;-
4607;5027;05;A;  52;100217; 3;w;14; 2804;-; 3114;-;  201;-;  239;-; 2553;-; 2376;-;  170;-;    7;-;   12;-;    4;-;   79;-;  118;-;   93;-;   38;-; 2854;-; 2655;-;  199;-;    0;-;   10;-;    2;-;  102;-;  135;-;  110;-;   11;-
4607;5027;05;A;  52;100217; 3;w;15; 2585;-; 3681;-;  192;-;  217;-; 2362;-; 2188;-;  171;-;    3;-;   13;-;    2;-;   76;-;  114;-;   87;-;   18;-; 3432;-; 3226;-;  204;-;    2;-;   17;-;    6;-;   86;-;  125;-;  103;-;   15;-
4607;5027;05;A;  52;100217; 3;w;16; 2725;-; 4172;-;  199;-;  180;-; 2505;-; 2320;-;  182;-;    3;-;    3;-;    1;-;   77;-;  121;-;   95;-;   18;-; 3939;-; 3747;-;  192;-;    0;-;   21;-;    4;-;   55;-;  121;-;   92;-;   32;-
4607;5027;05;A;  52;100217; 3;w;17; 3046;-; 4327;-;  185;-;  141;-; 2837;-; 2684;-;  149;-;    4;-;    5;-;    3;-;   59;-;  123;-;   86;-;   19;-; 4118;-; 3956;-;  162;-;    0;-;   26;-;    3;-;   53;-;   85;-;   61;-;   42;-
4607;5027;05;A;  52;100217; 3;w;18; 3336;-; 4530;-;  142;-;  130;-; 3156;-; 3045;-;  103;-;    8;-;    6;-;    4;-;   43;-;   95;-;   72;-;   32;-; 4336;-; 4227;-;  108;-;    1;-;   22;-;    1;-;   52;-;   77;-;   61;-;   42;-
4607;5027;05;A;  52;100217; 3;w;19; 3054;-; 4500;-;   87;-;  101;-; 2935;-; 2822;-;  105;-;    8;-;    2;-;    0;-;   27;-;   60;-;   49;-;   30;-; 4355;-; 4247;-;  105;-;    3;-;   15;-;    3;-;   24;-;   74;-;   61;-;   29;-
4607;5027;05;A;  52;100217; 3;w;20; 2208;-; 3393;-;   67;-;   83;-; 2111;-; 2013;-;   96;-;    2;-;    2;-;    3;-;   12;-;   52;-;   42;-;   28;-; 3278;-; 3175;-;  101;-;    2;-;   11;-;    1;-;   19;-;   63;-;   49;-;   21;-
4607;5027;05;A;  52;100217; 3;w;21; 1325;-; 2107;-;   56;-;   66;-; 1250;-; 1190;-;   56;-;    4;-;    4;-;    5;-;    8;-;   43;-;   34;-;   15;-; 2028;-; 1917;-;  110;-;    1;-;    8;-;    5;-;   12;-;   49;-;   34;-;    5;-
4607;5027;05;A;  52;100217; 3;w;22; 1091;-; 1512;-;   41;-;   43;-; 1041;-;  977;-;   62;-;    2;-;    3;-;    1;-;    6;-;   34;-;   29;-;    6;-; 1453;-; 1361;-;   91;-;    1;-;    8;-;    1;-;    8;-;   34;-;   20;-;    8;-
4607;5027;05;A;  52;100217; 3;w;23;  718;-; 1331;-;   31;-;   44;-;  682;-;  635;-;   46;-;    1;-;    0;-;    1;-;    5;-;   25;-;   22;-;    5;-; 1276;-; 1204;-;   72;-;    0;-;    6;-;    0;-;   11;-;   33;-;   23;-;    5;-
4607;5027;05;A;  52;100217; 3;w;24;  424;-;  709;-;   30;-;   49;-;  392;-;  357;-;   34;-;    1;-;    0;-;    0;-;    8;-;   22;-;   15;-;    2;-;  656;-;  611;-;   45;-;    0;-;    0;-;    2;-;    3;-;   44;-;   29;-;    4;-
4607;5027;05;A;  52;100218; 4;w;01;  228;-;  336;-;   42;-;   35;-;  183;-;  159;-;   24;-;    0;-;    0;-;    1;-;    8;-;   33;-;   23;-;    3;-;  299;-;  280;-;   19;-;    0;-;    2;-;    2;-;    6;-;   27;-;   18;-;    0;-
4607;5027;05;A;  52;100218; 4;w;02;  146;-;  191;-;   36;-;   38;-;  110;-;   95;-;   14;-;    1;-;    0;-;    2;-;   12;-;   22;-;   16;-;    0;-;  152;-;  130;-;   22;-;    0;-;    0;-;    0;-;    8;-;   30;-;   22;-;    1;-
4607;5027;05;A;  52;100218; 4;w;03;  141;-;  144;-;   44;-;   37;-;   97;-;   84;-;   13;-;    0;-;    0;-;    0;-;    9;-;   35;-;   27;-;    0;-;  107;-;   92;-;   15;-;    0;-;    0;-;    0;-;   11;-;   26;-;   21;-;    0;-
4607;5027;05;A;  52;100218; 4;w;04;  319;-;  157;-;   47;-;   54;-;  268;-;  239;-;   29;-;    0;-;    2;-;    1;-;   17;-;   29;-;   17;-;    2;-;  102;-;   80;-;   22;-;    0;-;    0;-;    0;-;   21;-;   33;-;   26;-;    1;-
4607;5027;05;A;  52;100218; 4;w;05;  784;-;  306;-;   97;-;   70;-;  676;-;  639;-;   36;-;    1;-;    3;-;    2;-;   32;-;   63;-;   37;-;    8;-;  233;-;  210;-;   23;-;    0;-;    1;-;    1;-;   37;-;   32;-;   20;-;    2;-
4607;5027;05;A;  52;100218; 4;w;06; 2308;-;  646;-;  138;-;   95;-; 2143;-; 2030;-;  109;-;    4;-;    4;-;    3;-;   53;-;   82;-;   62;-;   23;-;  549;-;  498;-;   51;-;    0;-;    1;-;    1;-;   28;-;   66;-;   53;-;    1;-
4607;5027;05;A;  52;100218; 4;w;07; 5064;-; 1684;-;  228;-;  154;-; 4800;-; 4606;-;  187;-;    7;-;    6;-;    3;-;  108;-;  117;-;   78;-;   30;-; 1518;-; 1406;-;  111;-;    1;-;    3;-;    1;-;   55;-;   98;-;   76;-;    9;-
4607;5027;05;A;  52;100218; 4;w;08; 6168;-; 3268;-;  215;-;  186;-; 5912;-; 5715;-;  194;-;    3;-;   24;-;   12;-;   91;-;  112;-;   83;-;   17;-; 3060;-; 2908;-;  149;-;    3;-;    9;-;    4;-;   84;-;   98;-;   67;-;   13;-
4607;5027;05;A;  52;100218; 4;w;09; 5989;-; 3657;-;  240;-;  226;-; 5714;-; 5557;-;  147;-;   10;-;   17;-;    3;-;  107;-;  130;-;  104;-;   18;-; 3401;-; 3247;-;  152;-;    2;-;    9;-;    6;-;  103;-;  117;-;   86;-;   21;-
4607;5027;05;A;  52;100218; 4;w;10; 4658;-; 2567;-;  249;-;  248;-; 4320;-; 4102;-;  207;-;   11;-;   11;-;    7;-;  112;-;  130;-;   96;-;   78;-; 2295;-; 2119;-;  172;-;    4;-;   17;-;    4;-;   98;-;  146;-;  102;-;    7;-
4607;5027;05;A;  52;100218; 4;w;11; 3092;-; 2297;-;  278;-;  246;-; 2780;-; 2569;-;  207;-;    4;-;   14;-;    7;-;  118;-;  153;-;  121;-;   20;-; 2032;-; 1849;-;  183;-;    0;-;   13;-;    3;-;  112;-;  131;-;  108;-;    6;-
4607;5027;05;A;  52;100218; 4;w;12; 2690;-; 2378;-;  230;-;  248;-; 2435;-; 2241;-;  190;-;    4;-;   13;-;    3;-;   87;-;  140;-;  116;-;   12;-; 2118;-; 1917;-;  200;-;    1;-;    8;-;    7;-;  102;-;  139;-;  107;-;    4;-
4607;5027;05;A;  52;100218; 4;w;13; 2879;-; 2833;-;  213;-;  253;-; 2620;-; 2444;-;  174;-;    2;-;   16;-;    3;-;   81;-;  129;-;  104;-;   30;-; 2557;-; 2350;-;  207;-;    0;-;   14;-;    3;-;   99;-;  151;-;  118;-;    9;-
4607;5027;05;A;  52;100218; 4;w;14; 2923;-; 3253;-;  201;-;  232;-; 2696;-; 2507;-;  186;-;    3;-;    9;-;    1;-;   74;-;  126;-;   97;-;   17;-; 2993;-; 2768;-;  223;-;    2;-;   18;-;    5;-;   93;-;  134;-;  104;-;   10;-
4607;5027;05;A;  52;100218; 4;w;15; 2626;-; 3869;-;  199;-;  221;-; 2395;-; 2223;-;  167;-;    5;-;   10;-;    2;-;   78;-;  119;-;   96;-;   22;-; 3600;-; 3391;-;  206;-;    3;-;   29;-;    4;-;   98;-;  119;-;   90;-;   19;-
4607;5027;05;A;  52;100218; 4;w;16; 2844;-; 4269;-;  174;-;  214;-; 2647;-; 2447;-;  194;-;    6;-;    9;-;    0;-;   64;-;  110;-;   84;-;   14;-; 3970;-; 3781;-;  188;-;    1;-;   41;-;    5;-;   78;-;  131;-;   92;-;   44;-
4607;5027;05;A;  52;100218; 4;w;17; 3134;-; 4645;-;  140;-;  163;-; 2967;-; 2822;-;  145;-;    0;-;    9;-;    2;-;   57;-;   81;-;   67;-;   18;-; 4412;-; 4233;-;  175;-;    4;-;   34;-;    1;-;   57;-;  105;-;   77;-;   36;-
4607;5027;05;A;  52;100218; 4;w;18; 3512;-; 5033;-;  137;-;  133;-; 3334;-; 3194;-;  130;-;   10;-;    9;-;    4;-;   47;-;   86;-;   67;-;   32;-; 4852;-; 4722;-;  129;-;    1;-;   18;-;    3;-;   46;-;   84;-;   66;-;   30;-
4607;5027;05;A;  52;100218; 4;w;19; 3341;-; 4607;-;   92;-;   90;-; 3227;-; 3104;-;  119;-;    4;-;    6;-;    2;-;   27;-;   63;-;   46;-;   16;-; 4464;-; 4368;-;   92;-;    4;-;   20;-;    6;-;   27;-;   57;-;   46;-;   33;-
4607;5027;05;A;  52;100218; 4;w;20; 2301;-; 3426;-;   82;-;   81;-; 2196;-; 2082;-;  112;-;    2;-;    3;-;    2;-;   23;-;   57;-;   47;-;   20;-; 3316;-; 3197;-;  118;-;    1;-;    8;-;    3;-;   24;-;   54;-;   34;-;   21;-
4607;5027;05;A;  52;100218; 4;w;21; 1417;-; 2203;-;   50;-;   63;-; 1354;-; 1274;-;   77;-;    3;-;    2;-;    5;-;    6;-;   39;-;   28;-;   11;-; 2120;-; 2012;-;  105;-;    3;-;    6;-;    4;-;    7;-;   52;-;   35;-;   14;-
4607;5027;05;A;  52;100218; 4;w;22; 1132;-; 1716;-;   37;-;   44;-; 1081;-; 1006;-;   75;-;    0;-;    2;-;    2;-;   12;-;   23;-;   16;-;   12;-; 1662;-; 1561;-;   98;-;    3;-;    2;-;    1;-;    7;-;   36;-;   24;-;    8;-
4607;5027;05;A;  52;100218; 4;w;23;  868;-; 1492;-;   44;-;   40;-;  816;-;  760;-;   56;-;    0;-;    0;-;    1;-;   11;-;   32;-;   22;-;    8;-; 1439;-; 1371;-;   67;-;    1;-;    2;-;    0;-;    4;-;   36;-;   26;-;   11;-
4607;5027;05;A;  52;100218; 4;w;24;  508;-;  820;-;   37;-;   58;-;  469;-;  439;-;   30;-;    0;-;    1;-;    0;-;    5;-;   32;-;   22;-;    1;-;  759;-;  705;-;   54;-;    0;-;    1;-;    2;-;   11;-;   45;-;   34;-;    2;-
4607;5027;05;A;  52;100219; 5;w;01;  249;-;  286;-;   33;-;   35;-;  213;-;  184;-;   28;-;    1;-;    0;-;    0;-;   14;-;   19;-;   15;-;    3;-;  249;-;  231;-;   17;-;    1;-;    1;-;    2;-;    7;-;   26;-;   16;-;    1;-
4607;5027;05;A;  52;100219; 5;w;02;  134;-;  169;-;   38;-;   26;-;   95;-;   76;-;   19;-;    0;-;    0;-;    3;-;   12;-;   23;-;   11;-;    1;-;  142;-;  117;-;   23;-;    2;-;    0;-;    0;-;    5;-;   21;-;   14;-;    1;-
4607;5027;05;A;  52;100219; 5;w;03;  187;-;  153;-;   57;-;   43;-;  129;-;  116;-;   12;-;    1;-;    1;-;    1;-;   17;-;   39;-;   30;-;    0;-;  108;-;   85;-;   23;-;    0;-;    0;-;    0;-;   13;-;   30;-;   20;-;    2;-
4607;5027;05;A;  52;100219; 5;w;04;  378;-;  177;-;   58;-;   42;-;  318;-;  298;-;   20;-;    0;-;    1;-;    0;-;   22;-;   36;-;   21;-;    1;-;  132;-;  110;-;   22;-;    0;-;    2;-;    0;-;   18;-;   24;-;   19;-;    1;-
4607;5027;05;A;  52;100219; 5;w;05;  806;-;  326;-;   97;-;   81;-;  702;-;  667;-;   34;-;    1;-;    3;-;    7;-;   38;-;   52;-;   33;-;    4;-;  244;-;  213;-;   31;-;    0;-;    1;-;    1;-;   28;-;   52;-;   35;-;    0;-
4607;5027;05;A;  52;100219; 5;w;06; 2193;-;  689;-;  154;-;  121;-; 2025;-; 1933;-;   87;-;    5;-;    3;-;    2;-;   63;-;   89;-;   67;-;   11;-;  561;-;  519;-;   41;-;    1;-;    2;-;    2;-;   42;-;   77;-;   63;-;    5;-
4607;5027;05;A;  52;100219; 5;w;07; 4803;-; 1633;-;  209;-;  127;-; 4560;-; 4357;-;  195;-;    8;-;    8;-;    6;-;   86;-;  117;-;   81;-;   26;-; 1494;-; 1381;-;  112;-;    1;-;    5;-;    1;-;   48;-;   78;-;   52;-;    7;-
4607;5027;05;A;  52;100219; 5;w;08; 6122;-; 3159;-;  241;-;  201;-; 5817;-; 5583;-;  226;-;    8;-;   16;-;   12;-;  100;-;  129;-;   95;-;   48;-; 2937;-; 2765;-;  167;-;    5;-;    7;-;    7;-;   86;-;  108;-;   74;-;   14;-
4607;5027;05;A;  52;100219; 5;w;09; 5946;-; 3473;-;  233;-;  237;-; 5657;-; 5447;-;  204;-;    6;-;   14;-;    5;-;  100;-;  128;-;   97;-;   42;-; 3217;-; 3008;-;  207;-;    2;-;    5;-;    2;-;  123;-;  112;-;   74;-;   14;-
4607;5027;05;A;  52;100219; 5;w;10; 4189;-; 2476;-;  238;-;  230;-; 3894;-; 3664;-;  225;-;    5;-;   19;-;    7;-;   85;-;  146;-;  112;-;   38;-; 2227;-; 2030;-;  195;-;    2;-;    9;-;    9;-;   95;-;  126;-;   98;-;   10;-
4607;5027;05;A;  52;100219; 5;w;11; 2740;-; 2256;-;  228;-;  215;-; 2472;-; 2274;-;  196;-;    2;-;   18;-;    1;-;   88;-;  139;-;  114;-;   22;-; 2018;-; 1828;-;  188;-;    2;-;   14;-;    9;-;   76;-;  130;-;  100;-;    9;-
4607;5027;05;A;  52;100219; 5;w;12; 2683;-; 2577;-;  218;-;  280;-; 2416;-; 2228;-;  186;-;    2;-;   16;-;    3;-;   80;-;  135;-;  108;-;   33;-; 2270;-; 2040;-;  229;-;    1;-;   18;-;    4;-;  115;-;  161;-;  127;-;    9;-
4607;5027;05;A;  52;100219; 5;w;13; 3235;-; 3391;-;  220;-;  215;-; 2963;-; 2758;-;  200;-;    5;-;   16;-;    3;-;   90;-;  127;-;   97;-;   36;-; 3156;-; 2906;-;  239;-;   11;-;   15;-;    4;-;   93;-;  118;-;   90;-;    5;-
4607;5027;05;A;  52;100219; 5;w;14; 3308;-; 3950;-;  184;-;  188;-; 3088;-; 2893;-;  188;-;    7;-;   13;-;    4;-;   63;-;  117;-;   97;-;   23;-; 3724;-; 3503;-;  216;-;    5;-;   18;-;    5;-;   64;-;  119;-;   98;-;   20;-
4607;5027;05;A;  52;100219; 5;w;15; 3216;-; 4245;-;  174;-;  160;-; 2999;-; 2820;-;  173;-;    6;-;   13;-;    6;-;   64;-;  104;-;   75;-;   30;-; 4023;-; 3847;-;  170;-;    6;-;   30;-;    5;-;   64;-;   91;-;   62;-;   32;-
4607;5027;05;A;  52;100219; 5;w;16; 3209;-; 4465;-;  143;-;  176;-; 3017;-; 2860;-;  150;-;    7;-;   17;-;    3;-;   46;-;   94;-;   72;-;   32;-; 4224;-; 4087;-;  134;-;    3;-;   36;-;    4;-;   66;-;  106;-;   82;-;   29;-
4607;5027;05;A;  52;100219; 5;w;17; 3760;-; 4653;-;  139;-;  135;-; 3580;-; 3405;-;  167;-;    8;-;   15;-;    6;-;   53;-;   80;-;   65;-;   26;-; 4468;-; 4325;-;  141;-;    2;-;   26;-;    6;-;   48;-;   81;-;   55;-;   24;-
4607;5027;05;A;  52;100219; 5;w;18; 3496;-; 4464;-;  106;-;  101;-; 3358;-; 3212;-;  143;-;    3;-;    9;-;    7;-;   37;-;   62;-;   50;-;   23;-; 4320;-; 4194;-;  124;-;    2;-;   14;-;    3;-;   29;-;   69;-;   53;-;   29;-
4607;5027;05;A;  52;100219; 5;w;19; 3152;-; 4095;-;   69;-;  105;-; 3046;-; 2920;-;  122;-;    4;-;    8;-;    3;-;   21;-;   45;-;   33;-;   29;-; 3932;-; 3817;-;  108;-;    7;-;   15;-;    3;-;   27;-;   75;-;   59;-;   43;-
4607;5027;05;A;  52;100219; 5;w;20; 2283;-; 3337;-;   54;-;   68;-; 2202;-; 2113;-;   88;-;    1;-;    2;-;    4;-;   13;-;   37;-;   28;-;   25;-; 3248;-; 3136;-;  110;-;    2;-;    3;-;    1;-;   19;-;   48;-;   39;-;   18;-
4607;5027;05;A;  52;100219; 5;w;21; 1532;-; 2476;-;   51;-;   72;-; 1462;-; 1391;-;   68;-;    3;-;    4;-;    2;-;   21;-;   28;-;   23;-;   15;-; 2394;-; 2291;-;  100;-;    3;-;    3;-;   11;-;   12;-;   49;-;   31;-;    7;-
4607;5027;05;A;  52;100219; 5;w;22; 1154;-; 1797;-;   53;-;   66;-; 1091;-; 1028;-;   62;-;    1;-;    1;-;    3;-;   17;-;   33;-;   25;-;    9;-; 1719;-; 1628;-;   89;-;    2;-;    3;-;    3;-;   18;-;   45;-;   29;-;    9;-
4607;5027;05;A;  52;100219; 5;w;23;  912;-; 1375;-;   29;-;   47;-;  875;-;  814;-;   57;-;    4;-;    1;-;    5;-;    5;-;   19;-;   17;-;    7;-; 1317;-; 1249;-;   64;-;    4;-;    4;-;    2;-;   12;-;   33;-;   22;-;    7;-
4607;5027;05;A;  52;100219; 5;w;24;  709;-; 1086;-;   27;-;   41;-;  676;-;  645;-;   30;-;    1;-;    0;-;    2;-;    8;-;   17;-;   12;-;    6;-; 1042;-;  987;-;   53;-;    2;-;    1;-;    1;-;    8;-;   32;-;   18;-;    2;-
4607;5027;05;A;  52;100220; 6;w;01;  527;-;  586;-;   34;-;   30;-;  487;-;  452;-;   34;-;    1;-;    0;-;    2;-;    9;-;   23;-;   15;-;    6;-;  555;-;  509;-;   46;-;    0;-;    0;-;    4;-;   10;-;   16;-;   12;-;    1;-
4607;5027;05;A;  52;100220; 6;w;02;  339;-;  321;-;   31;-;   24;-;  305;-;  287;-;   18;-;    0;-;    0;-;    2;-;   14;-;   15;-;    6;-;    3;-;  297;-;  271;-;   26;-;    0;-;    0;-;    1;-;    3;-;   20;-;   16;-;    0;-
4607;5027;05;A;  52;100220; 6;w;03;  229;-;  212;-;   45;-;   19;-;  182;-;  162;-;   19;-;    1;-;    2;-;    0;-;   17;-;   28;-;   22;-;    0;-;  191;-;  170;-;   21;-;    0;-;    1;-;    0;-;    8;-;   11;-;    9;-;    1;-
4607;5027;05;A;  52;100220; 6;w;04;  358;-;  216;-;   36;-;   36;-;  317;-;  288;-;   29;-;    0;-;    0;-;    1;-;    9;-;   26;-;   16;-;    5;-;  179;-;  160;-;   19;-;    0;-;    0;-;    2;-;   18;-;   16;-;    7;-;    1;-
4607;5027;05;A;  52;100220; 6;w;05;  639;-;  382;-;   48;-;   54;-;  588;-;  562;-;   25;-;    1;-;    0;-;    5;-;   15;-;   28;-;   18;-;    3;-;  325;-;  290;-;   34;-;    1;-;    0;-;    3;-;   27;-;   24;-;   20;-;    3;-
4607;5027;05;A;  52;100220; 6;w;06;  821;-;  440;-;   47;-;   39;-;  766;-;  719;-;   46;-;    1;-;    5;-;    5;-;   22;-;   20;-;   16;-;    3;-;  396;-;  358;-;   38;-;    0;-;    2;-;    1;-;   21;-;   17;-;   13;-;    3;-
4607;5027;05;A;  52;100220; 6;w;07;  760;-;  577;-;   43;-;   34;-;  703;-;  609;-;   93;-;    1;-;    9;-;    1;-;   27;-;   15;-;   14;-;    5;-;  538;-;  490;-;   48;-;    0;-;    3;-;    1;-;   14;-;   19;-;   14;-;    2;-
4607;5027;05;A;  52;100220; 6;w;08; 1072;-;  837;-;   44;-;   48;-; 1009;-;  898;-;  109;-;    2;-;   10;-;    5;-;   22;-;   17;-;   15;-;    9;-;  778;-;  676;-;  101;-;    1;-;    6;-;    2;-;   23;-;   23;-;   17;-;    5;-
4607;5027;05;A;  52;100220; 6;w;09; 1818;-; 1207;-;   60;-;   62;-; 1725;-; 1594;-;  129;-;    2;-;   14;-;    2;-;   36;-;   22;-;   17;-;   19;-; 1123;-; 1032;-;   89;-;    2;-;   11;-;    2;-;   31;-;   29;-;   22;-;   11;-
4607;5027;05;A;  52;100220; 6;w;10; 2367;-; 1641;-;   47;-;   40;-; 2282;-; 2151;-;  129;-;    2;-;   15;-;    3;-;   26;-;   18;-;   12;-;   23;-; 1586;-; 1446;-;  138;-;    2;-;    8;-;    1;-;   22;-;   17;-;   13;-;    7;-
4607;5027;05;A;  52;100220; 6;w;11; 2425;-; 2028;-;   55;-;   38;-; 2330;-; 2211;-;  116;-;    3;-;   15;-;    2;-;   35;-;   18;-;   13;-;   25;-; 1966;-; 1854;-;  109;-;    3;-;   17;-;    4;-;   22;-;   12;-;    8;-;    7;-
4607;5027;05;A;  52;100220; 6;w;12; 2603;-; 2234;-;   50;-;   42;-; 2505;-; 2391;-;  109;-;    5;-;   17;-;    3;-;   28;-;   19;-;   15;-;   31;-; 2164;-; 2045;-;  115;-;    4;-;   17;-;    3;-;   23;-;   16;-;   12;-;   11;-
4607;5027;05;A;  52;100220; 6;w;13; 2580;-; 2588;-;   35;-;   43;-; 2497;-; 2372;-;  120;-;    5;-;   12;-;    3;-;   23;-;    9;-;    8;-;   36;-; 2512;-; 2368;-;  144;-;    0;-;   16;-;    7;-;   16;-;   20;-;   15;-;   17;-
4607;5027;05;A;  52;100220; 6;w;14; 2485;-; 2864;-;   26;-;   30;-; 2419;-; 2295;-;  119;-;    5;-;   13;-;    2;-;   14;-;   10;-;    8;-;   27;-; 2805;-; 2667;-;  132;-;    6;-;   16;-;    2;-;   15;-;   13;-;   10;-;   13;-
4607;5027;05;A;  52;100220; 6;w;15; 2710;-; 3083;-;   64;-;   38;-; 2617;-; 2498;-;  115;-;    4;-;   11;-;   29;-;   18;-;   17;-;   14;-;   18;-; 3007;-; 2886;-;  116;-;    5;-;   26;-;    4;-;   27;-;    7;-;    7;-;   12;-
4607;5027;05;A;  52;100220; 6;w;16; 2353;-; 2619;-;   29;-;   32;-; 2285;-; 2152;-;  130;-;    3;-;   15;-;    2;-;   18;-;    9;-;    8;-;   24;-; 2559;-; 2438;-;  119;-;    2;-;   18;-;    8;-;   11;-;   13;-;   12;-;   10;-
4607;5027;05;A;  52;100220; 6;w;17; 2203;-; 2451;-;   15;-;   17;-; 2163;-; 2053;-;  107;-;    3;-;    9;-;    3;-;    9;-;    3;-;    2;-;   16;-; 2411;-; 2276;-;  129;-;    6;-;    8;-;    2;-;    8;-;    7;-;    5;-;   15;-
4607;5027;05;A;  52;100220; 6;w;18; 2329;-; 2569;-;   21;-;   16;-; 2275;-; 2182;-;   90;-;    3;-;    9;-;    4;-;   13;-;    4;-;    4;-;   24;-; 2534;-; 2422;-;  105;-;    7;-;    7;-;    2;-;   10;-;    4;-;    4;-;   12;-
4607;5027;05;A;  52;100220; 6;w;19; 2153;-; 2584;-;   21;-;   15;-; 2120;-; 2050;-;   68;-;    2;-;    2;-;    4;-;   11;-;    6;-;    6;-;   10;-; 2546;-; 2445;-;   97;-;    4;-;   12;-;    1;-;   10;-;    4;-;    3;-;   11;-
4607;5027;05;A;  52;100220; 6;w;20; 1836;-; 1852;-;   11;-;   11;-; 1803;-; 1755;-;   46;-;    2;-;    5;-;    2;-;    5;-;    4;-;    3;-;   17;-; 1828;-; 1749;-;   78;-;    1;-;    4;-;    2;-;    5;-;    4;-;    3;-;    9;-
4607;5027;05;A;  52;100220; 6;w;21; 1255;-; 1364;-;    8;-;    9;-; 1233;-; 1179;-;   51;-;    3;-;    2;-;    2;-;    5;-;    1;-;    1;-;   12;-; 1345;-; 1290;-;   55;-;    0;-;    6;-;    1;-;    7;-;    1;-;    1;-;    4;-
4607;5027;05;A;  52;100220; 6;w;22;  953;-;  917;-;    8;-;    7;-;  937;-;  901;-;   33;-;    3;-;    4;-;    1;-;    5;-;    2;-;    1;-;    4;-;  906;-;  869;-;   37;-;    0;-;    1;-;    2;-;    4;-;    1;-;    0;-;    3;-
4607;5027;05;A;  52;100220; 6;w;23;  983;-; 1123;-;   11;-;    5;-;  972;-;  934;-;   38;-;    0;-;    0;-;    5;-;    5;-;    1;-;    1;-;    0;-; 1115;-; 1081;-;   34;-;    0;-;    0;-;    1;-;    4;-;    0;-;    0;-;    3;-
4607;5027;05;A;  52;100220; 6;w;24;  868;-; 1035;-;    7;-;    5;-;  853;-;  820;-;   32;-;    1;-;    1;-;    1;-;    3;-;    3;-;    3;-;    7;-; 1028;-;  980;-;   47;-;    1;-;    2;-;    0;-;    4;-;    1;-;    1;-;    0;-
4607;5027;05;A;  52;100221; 7;s;01;  661;-;  771;-;    6;-;    6;-;  649;-;  630;-;   18;-;    1;-;    1;-;    0;-;    5;-;    1;-;    0;-;    5;-;  762;-;  745;-;   17;-;    0;-;    0;-;    3;-;    3;-;    0;-;    0;-;    3;-
4607;5027;05;A;  52;100221; 7;s;02;  482;-;  603;-;    5;-;   41;-;  473;-;  460;-;   13;-;    0;-;    1;-;    0;-;    2;-;    3;-;    2;-;    3;-;  561;-;  546;-;   15;-;    0;-;    0;-;   31;-;    4;-;    6;-;    5;-;    1;-
4607;5027;05;A;  52;100221; 7;s;03;  334;-;  317;-;   15;-;    9;-;  318;-;  307;-;   11;-;    0;-;    0;-;    4;-;    7;-;    4;-;    4;-;    1;-;  307;-;  302;-;    4;-;    1;-;    0;-;    3;-;    3;-;    3;-;    3;-;    1;-
4607;5027;05;A;  52;100221; 7;s;04;  397;-;  268;-;    9;-;   13;-;  384;-;  368;-;   16;-;    0;-;    0;-;    1;-;    5;-;    3;-;    2;-;    4;-;  254;-;  239;-;   15;-;    0;-;    1;-;    4;-;    8;-;    1;-;    1;-;    0;-
4607;5027;05;A;  52;100221; 7;s;05;  446;-;  325;-;    7;-;    5;-;  437;-;  410;-;   27;-;    0;-;    1;-;    1;-;    3;-;    3;-;    2;-;    1;-;  318;-;  296;-;   22;-;    0;-;    1;-;    4;-;    1;-;    0;-;    0;-;    1;-
4607;5027;05;A;  52;100221; 7;s;06;  590;-;  358;-;   14;-;    4;-;  569;-;  543;-;   26;-;    0;-;    5;-;    3;-;    8;-;    3;-;    2;-;    2;-;  350;-;  329;-;   20;-;    1;-;    2;-;    0;-;    4;-;    0;-;    0;-;    2;-
4607;5027;05;A;  52;100221; 7;s;07;  404;-;  398;-;   16;-;    5;-;  376;-;  358;-;   18;-;    0;-;   12;-;    2;-;    8;-;    6;-;    6;-;    0;-;  389;-;  365;-;   24;-;    0;-;    1;-;    2;-;    3;-;    0;-;    0;-;    3;-
4607;5027;05;A;  52;100221; 7;s;08;  496;-;  379;-;   13;-;   10;-;  467;-;  420;-;   46;-;    1;-;   11;-;    2;-;   11;-;    0;-;    0;-;    5;-;  365;-;  341;-;   24;-;    0;-;    4;-;    5;-;    2;-;    3;-;    3;-;    0;-
4607;5027;05;A;  52;100221; 7;s;09;  895;-;  670;-;   18;-;   15;-;  865;-;  807;-;   58;-;    0;-;    5;-;    3;-;   10;-;    5;-;    5;-;    7;-;  653;-;  601;-;   51;-;    1;-;    1;-;    4;-;    9;-;    2;-;    2;-;    1;-
4607;5027;05;A;  52;100221; 7;s;10; 1417;-;  934;-;   21;-;   12;-; 1377;-; 1283;-;   91;-;    3;-;    7;-;    2;-;   13;-;    6;-;    4;-;   12;-;  912;-;  859;-;   52;-;    1;-;    1;-;    2;-;    4;-;    6;-;    5;-;    9;-
4607;5027;05;A;  52;100221; 7;s;11; 1579;-; 1378;-;   12;-;   16;-; 1543;-; 1462;-;   80;-;    1;-;    9;-;    3;-;    7;-;    2;-;    2;-;   15;-; 1355;-; 1292;-;   63;-;    0;-;    5;-;    4;-;    6;-;    6;-;    6;-;    2;-
4607;5027;05;A;  52;100221; 7;s;12; 1709;-; 1571;-;   11;-;   11;-; 1673;-; 1584;-;   88;-;    1;-;    7;-;    0;-;    4;-;    7;-;    6;-;   18;-; 1544;-; 1473;-;   69;-;    2;-;    7;-;    2;-;    5;-;    4;-;    4;-;    9;-
4607;5027;05;A;  52;100221; 7;s;13; 1933;-; 1918;-;   10;-;   18;-; 1905;-; 1818;-;   84;-;    3;-;    5;-;    1;-;    6;-;    3;-;    3;-;   13;-; 1887;-; 1803;-;   84;-;    0;-;    5;-;    2;-;    9;-;    7;-;    5;-;    8;-
4607;5027;05;A;  52;100221; 7;s;14; 2272;-; 2202;-;   11;-;   10;-; 2239;-; 2152;-;   83;-;    4;-;    4;-;    1;-;    8;-;    2;-;    1;-;   18;-; 2178;-; 2092;-;   83;-;    3;-;    7;-;    2;-;    4;-;    4;-;    3;-;    7;-
4607;5027;05;A;  52;100221; 7;s;15; 2432;-; 2624;-;   13;-;   17;-; 2388;-; 2308;-;   76;-;    4;-;   10;-;    1;-;    6;-;    6;-;    5;-;   21;-; 2599;-; 2504;-;   91;-;    4;-;    2;-;    2;-;    9;-;    6;-;    3;-;    6;-
4607;5027;05;A;  52;100221; 7;s;16; 2439;-; 2327;-;   20;-;   13;-; 2390;-; 2285;-;   98;-;    7;-;    6;-;    1;-;   13;-;    6;-;    5;-;   23;-; 2296;-; 2214;-;   79;-;    3;-;    8;-;    2;-;    4;-;    7;-;    5;-;   10;-
4607;5027;05;A;  52;100221; 7;s;17; 2220;-; 2336;-;   27;-;   16;-; 2176;-; 2074;-;   96;-;    6;-;    4;-;    3;-;   15;-;    9;-;    8;-;   13;-; 2307;-; 2211;-;   93;-;    3;-;    8;-;    1;-;    9;-;    6;-;    5;-;    5;-
4607;5027;05;A;  52;100221; 7;s;18; 2467;-; 2610;-;   15;-;   16;-; 2425;-; 2307;-;  116;-;    2;-;    4;-;    1;-;    9;-;    5;-;    4;-;   23;-; 2564;-; 2447;-;  110;-;    7;-;   20;-;    2;-;    8;-;    6;-;    5;-;   10;-
4607;5027;05;A;  52;100221; 7;s;19; 2171;-; 2353;-;   22;-;   27;-; 2123;-; 2032;-;   89;-;    2;-;    6;-;    3;-;   11;-;    8;-;    7;-;   20;-; 2306;-; 2193;-;  113;-;    0;-;   15;-;    1;-;   13;-;   13;-;   13;-;    5;-
4607;5027;05;A;  52;100221; 7;s;20; 1732;-; 1655;-;   15;-;   15;-; 1696;-; 1631;-;   62;-;    3;-;    6;-;    1;-;    6;-;    8;-;    6;-;   15;-; 1627;-; 1551;-;   74;-;    2;-;    9;-;    4;-;    6;-;    5;-;    4;-;    4;-
4607;5027;05;A;  52;100221; 7;s;21; 1534;-; 1325;-;   12;-;   24;-; 1510;-; 1446;-;   64;-;    0;-;    2;-;    1;-;    4;-;    7;-;    5;-;   10;-; 1294;-; 1228;-;   63;-;    3;-;    6;-;    3;-;   14;-;    7;-;    6;-;    1;-
4607;5027;05;A;  52;100221; 7;s;22; 1274;-;  930;-;   20;-;   18;-; 1246;-; 1197;-;   47;-;    2;-;    4;-;    1;-;    5;-;   14;-;    9;-;    4;-;  907;-;  860;-;   46;-;    1;-;    4;-;    2;-;    5;-;   11;-;   10;-;    1;-
4607;5027;05;A;  52;100221; 7;s;23;  872;-;  943;-;   28;-;   22;-;  833;-;  778;-;   54;-;    1;-;    2;-;    0;-;    5;-;   23;-;   23;-;    9;-;  916;-;  881;-;   34;-;    1;-;    2;-;    0;-;    6;-;   16;-;   13;-;    3;-
4607;5027;05;A;  52;100221; 7;s;24;  444;-;  678;-;   22;-;   30;-;  416;-;  380;-;   36;-;    0;-;    1;-;    0;-;    8;-;   14;-;   11;-;    5;-;  646;-;  604;-;   41;-;    1;-;    0;-;    0;-;    7;-;   23;-;   21;-;    2;-
4607;5027;05;A;  52;100222; 1;w;01;  216;-;  285;-;   20;-;   35;-;  193;-;  176;-;   17;-;    0;-;    0;-;    1;-;   10;-;    9;-;    7;-;    3;-;  245;-;  222;-;   23;-;    0;-;    3;-;    3;-;    9;-;   23;-;   17;-;    2;-
4607;5027;05;A;  52;100222; 1;w;02;  168;-;  138;-;   47;-;   25;-;  119;-;   99;-;   20;-;    0;-;    1;-;    0;-;   13;-;   34;-;   26;-;    1;-;  112;-;   99;-;   13;-;    0;-;    0;-;    1;-;    5;-;   19;-;   17;-;    1;-
4607;5027;05;A;  52;100222; 1;w;03;  143;-;  111;-;   38;-;   30;-;  105;-;   95;-;   10;-;    0;-;    0;-;    0;-;   12;-;   26;-;   17;-;    0;-;   81;-;   66;-;   15;-;    0;-;    0;-;    0;-;   10;-;   20;-;   16;-;    0;-
4607;5027;05;A;  52;100222; 1;w;04;  335;-;  164;-;   49;-;   54;-;  282;-;  249;-;   32;-;    1;-;    2;-;    1;-;   16;-;   32;-;   28;-;    2;-;  109;-;   77;-;   32;-;    0;-;    1;-;    0;-;   22;-;   32;-;   26;-;    0;-
4607;5027;05;A;  52;100222; 1;w;05;  930;-;  354;-;   87;-;   84;-;  839;-;  794;-;   43;-;    2;-;    1;-;    5;-;   36;-;   46;-;   36;-;    3;-;  269;-;  227;-;   42;-;    0;-;    0;-;    2;-;   39;-;   43;-;   37;-;    1;-
4607;5027;05;A;  52;100222; 1;w;06; 2709;-;  858;-;  195;-;  110;-; 2493;-; 2384;-;  103;-;    6;-;    3;-;    4;-;   70;-;  121;-;   95;-;   18;-;  743;-;  690;-;   49;-;    4;-;    1;-;    0;-;   37;-;   73;-;   62;-;    4;-
4607;5027;05;A;  52;100222; 1;w;07; 5283;-; 1953;-;  215;-;  140;-; 5012;-; 4793;-;  212;-;    7;-;   14;-;    2;-;   81;-;  132;-;  105;-;   42;-; 1802;-; 1675;-;  126;-;    1;-;    5;-;    2;-;   62;-;   76;-;   58;-;    6;-
4607;5027;05;A;  52;100222; 1;w;08; 6505;-; 3455;-;  248;-;  165;-; 6216;-; 5988;-;  220;-;    8;-;   19;-;    5;-;   92;-;  151;-;  118;-;   22;-; 3270;-; 3083;-;  181;-;    6;-;    6;-;    3;-;   69;-;   93;-;   73;-;   14;-
4607;5027;05;A;  52;100222; 1;w;09; 6055;-; 3864;-;  241;-;  200;-; 5727;-; 5521;-;  196;-;   10;-;   24;-;    4;-;  109;-;  128;-;   95;-;   63;-; 3638;-; 3448;-;  189;-;    1;-;   10;-;    3;-;  111;-;   86;-;   61;-;   16;-
4607;5027;05;A;  52;100222; 1;w;10; 4719;-; 2710;-;  287;-;  266;-; 4396;-; 4137;-;  251;-;    8;-;   15;-;    8;-;  118;-;  161;-;  132;-;   21;-; 2424;-; 2245;-;  176;-;    3;-;    8;-;    3;-;  120;-;  143;-;  115;-;   12;-
4607;5027;05;A;  52;100222; 1;w;11; 3186;-; 2326;-;  260;-;  240;-; 2846;-; 2659;-;  181;-;    6;-;   21;-;    2;-;  103;-;  155;-;  113;-;   59;-; 2066;-; 1866;-;  199;-;    1;-;   11;-;    2;-;  105;-;  133;-;  100;-;    9;-
4607;5027;05;A;  52;100222; 1;w;12; 2771;-; 2397;-;  257;-;  234;-; 2477;-; 2268;-;  207;-;    2;-;   14;-;    4;-;  107;-;  146;-;  112;-;   23;-; 2139;-; 1933;-;  202;-;    4;-;   14;-;    4;-;   84;-;  146;-;  110;-;   10;-
4607;5027;05;A;  52;100222; 1;w;13; 2792;-; 2739;-;  258;-;  243;-; 2508;-; 2322;-;  182;-;    4;-;   11;-;    4;-;   90;-;  164;-;  134;-;   15;-; 2467;-; 2270;-;  196;-;    1;-;   20;-;    5;-;  102;-;  136;-;  104;-;    9;-
4607;5027;05;A;  52;100222; 1;w;14; 2892;-; 3148;-;  242;-;  225;-; 2611;-; 2453;-;  153;-;    5;-;   14;-;    5;-;   90;-;  147;-;  114;-;   25;-; 2898;-; 2680;-;  217;-;    1;-;   13;-;    5;-;   91;-;  129;-;  100;-;   12;-
4607;5027;05;A;  52;100222; 1;w;15; 2638;-; 3690;-;  225;-;  247;-; 2376;-; 2203;-;  169;-;    4;-;   16;-;    1;-;   89;-;  135;-;  102;-;   21;-; 3413;-; 3168;-;  237;-;    8;-;   15;-;    3;-;  107;-;  137;-;   98;-;   15;-
4607;5027;05;A;  52;100222; 1;w;16; 2748;-; 4405;-;  179;-;  211;-; 2530;-; 2337;-;  188;-;    5;-;   13;-;    2;-;   76;-;  101;-;   85;-;   26;-; 4151;-; 3900;-;  247;-;    4;-;   26;-;    4;-;   80;-;  127;-;   87;-;   17;-
4607;5027;05;A;  52;100222; 1;w;17; 3058;-; 4507;-;  129;-;  162;-; 2892;-; 2707;-;  177;-;    8;-;   20;-;    3;-;   50;-;   76;-;   61;-;   17;-; 4293;-; 4127;-;  164;-;    2;-;   30;-;    5;-;   56;-;  101;-;   76;-;   22;-
4607;5027;05;A;  52;100222; 1;w;18; 3266;-; 4306;-;  128;-;  106;-; 3103;-; 2977;-;  119;-;    7;-;   10;-;    1;-;   35;-;   92;-;   70;-;   25;-; 4151;-; 4022;-;  129;-;    0;-;   19;-;    2;-;   32;-;   72;-;   58;-;   30;-
4607;5027;05;A;  52;100222; 1;w;19; 3018;-; 4300;-;   86;-;   96;-; 2914;-; 2818;-;   91;-;    5;-;    5;-;    1;-;   16;-;   69;-;   53;-;   13;-; 4156;-; 4063;-;   93;-;    0;-;   18;-;    2;-;   35;-;   59;-;   51;-;   30;-
4607;5027;05;A;  52;100222; 1;w;20; 2252;-; 3158;-;   59;-;   69;-; 2179;-; 2102;-;   76;-;    1;-;    5;-;    1;-;   17;-;   41;-;   30;-;    9;-; 3063;-; 2967;-;   89;-;    7;-;   12;-;    1;-;   21;-;   47;-;   34;-;   14;-
4607;5027;05;A;  52;100222; 1;w;21; 1399;-; 1890;-;   58;-;   68;-; 1319;-; 1257;-;   58;-;    4;-;    3;-;    7;-;   17;-;   34;-;   23;-;   19;-; 1816;-; 1741;-;   74;-;    1;-;    5;-;    5;-;   16;-;   47;-;   33;-;    1;-
4607;5027;05;A;  52;100222; 1;w;22; 1126;-; 1473;-;   44;-;   56;-; 1072;-; 1022;-;   48;-;    2;-;    3;-;    1;-;   10;-;   33;-;   27;-;    7;-; 1408;-; 1340;-;   67;-;    1;-;    3;-;    2;-;   10;-;   44;-;   27;-;    6;-
4607;5027;05;A;  52;100222; 1;w;23;  706;-; 1245;-;   45;-;   46;-;  656;-;  608;-;   46;-;    2;-;    1;-;    2;-;   11;-;   32;-;   25;-;    4;-; 1189;-; 1126;-;   58;-;    5;-;    4;-;    0;-;   13;-;   33;-;   22;-;    6;-
4607;5027;05;A;  52;100222; 1;w;24;  392;-;  695;-;   31;-;   36;-;  359;-;  332;-;   27;-;    0;-;    0;-;    0;-;   11;-;   20;-;   16;-;    2;-;  658;-;  619;-;   39;-;    0;-;    0;-;    2;-;    7;-;   27;-;   17;-;    1;-
4607;5027;05;A;  52;100223; 2;w;01;  207;-;  294;-;   32;-;   33;-;  172;-;  149;-;   23;-;    0;-;    0;-;    1;-;    7;-;   24;-;   19;-;    3;-;  259;-;  242;-;   17;-;    0;-;    1;-;    3;-;    8;-;   22;-;   19;-;    1;-
4607;5027;05;A;  52;100223; 2;w;02;  146;-;  161;-;   40;-;   25;-;  106;-;   87;-;   17;-;    2;-;    0;-;    1;-;   12;-;   27;-;   19;-;    0;-;  136;-;  113;-;   22;-;    1;-;    0;-;    0;-;    5;-;   20;-;   14;-;    0;-
4607;5027;05;A;  52;100223; 2;w;03;  128;-;   98;-;   43;-;   33;-;   84;-;   68;-;   16;-;    0;-;    1;-;    0;-;    9;-;   34;-;   22;-;    0;-;   65;-;   47;-;   18;-;    0;-;    0;-;    0;-;    7;-;   26;-;   20;-;    0;-
4607;5027;05;A;  52;100223; 2;w;04;  340;-;  161;-;   66;-;   60;-;  271;-;  241;-;   29;-;    1;-;    2;-;    3;-;   19;-;   44;-;   33;-;    1;-;   99;-;   80;-;   19;-;    0;-;    0;-;    0;-;   27;-;   33;-;   23;-;    2;-
4607;5027;05;A;  52;100223; 2;w;05;  820;-;  325;-;   88;-;   80;-;  725;-;  702;-;   23;-;    0;-;    1;-;    6;-;   34;-;   48;-;   36;-;    6;-;  242;-;  216;-;   26;-;    0;-;    1;-;    2;-;   32;-;   46;-;   32;-;    2;-
4607;5027;05;A;  52;100223; 2;w;06; 2446;-;  757;-;  147;-;  123;-; 2285;-; 2203;-;   76;-;    6;-;    4;-;    1;-;   62;-;   84;-;   62;-;   10;-;  627;-;  575;-;   50;-;    2;-;    3;-;    1;-;   39;-;   83;-;   64;-;    4;-
4607;5027;05;A;  52;100223; 2;w;07; 5103;-; 1788;-;  231;-;  131;-; 4797;-; 4538;-;  254;-;    5;-;   10;-;    4;-;   91;-;  136;-;  102;-;   65;-; 1640;-; 1534;-;  104;-;    2;-;    7;-;    2;-;   61;-;   68;-;   54;-;   10;-
4607;5027;05;A;  52;100223; 2;w;08; 6240;-; 3323;-;  209;-;  164;-; 5949;-; 5718;-;  225;-;    6;-;   18;-;    9;-;   75;-;  125;-;   96;-;   64;-; 3139;-; 2970;-;  165;-;    4;-;    5;-;    2;-;   73;-;   89;-;   71;-;   15;-
4607;5027;05;A;  52;100223; 2;w;09; 5902;-; 3673;-;  227;-;  200;-; 5625;-; 5472;-;  146;-;    7;-;   13;-;    5;-;   95;-;  127;-;   93;-;   37;-; 3446;-; 3283;-;  160;-;    3;-;    9;-;    3;-;   96;-;  101;-;   70;-;   18;-
4607;5027;05;A;  52;100223; 2;w;10; 5340;-; 2709;-;  314;-;  234;-; 4973;-; 4812;-;  149;-;   12;-;   16;-;   14;-;  130;-;  170;-;  125;-;   37;-; 2451;-; 2279;-;  171;-;    1;-;   16;-;    7;-;   95;-;  132;-;   94;-;    8;-
4607;5027;05;A;  52;100223; 2;w;11; 3471;-; 2204;-;  297;-;  235;-; 3123;-; 2923;-;  194;-;    6;-;   17;-;   10;-;  107;-;  180;-;  143;-;   34;-; 1955;-; 1776;-;  176;-;    3;-;    7;-;    4;-;   93;-;  138;-;  104;-;    7;-
4607;5027;05;A;  52;100223; 2;w;12; 2818;-; 2349;-;  262;-;  251;-; 2527;-; 2308;-;  217;-;    2;-;    7;-;    3;-;   86;-;  173;-;  132;-;   22;-; 2075;-; 1882;-;  190;-;    3;-;   15;-;    4;-;  103;-;  144;-;  115;-;    8;-
4607;5027;05;A;  52;100223; 2;w;13; 2727;-; 2853;-;  216;-;  239;-; 2478;-; 2278;-;  195;-;    5;-;   16;-;    2;-;   78;-;  136;-;  107;-;   17;-; 2592;-; 2382;-;  206;-;    4;-;   16;-;    1;-;  106;-;  132;-;   97;-;    6;-
4607;5027;05;A;  52;100223; 2;w;14; 2824;-; 3176;-;  203;-;  228;-; 2584;-; 2438;-;  142;-;    4;-;    5;-;    6;-;   82;-;  115;-;   89;-;   32;-; 2915;-; 2740;-;  172;-;    3;-;   17;-;    4;-;   87;-;  137;-;   99;-;   16;-
4607;5027;05;A;  52;100223; 2;w;15; 2646;-; 3280;-;  200;-;  235;-; 2406;-; 2237;-;  168;-;    1;-;   13;-;    4;-;   69;-;  127;-;   92;-;   27;-; 2970;-; 2821;-;  148;-;    1;-;   15;-;   13;-;   90;-;  132;-;  100;-;   60;-
4607;5027;05;A;  52;100223; 2;w;16; 2776;-; 3689;-;  205;-;  205;-; 2545;-; 2352;-;  187;-;    6;-;    9;-;    2;-;   72;-;  131;-;  109;-;   17;-; 3392;-; 3227;-;  162;-;    3;-;   25;-;    5;-;   84;-;  116;-;   86;-;   67;-
4607;5027;05;A;  52;100223; 2;w;17; 3121;-; 4400;-;  151;-;  163;-; 2927;-; 2740;-;  183;-;    4;-;   12;-;    0;-;   40;-;  111;-;   86;-;   31;-; 4178;-; 4019;-;  159;-;    0;-;   28;-;    7;-;   48;-;  108;-;   78;-;   31;-
4607;5027;05;A;  52;100223; 2;w;18; 3375;-; 4855;-;  102;-;  127;-; 3247;-; 3101;-;  141;-;    5;-;    6;-;    3;-;   34;-;   65;-;   50;-;   20;-; 4687;-; 4557;-;  125;-;    5;-;   22;-;    1;-;   38;-;   88;-;   70;-;   19;-
4607;5027;05;A;  52;100223; 2;w;19; 3271;-; 4911;-;  106;-;  102;-; 3146;-; 3024;-;  118;-;    4;-;    3;-;    1;-;   27;-;   78;-;   60;-;   16;-; 4769;-; 4671;-;   95;-;    3;-;   12;-;    6;-;   29;-;   67;-;   56;-;   28;-
4607;5027;05;A;  52;100223; 2;w;20; 2377;-; 3202;-;   73;-;   72;-; 2261;-; 2156;-;   98;-;    7;-;   11;-;    5;-;   11;-;   57;-;   46;-;   32;-; 3108;-; 2992;-;  114;-;    2;-;    8;-;    3;-;   22;-;   47;-;   38;-;   14;-
4607;5027;05;A;  52;100223; 2;w;21; 1467;-; 2260;-;   59;-;   76;-; 1390;-; 1302;-;   85;-;    3;-;    3;-;    3;-;   14;-;   42;-;   30;-;   15;-; 2169;-; 2050;-;  116;-;    3;-;    5;-;    4;-;   17;-;   55;-;   32;-;   10;-
4607;5027;05;A;  52;100223; 2;w;22; 1289;-; 1495;-;   51;-;   50;-; 1228;-; 1149;-;   73;-;    6;-;    0;-;    2;-;   10;-;   39;-;   29;-;   10;-; 1438;-; 1371;-;   66;-;    1;-;    0;-;    1;-;    8;-;   41;-;   30;-;    7;-
4607;5027;05;A;  52;100223; 2;w;23;  869;-; 1464;-;   31;-;   37;-;  823;-;  759;-;   61;-;    3;-;    4;-;    3;-;    7;-;   21;-;   13;-;   11;-; 1421;-; 1349;-;   71;-;    1;-;    2;-;    2;-;    7;-;   28;-;   20;-;    4;-
4607;5027;05;A;  52;100223; 2;w;24;  475;-;  834;-;   33;-;   40;-;  437;-;  407;-;   29;-;    1;-;    1;-;    0;-;    8;-;   25;-;   19;-;    4;-;  791;-;  753;-;   37;-;    1;-;    1;-;    1;-;    8;-;   31;-;   19;-;    2;-
4607;5027;05;A;  52;100224; 3;w;01;  221;-;  349;-;   34;-;   31;-;  184;-;  159;-;   25;-;    0;-;    0;-;    1;-;    8;-;   25;-;   17;-;    3;-;  317;-;  297;-;   20;-;    0;-;    0;-;    2;-;    5;-;   24;-;   14;-;    1;-
4607;5027;05;A;  52;100224; 3;w;02;  141;-;  194;-;   47;-;   34;-;   93;-;   78;-;   15;-;    0;-;    0;-;    1;-;   13;-;   33;-;   28;-;    1;-;  159;-;  138;-;   21;-;    0;-;    1;-;    0;-;    5;-;   29;-;   24;-;    0;-
4607;5027;05;A;  52;100224; 3;w;03;  118;-;  150;-;   43;-;   38;-;   74;-;   66;-;    8;-;    0;-;    0;-;    0;-;   14;-;   29;-;   22;-;    1;-;  111;-;   89;-;   22;-;    0;-;    0;-;    0;-;   11;-;   27;-;   16;-;    1;-
4607;5027;05;A;  52;100224; 3;w;04;  351;-;  164;-;   60;-;   47;-;  287;-;  254;-;   31;-;    2;-;    2;-;    0;-;   18;-;   42;-;   31;-;    2;-;  115;-;   99;-;   16;-;    0;-;    2;-;    1;-;   24;-;   22;-;   15;-;    0;-
4607;5027;05;A;  52;100224; 3;w;05;  868;-;  328;-;  104;-;   80;-;  761;-;  718;-;   42;-;    1;-;    2;-;    6;-;   43;-;   55;-;   43;-;    1;-;  246;-;  203;-;   43;-;    0;-;    1;-;    0;-;   32;-;   48;-;   33;-;    1;-
4607;5027;05;A;  52;100224; 3;w;06; 2370;-;  755;-;  160;-;  122;-; 2191;-; 2098;-;   88;-;    5;-;    3;-;    1;-;   59;-;  100;-;   82;-;   16;-;  629;-;  574;-;   50;-;    5;-;    2;-;    2;-;   37;-;   83;-;   64;-;    2;-
4607;5027;05;A;  52;100224; 3;w;07; 4847;-; 1752;-;  204;-;  136;-; 4608;-; 4371;-;  228;-;    9;-;    7;-;    6;-;   86;-;  112;-;   91;-;   28;-; 1605;-; 1491;-;  114;-;    0;-;    4;-;    1;-;   58;-;   77;-;   59;-;    7;-
4607;5027;05;A;  52;100224; 3;w;08; 6423;-; 3463;-;  239;-;  181;-; 6151;-; 5924;-;  223;-;    4;-;   16;-;    5;-;   95;-;  139;-;  105;-;   17;-; 3254;-; 3098;-;  154;-;    2;-;   10;-;    6;-;   78;-;   97;-;   74;-;   18;-
4607;5027;05;A;  52;100224; 3;w;09; 6032;-; 4086;-;  219;-;  255;-; 5759;-; 5565;-;  184;-;   10;-;   18;-;    5;-;   90;-;  124;-;   85;-;   36;-; 3783;-; 3647;-;  131;-;    5;-;   26;-;    5;-;  110;-;  140;-;   92;-;   22;-
4607;5027;05;A;  52;100224; 3;w;10; 4573;-; 2882;-;  260;-;  277;-; 4245;-; 4084;-;  159;-;    2;-;   21;-;   16;-;  106;-;  138;-;  107;-;   47;-; 2589;-; 2412;-;  171;-;    6;-;   11;-;    7;-;  106;-;  164;-;  122;-;    5;-
4607;5027;05;A;  52;100224; 3;w;11; 3396;-; 2394;-;  265;-;  265;-; 3097;-; 2896;-;  194;-;    7;-;   22;-;   15;-;   93;-;  157;-;  125;-;   12;-; 2109;-; 1914;-;  193;-;    2;-;   13;-;    6;-;   99;-;  160;-;  118;-;    7;-
4607;5027;05;A;  52;100224; 3;w;12; 2773;-; 2545;-;  239;-;  258;-; 2489;-; 2274;-;  210;-;    5;-;   13;-;    0;-;   99;-;  140;-;  109;-;   32;-; 2269;-; 2063;-;  201;-;    5;-;   11;-;    2;-;  100;-;  156;-;  122;-;    7;-
4607;5027;05;A;  52;100224; 3;w;13; 2977;-; 3056;-;  227;-;  250;-; 2719;-; 2532;-;  180;-;    7;-;   11;-;    1;-;   74;-;  152;-;  118;-;   20;-; 2786;-; 2560;-;  221;-;    5;-;    9;-;    4;-;   93;-;  153;-;  123;-;   11;-
4607;5027;05;A;  52;100224; 3;w;14; 3037;-; 3685;-;  205;-;  221;-; 2796;-; 2608;-;  183;-;    5;-;   12;-;    4;-;   73;-;  128;-;   99;-;   24;-; 3434;-; 3212;-;  214;-;    8;-;   19;-;    3;-;   88;-;  130;-;   95;-;   11;-
4607;5027;05;A;  52;100224; 3;w;15; 2846;-; 4162;-;  212;-;  241;-; 2604;-; 2416;-;  180;-;    8;-;   15;-;    1;-;   81;-;  130;-;  104;-;   15;-; 3876;-; 3703;-;  169;-;    4;-;   19;-;    5;-;   85;-;  151;-;  115;-;   26;-
4607;5027;05;A;  52;100224; 3;w;16; 3055;-; 4333;-;  203;-;  193;-; 2820;-; 2636;-;  176;-;    8;-;   13;-;    5;-;   76;-;  122;-;   93;-;   19;-; 4082;-; 3891;-;  183;-;    8;-;   26;-;   13;-;   65;-;  115;-;   88;-;   32;-
4607;5027;05;A;  52;100224; 3;w;17; 3299;-; 4400;-;  170;-;  150;-; 3079;-; 2904;-;  168;-;    7;-;   13;-;    4;-;   56;-;  110;-;   84;-;   37;-; 4198;-; 4019;-;  175;-;    4;-;   22;-;    5;-;   52;-;   93;-;   71;-;   30;-
4607;5027;05;A;  52;100224; 3;w;18; 3492;-; 4964;-;  138;-;  135;-; 3309;-; 3149;-;  148;-;   12;-;   14;-;    1;-;   45;-;   92;-;   63;-;   31;-; 4783;-; 4636;-;  142;-;    5;-;   21;-;    5;-;   39;-;   91;-;   73;-;   25;-
4607;5027;05;A;  52;100224; 3;w;19; 3614;-; 4581;-;   99;-;  108;-; 3487;-; 3370;-;  116;-;    1;-;    4;-;    2;-;   39;-;   58;-;   42;-;   24;-; 4422;-; 4315;-;  101;-;    6;-;   17;-;    3;-;   37;-;   68;-;   57;-;   34;-
4607;5027;05;A;  52;100224; 3;w;20; 2697;-; 3504;-;   82;-;   90;-; 2600;-; 2486;-;  108;-;    6;-;    1;-;    5;-;   15;-;   62;-;   50;-;   14;-; 3389;-; 3274;-;  109;-;    6;-;    9;-;    5;-;   29;-;   56;-;   40;-;   16;-
4607;5027;05;A;  52;100224; 3;w;21; 1500;-; 2302;-;   63;-;   74;-; 1417;-; 1336;-;   79;-;    2;-;    4;-;    4;-;   18;-;   41;-;   29;-;   16;-; 2220;-; 2138;-;   81;-;    1;-;    4;-;    4;-;   15;-;   55;-;   35;-;    4;-
4607;5027;05;A;  52;100224; 3;w;22; 1308;-; 1533;-;   49;-;   52;-; 1255;-; 1185;-;   68;-;    2;-;    2;-;    1;-;   15;-;   33;-;   24;-;    2;-; 1473;-; 1385;-;   82;-;    6;-;    2;-;    2;-;    9;-;   41;-;   30;-;    6;-
4607;5027;05;A;  52;100224; 3;w;23;  841;-; 2053;-;   35;-;   34;-;  797;-;  727;-;   68;-;    2;-;    3;-;    0;-;    7;-;   28;-;   19;-;    6;-; 2013;-; 1943;-;   67;-;    3;-;    1;-;    0;-;    8;-;   26;-;   20;-;    5;-
4607;5027;05;A;  52;100224; 3;w;24;  533;-; 1028;-;   43;-;   50;-;  484;-;  444;-;   39;-;    1;-;    0;-;    2;-;   10;-;   31;-;   21;-;    6;-;  974;-;  921;-;   51;-;    2;-;    1;-;    2;-;    8;-;   40;-;   27;-;    3;-
4607;5027;05;A;  52;100225; 4;w;01;  289;-;  416;-;   33;-;   38;-;  252;-;  224;-;   26;-;    2;-;    0;-;    0;-;   10;-;   23;-;   16;-;    4;-;  378;-;  342;-;   36;-;    0;-;    0;-;    4;-;    7;-;   27;-;   16;-;    0;-
4607;5027;05;A;  52;100225; 4;w;02;  147;-;  216;-;   40;-;   47;-;  107;-;   90;-;   15;-;    2;-;    0;-;    1;-;    9;-;   30;-;   22;-;    0;-;  167;-;  144;-;   23;-;    0;-;    1;-;    0;-;    5;-;   42;-;   29;-;    1;-
4607;5027;05;A;  52;100225; 4;w;03;  163;-;  138;-;   56;-;   35;-;  105;-;   93;-;   11;-;    1;-;    2;-;    0;-;   17;-;   39;-;   28;-;    0;-;  102;-;   90;-;   12;-;    0;-;    1;-;    0;-;   10;-;   25;-;   18;-;    0;-
4607;5027;05;A;  52;100225; 4;w;04;  266;-;  170;-;   46;-;   52;-;  219;-;  202;-;   16;-;    1;-;    0;-;    0;-;   18;-;   28;-;   14;-;    1;-;  114;-;   92;-;   22;-;    0;-;    2;-;    0;-;   21;-;   31;-;   22;-;    2;-
4607;5027;05;A;  52;100225; 4;w;05;  807;-;  292;-;  114;-;   80;-;  687;-;  652;-;   34;-;    1;-;    2;-;    5;-;   40;-;   69;-;   46;-;    4;-;  210;-;  186;-;   23;-;    1;-;    0;-;    0;-;   33;-;   47;-;   36;-;    2;-
4607;5027;05;A;  52;100225; 4;w;06; 2376;-;  742;-;  142;-;  114;-; 2220;-; 2129;-;   80;-;   11;-;    2;-;    2;-;   57;-;   83;-;   69;-;   12;-;  623;-;  564;-;   56;-;    3;-;    3;-;    2;-;   40;-;   72;-;   56;-;    2;-
4607;5027;05;A;  52;100225; 4;w;07; 4962;-; 1827;-;  215;-;  137;-; 4693;-; 4475;-;  209;-;    9;-;   11;-;    4;-;  102;-;  109;-;   79;-;   43;-; 1682;-; 1557;-;  123;-;    2;-;    4;-;    4;-;   64;-;   69;-;   53;-;    4;-
4607;5027;05;A;  52;100225; 4;w;08; 6375;-; 3304;-;  211;-;  189;-; 6125;-; 5903;-;  216;-;    6;-;   18;-;   13;-;   96;-;  102;-;   74;-;   21;-; 3093;-; 2908;-;  181;-;    4;-;    5;-;    8;-;   86;-;   95;-;   74;-;   17;-
4607;5027;05;A;  52;100225; 4;w;09; 6267;-; 3743;-;  218;-;  248;-; 6010;-; 5850;-;  156;-;    4;-;   20;-;    7;-;   85;-;  126;-;   84;-;   19;-; 3474;-; 3297;-;  174;-;    3;-;   13;-;    2;-;  134;-;  112;-;   84;-;    8;-
4607;5027;05;A;  52;100225; 4;w;10; 4829;-; 2745;-;  281;-;  265;-; 4504;-; 4289;-;  210;-;    5;-;   12;-;   14;-;  108;-;  159;-;  124;-;   32;-; 2463;-; 2272;-;  187;-;    4;-;    9;-;    8;-;  111;-;  146;-;  109;-;    8;-
4607;5027;05;A;  52;100225; 4;w;11; 3662;-; 2443;-;  242;-;  240;-; 3362;-; 3161;-;  195;-;    6;-;   23;-;    4;-;   94;-;  144;-;  113;-;   35;-; 2177;-; 1996;-;  178;-;    3;-;   15;-;    4;-;   99;-;  137;-;  103;-;   11;-
4607;5027;05;A;  52;100225; 4;w;12; 3014;-; 2539;-;  290;-;  225;-; 2684;-; 2514;-;  167;-;    3;-;   10;-;   25;-;  106;-;  159;-;  127;-;   30;-; 2286;-; 2083;-;  202;-;    1;-;   16;-;    0;-;   87;-;  138;-;  113;-;   12;-
4607;5027;05;A;  52;100225; 4;w;13; 2748;-; 3003;-;  210;-;  221;-; 2510;-; 2337;-;  169;-;    4;-;    6;-;    4;-;   82;-;  124;-;   93;-;   22;-; 2755;-; 2546;-;  205;-;    4;-;   16;-;    1;-;   92;-;  128;-;  101;-;   11;-
4607;5027;05;A;  52;100225; 4;w;14; 2998;-; 3614;-;  235;-;  258;-; 2716;-; 2533;-;  175;-;    8;-;   15;-;    4;-;   81;-;  150;-;  118;-;   32;-; 3332;-; 3105;-;  220;-;    7;-;   12;-;    6;-;  102;-;  150;-;  107;-;   12;-
4607;5027;05;A;  52;100225; 4;w;15; 2965;-; 4106;-;  237;-;  239;-; 2701;-; 2471;-;  225;-;    5;-;   12;-;    2;-;   85;-;  150;-;  121;-;   15;-; 3829;-; 3645;-;  179;-;    5;-;   18;-;   11;-;   87;-;  141;-;  100;-;   20;-
4607;5027;05;A;  52;100225; 4;w;16; 3236;-; 4487;-;  204;-;  188;-; 3008;-; 2833;-;  173;-;    2;-;    9;-;    3;-;   66;-;  135;-;  104;-;   15;-; 4260;-; 4058;-;  198;-;    4;-;   26;-;    4;-;   66;-;  118;-;   81;-;   13;-
4607;5027;05;A;  52;100225; 4;w;17; 3567;-; 4811;-;  158;-;  170;-; 3367;-; 3171;-;  189;-;    7;-;   12;-;    5;-;   53;-;  100;-;   76;-;   30;-; 4590;-; 4403;-;  183;-;    4;-;   22;-;    4;-;   53;-;  113;-;   82;-;   29;-
4607;5027;05;A;  52;100225; 4;w;18; 3976;-; 4962;-;  125;-;  129;-; 3791;-; 3647;-;  137;-;    7;-;   19;-;    3;-;   40;-;   82;-;   62;-;   41;-; 4795;-; 4676;-;  115;-;    4;-;   14;-;    4;-;   37;-;   88;-;   70;-;   24;-
4607;5027;05;A;  52;100225; 4;w;19; 3546;-; 4396;-;  100;-;  116;-; 3416;-; 3282;-;  129;-;    5;-;    8;-;    5;-;   21;-;   74;-;   58;-;   22;-; 4215;-; 4117;-;   94;-;    4;-;   19;-;    1;-;   40;-;   75;-;   53;-;   46;-
4607;5027;05;A;  52;100225; 4;w;20; 2261;-; 3583;-;   69;-;   86;-; 2164;-; 2083;-;   75;-;    6;-;    5;-;    4;-;   20;-;   45;-;   39;-;   23;-; 3465;-; 3357;-;  106;-;    2;-;   11;-;    5;-;   18;-;   63;-;   44;-;   21;-
4607;5027;05;A;  52;100225; 4;w;21; 1598;-; 2234;-;   57;-;   73;-; 1536;-; 1455;-;   77;-;    4;-;    3;-;    3;-;   15;-;   39;-;   29;-;    2;-; 2154;-; 2062;-;   90;-;    2;-;    4;-;    6;-;   22;-;   45;-;   29;-;    3;-
4607;5027;05;A;  52;100225; 4;w;22; 1359;-; 1673;-;   58;-;   43;-; 1292;-; 1219;-;   71;-;    2;-;    2;-;    2;-;   13;-;   43;-;   35;-;    7;-; 1623;-; 1544;-;   77;-;    2;-;    1;-;    2;-;    7;-;   34;-;   24;-;    6;-
4607;5027;05;A;  52;100225; 4;w;23;  876;-; 1504;-;   43;-;   53;-;  829;-;  787;-;   41;-;    1;-;    0;-;    1;-;    7;-;   35;-;   25;-;    4;-; 1441;-; 1368;-;   72;-;    1;-;    1;-;    0;-;   10;-;   43;-;   32;-;    9;-
4607;5027;05;A;  52;100225; 4;w;24;  540;-;  957;-;   31;-;   51;-;  505;-;  461;-;   43;-;    1;-;    0;-;    0;-;    6;-;   25;-;   19;-;    4;-;  902;-;  843;-;   58;-;    1;-;    1;-;    4;-;    9;-;   38;-;   25;-;    3;-
4607;5027;05;A;  52;100226; 5;w;01;  255;-;  444;-;   27;-;   48;-;  225;-;  190;-;   34;-;    1;-;    1;-;    1;-;    6;-;   20;-;   12;-;    2;-;  393;-;  365;-;   27;-;    1;-;    2;-;    9;-;    4;-;   35;-;   23;-;    1;-
4607;5027;05;A;  52;100226; 5;w;02;  146;-;  198;-;   46;-;   25;-;   99;-;   91;-;    8;-;    0;-;    0;-;    2;-;   17;-;   27;-;   20;-;    1;-;  173;-;  153;-;   19;-;    1;-;    0;-;    0;-;    5;-;   20;-;   16;-;    0;-
4607;5027;05;A;  52;100226; 5;w;03;  162;-;  141;-;   48;-;   41;-;  113;-;   94;-;   19;-;    0;-;    1;-;    1;-;   11;-;   36;-;   23;-;    0;-;  100;-;   87;-;   13;-;    0;-;    0;-;    1;-;    9;-;   31;-;   20;-;    0;-
4607;5027;05;A;  52;100226; 5;w;04;  363;-;  201;-;   68;-;   54;-;  290;-;  266;-;   24;-;    0;-;    2;-;    2;-;   20;-;   46;-;   29;-;    3;-;  145;-;  116;-;   29;-;    0;-;    1;-;    1;-;   27;-;   26;-;   21;-;    1;-
4607;5027;05;A;  52;100226; 5;w;05;  812;-;  331;-;   97;-;   77;-;  708;-;  675;-;   31;-;    2;-;    0;-;    6;-;   43;-;   48;-;   37;-;    7;-;  253;-;  224;-;   29;-;    0;-;    0;-;    1;-;   32;-;   44;-;   33;-;    1;-
4607;5027;05;A;  52;100226; 5;w;06; 2228;-;  780;-;  181;-;  146;-; 2033;-; 1943;-;   78;-;   12;-;    1;-;    4;-;   66;-;  111;-;   88;-;   13;-;  631;-;  569;-;   60;-;    2;-;    1;-;    0;-;   46;-;  100;-;   73;-;    2;-
4607;5027;05;A;  52;100226; 5;w;07; 4941;-; 1742;-;  228;-;  146;-; 4662;-; 4450;-;  200;-;   12;-;   14;-;    9;-;   90;-;  129;-;   95;-;   37;-; 1586;-; 1453;-;  133;-;    0;-;    4;-;    2;-;   62;-;   82;-;   60;-;    6;-
4607;5027;05;A;  52;100226; 5;w;08; 6166;-; 3283;-;  212;-;  200;-; 5887;-; 5661;-;  217;-;    9;-;   32;-;   10;-;  104;-;   98;-;   72;-;   35;-; 3060;-; 2888;-;  169;-;    3;-;   10;-;    3;-;   94;-;  103;-;   79;-;   13;-
4607;5027;05;A;  52;100226; 5;w;09; 5984;-; 3494;-;  255;-;  212;-; 5652;-; 5434;-;  208;-;   10;-;   18;-;    6;-;   97;-;  152;-;  114;-;   59;-; 3253;-; 3077;-;  172;-;    4;-;   10;-;    7;-;  101;-;  104;-;   83;-;   19;-
4607;5027;05;A;  52;100226; 5;w;10; 4456;-; 2734;-;  298;-;  252;-; 4102;-; 3894;-;  202;-;    6;-;   20;-;   10;-;  112;-;  176;-;  134;-;   36;-; 2462;-; 2249;-;  213;-;    0;-;   10;-;    6;-;  111;-;  135;-;   98;-;   10;-
4607;5027;05;A;  52;100226; 5;w;11; 3272;-; 2549;-;  272;-;  248;-; 2965;-; 2741;-;  220;-;    4;-;   17;-;    5;-;   98;-;  169;-;  138;-;   18;-; 2276;-; 2086;-;  187;-;    3;-;   19;-;    3;-;  104;-;  141;-;  112;-;    6;-
4607;5027;05;A;  52;100226; 5;w;12; 2861;-; 2808;-;  268;-;  214;-; 2559;-; 2380;-;  175;-;    4;-;   16;-;    4;-;   98;-;  166;-;  124;-;   18;-; 2573;-; 2328;-;  242;-;    3;-;   13;-;    6;-;   75;-;  133;-;  102;-;    8;-
4607;5027;05;A;  52;100226; 5;w;13; 3068;-; 3648;-;  221;-;  214;-; 2805;-; 2598;-;  198;-;    9;-;   14;-;    2;-;   84;-;  135;-;  108;-;   28;-; 3411;-; 3175;-;  231;-;    5;-;   14;-;    3;-;   66;-;  145;-;  109;-;    9;-
4607;5027;05;A;  52;100226; 5;w;14; 3253;-; 3793;-;  204;-;  232;-; 3022;-; 2864;-;  155;-;    3;-;    5;-;    4;-;   72;-;  128;-;  102;-;   22;-; 3513;-; 3337;-;  170;-;    6;-;   24;-;    6;-;   84;-;  142;-;  104;-;   24;-
4607;5027;05;A;  52;100226; 5;w;15; 3252;-; 3806;-;  188;-;  186;-; 3027;-; 2878;-;  144;-;    5;-;    9;-;    2;-;   85;-;  101;-;   84;-;   28;-; 3573;-; 3427;-;  142;-;    4;-;   21;-;    2;-;   62;-;  122;-;   88;-;   26;-
4607;5027;05;A;  52;100226; 5;w;16; 3576;-; 4049;-;  164;-;  192;-; 3373;-; 3202;-;  167;-;    4;-;   19;-;    6;-;   52;-;  106;-;   81;-;   20;-; 3815;-; 3662;-;  149;-;    4;-;   26;-;    4;-;   63;-;  125;-;   87;-;   16;-
4607;5027;05;A;  52;100226; 5;w;17; 3938;-; 4332;-;  135;-;  189;-; 3769;-; 3595;-;  165;-;    9;-;    8;-;    6;-;   51;-;   78;-;   61;-;   26;-; 4102;-; 3949;-;  151;-;    2;-;   20;-;    8;-;   70;-;  111;-;   79;-;   21;-
4607;5027;05;A;  52;100226; 5;w;18; 4507;-; 5063;-;  102;-;  151;-; 4375;-; 4257;-;  109;-;    9;-;    8;-;    2;-;   32;-;   68;-;   53;-;   22;-; 4872;-; 4747;-;  121;-;    4;-;   17;-;   10;-;   41;-;  100;-;   75;-;   23;-
4607;5027;05;A;  52;100226; 5;w;19; 4247;-; 4129;-;   95;-;   94;-; 4088;-; 3993;-;   93;-;    2;-;   11;-;    8;-;   39;-;   48;-;   40;-;   53;-; 3967;-; 3883;-;   81;-;    3;-;   13;-;    9;-;   24;-;   61;-;   46;-;   55;-
4607;5027;05;A;  52;100226; 5;w;20; 3460;-; 2404;-;   95;-;   53;-; 3190;-; 3131;-;   55;-;    4;-;   19;-;    5;-;   35;-;   55;-;   45;-;  156;-; 2332;-; 2248;-;   82;-;    2;-;    6;-;    3;-;   19;-;   31;-;   26;-;   13;-
4607;5027;05;A;  52;100226; 5;w;21; 1769;-; 3155;-;   51;-;   96;-; 1705;-; 1612;-;   88;-;    5;-;    4;-;    3;-;   15;-;   33;-;   27;-;    9;-; 3033;-; 2933;-;   95;-;    5;-;   12;-;   11;-;   16;-;   69;-;   50;-;   14;-
4607;5027;05;A;  52;100226; 5;w;22; 1248;-; 1608;-;   54;-;   70;-; 1180;-; 1113;-;   65;-;    2;-;    1;-;    7;-;   16;-;   31;-;   27;-;   13;-; 1523;-; 1432;-;   87;-;    4;-;    4;-;    0;-;   21;-;   49;-;   36;-;   11;-
4607;5027;05;A;  52;100226; 5;w;23; 1134;-; 1625;-;   43;-;   41;-; 1081;-; 1024;-;   57;-;    0;-;    1;-;    7;-;   15;-;   21;-;   18;-;    9;-; 1571;-; 1501;-;   68;-;    2;-;    6;-;    1;-;   13;-;   27;-;   21;-;    7;-
4607;5027;05;A;  52;100226; 5;w;24; 1131;-; 2715;-;   28;-;   46;-; 1094;-; 1039;-;   54;-;    1;-;    2;-;    6;-;    5;-;   17;-;   14;-;    7;-; 2660;-; 2594;-;   64;-;    2;-;    1;-;    3;-;    7;-;   36;-;   27;-;    8;-
4607;5027;05;A;  52;100227; 6;w;01;  699;-; 3276;-;   32;-;   36;-;  658;-;  589;-;   69;-;    0;-;    0;-;    3;-;    9;-;   20;-;   13;-;    9;-; 3234;-; 3191;-;   42;-;    1;-;    0;-;    8;-;    5;-;   23;-;   16;-;    6;-
4607;5027;05;A;  52;100227; 6;w;02;  354;-; 1241;-;   37;-;   29;-;  316;-;  285;-;   31;-;    0;-;    0;-;    4;-;   12;-;   21;-;   14;-;    1;-; 1204;-; 1163;-;   39;-;    2;-;    2;-;    4;-;    4;-;   21;-;   14;-;    6;-
4607;5027;05;A;  52;100227; 6;w;03;  256;-;  335;-;   33;-;   29;-;  222;-;  200;-;   21;-;    1;-;    1;-;    1;-;   12;-;   20;-;   14;-;    0;-;  305;-;  278;-;   27;-;    0;-;    0;-;    4;-;    7;-;   18;-;   15;-;    1;-
4607;5027;05;A;  52;100227; 6;w;04;  406;-;  292;-;   45;-;   52;-;  357;-;  319;-;   38;-;    0;-;    2;-;    3;-;   10;-;   32;-;   18;-;    2;-;  240;-;  210;-;   29;-;    1;-;    0;-;   11;-;   21;-;   20;-;   13;-;    0;-
4607;5027;05;A;  52;100227; 6;w;05;  586;-;  413;-;   28;-;   49;-;  554;-;  506;-;   47;-;    1;-;    1;-;    3;-;   11;-;   14;-;    8;-;    3;-;  361;-;  324;-;   36;-;    1;-;    1;-;    8;-;   24;-;   17;-;   11;-;    2;-
4607;5027;05;A;  52;100227; 6;w;06;  822;-;  435;-;   56;-;   39;-;  751;-;  706;-;   45;-;    0;-;    7;-;    4;-;   19;-;   33;-;   25;-;    8;-;  394;-;  351;-;   42;-;    1;-;    1;-;    2;-;   18;-;   19;-;   15;-;    1;-
4607;5027;05;A;  52;100227; 6;w;07;  871;-;  665;-;   71;-;   46;-;  791;-;  690;-;   99;-;    2;-;    7;-;    4;-;   33;-;   34;-;   26;-;    2;-;  609;-;  545;-;   63;-;    1;-;    8;-;    2;-;   18;-;   26;-;   21;-;    2;-
4607;5027;05;A;  52;100227; 6;w;08; 1271;-;  912;-;   63;-;   51;-; 1183;-; 1052;-;  129;-;    2;-;   16;-;    2;-;   31;-;   30;-;   19;-;    9;-;  849;-;  759;-;   89;-;    1;-;    5;-;    6;-;   25;-;   20;-;   16;-;    7;-
4607;5027;05;A;  52;100227; 6;w;09; 2034;-; 1349;-;   73;-;   70;-; 1940;-; 1802;-;  136;-;    2;-;    7;-;    2;-;   40;-;   31;-;   24;-;   14;-; 1266;-; 1166;-;  100;-;    0;-;    7;-;    2;-;   36;-;   32;-;   25;-;    6;-
4607;5027;05;A;  52;100227; 6;w;10; 2550;-; 2064;-;   59;-;   52;-; 2451;-; 2312;-;  137;-;    2;-;   12;-;    6;-;   29;-;   24;-;   18;-;   28;-; 1989;-; 1873;-;  115;-;    1;-;   14;-;    1;-;   20;-;   31;-;   29;-;    9;-
4607;5027;05;A;  52;100227; 6;w;11; 2467;-; 2416;-;   42;-;   59;-; 2400;-; 2299;-;   99;-;    2;-;   16;-;    3;-;   20;-;   19;-;   16;-;    9;-; 2328;-; 2201;-;  121;-;    6;-;   18;-;    5;-;   22;-;   32;-;   27;-;   11;-
4607;5027;05;A;  52;100227; 6;w;12; 2654;-; 2608;-;   48;-;   33;-; 2567;-; 2453;-;  106;-;    8;-;   14;-;    7;-;   27;-;   14;-;   13;-;   25;-; 2553;-; 2427;-;  123;-;    3;-;   10;-;    6;-;   20;-;    7;-;    4;-;   12;-
4607;5027;05;A;  52;100227; 6;w;13; 2703;-; 2818;-;   49;-;   49;-; 2622;-; 2530;-;   90;-;    2;-;    9;-;    9;-;   23;-;   17;-;   14;-;   23;-; 2736;-; 2587;-;  147;-;    2;-;   22;-;    5;-;   29;-;   15;-;   11;-;   11;-
4607;5027;05;A;  52;100227; 6;w;14; 3137;-; 3258;-;   44;-;   37;-; 3065;-; 2935;-;  123;-;    7;-;   15;-;   10;-;   23;-;   11;-;   10;-;   13;-; 3191;-; 3037;-;  150;-;    4;-;   19;-;    5;-;   19;-;   13;-;   11;-;   11;-
4607;5027;05;A;  52;100227; 6;w;15; 3026;-; 3315;-;   33;-;   41;-; 2952;-; 2798;-;  145;-;    9;-;   10;-;    0;-;   19;-;   14;-;   11;-;   31;-; 3243;-; 3077;-;  160;-;    6;-;   16;-;    4;-;   23;-;   14;-;    6;-;   15;-
4607;5027;05;A;  52;100227; 6;w;16; 2951;-; 2917;-;   37;-;   33;-; 2878;-; 2761;-;  109;-;    8;-;   16;-;    2;-;   18;-;   17;-;   14;-;   20;-; 2852;-; 2655;-;  186;-;   11;-;   17;-;    2;-;   21;-;   10;-;    7;-;   15;-
4607;5027;05;A;  52;100227; 6;w;17; 2791;-; 2958;-;   30;-;   31;-; 2736;-; 2610;-;  122;-;    4;-;   14;-;    5;-;   15;-;   10;-;    8;-;   11;-; 2904;-; 2753;-;  139;-;   12;-;   12;-;    5;-;   16;-;   10;-;    7;-;   11;-
4607;5027;05;A;  52;100227; 6;w;18; 3739;-; 2794;-;   20;-;    9;-; 3683;-; 3557;-;  117;-;    9;-;   10;-;    4;-;   11;-;    5;-;    5;-;   26;-; 2753;-; 2598;-;  151;-;    4;-;   18;-;    2;-;    3;-;    4;-;    3;-;   14;-
4607;5027;05;A;  52;100227; 6;w;19; 4283;-; 2919;-;   16;-;   36;-; 4237;-; 4149;-;   81;-;    7;-;    8;-;    3;-;    9;-;    4;-;    2;-;   22;-; 2864;-; 2722;-;  134;-;    8;-;    9;-;    6;-;   22;-;    8;-;    5;-;   10;-
4607;5027;05;A;  52;100227; 6;w;20; 2516;-; 2435;-;   10;-;   22;-; 2482;-; 2410;-;   67;-;    5;-;    4;-;    0;-;    7;-;    3;-;    2;-;   20;-; 2391;-; 2286;-;  101;-;    4;-;    8;-;    1;-;   16;-;    5;-;    3;-;   14;-
4607;5027;05;A;  52;100227; 6;w;21; 1386;-; 1726;-;   17;-;   16;-; 1354;-; 1300;-;   50;-;    4;-;    3;-;    1;-;   11;-;    5;-;    5;-;   12;-; 1686;-; 1584;-;   99;-;    3;-;   12;-;    4;-;   12;-;    0;-;    0;-;   12;-
4607;5027;05;A;  52;100227; 6;w;22; 1022;-; 1049;-;   10;-;   15;-; 1000;-;  937;-;   60;-;    3;-;    2;-;    2;-;    6;-;    2;-;    0;-;   10;-; 1026;-;  969;-;   57;-;    0;-;    4;-;    1;-;   11;-;    3;-;    3;-;    4;-
4607;5027;05;A;  52;100227; 6;w;23; 1045;-; 1286;-;    5;-;   11;-; 1030;-;  973;-;   56;-;    1;-;    1;-;    1;-;    3;-;    1;-;    0;-;    9;-; 1270;-; 1190;-;   76;-;    4;-;    1;-;    2;-;    5;-;    4;-;    4;-;    4;-
4607;5027;05;A;  52;100227; 6;w;24;  993;-; 2619;-;    3;-;    8;-;  986;-;  942;-;   43;-;    1;-;    2;-;    0;-;    3;-;    0;-;    0;-;    2;-; 2602;-; 2506;-;   94;-;    2;-;    2;-;    0;-;    7;-;    1;-;    1;-;    7;-
4607;5027;05;A;  52;100228; 7;s;01;  771;-; 3318;-;    9;-;    8;-;  754;-;  715;-;   37;-;    2;-;    2;-;    0;-;    7;-;    2;-;    2;-;    6;-; 3294;-; 3229;-;   62;-;    3;-;    0;-;    3;-;    3;-;    2;-;    1;-;   16;-
4607;5027;05;A;  52;100228; 7;s;02;  513;-; 1348;-;    8;-;    8;-;  499;-;  477;-;   21;-;    1;-;    0;-;    2;-;    2;-;    4;-;    3;-;    6;-; 1332;-; 1300;-;   32;-;    0;-;    3;-;    4;-;    2;-;    2;-;    1;-;    5;-
4607;5027;05;A;  52;100228; 7;s;03;  329;-;  364;-;    5;-;    4;-;  321;-;  304;-;   15;-;    2;-;    0;-;    0;-;    4;-;    1;-;    1;-;    3;-;  360;-;  335;-;   25;-;    0;-;    0;-;    1;-;    1;-;    2;-;    2;-;    0;-
4607;5027;05;A;  52;100228; 7;s;04;  437;-;  307;-;    6;-;    7;-;  426;-;  399;-;   27;-;    0;-;    1;-;    0;-;    6;-;    0;-;    0;-;    4;-;  298;-;  279;-;   19;-;    0;-;    1;-;    2;-;    4;-;    1;-;    1;-;    1;-
4607;5027;05;A;  52;100228; 7;s;05;  504;-;  401;-;    9;-;    5;-;  493;-;  463;-;   29;-;    1;-;    0;-;    2;-;    2;-;    5;-;    3;-;    2;-;  395;-;  348;-;   46;-;    1;-;    0;-;    2;-;    3;-;    0;-;    0;-;    1;-
4607;5027;05;A;  52;100228; 7;s;06;  591;-;  377;-;   15;-;    8;-;  568;-;  529;-;   38;-;    1;-;    2;-;    2;-;    6;-;    7;-;    5;-;    6;-;  365;-;  338;-;   27;-;    0;-;    1;-;    4;-;    3;-;    1;-;    1;-;    3;-
4607;5027;05;A;  52;100228; 7;s;07;  450;-;  444;-;    8;-;    4;-;  433;-;  403;-;   29;-;    1;-;    6;-;    1;-;    4;-;    3;-;    3;-;    3;-;  438;-;  405;-;   32;-;    1;-;    1;-;    2;-;    2;-;    0;-;    0;-;    1;-
4607;5027;05;A;  52;100228; 7;s;08;  464;-;  441;-;   11;-;   11;-;  445;-;  384;-;   59;-;    2;-;    7;-;    3;-;    6;-;    2;-;    2;-;    1;-;  425;-;  387;-;   36;-;    2;-;    4;-;    5;-;    4;-;    2;-;    1;-;    1;-
4607;5027;05;A;  52;100228; 7;s;09;  794;-;  651;-;   19;-;   11;-;  759;-;  694;-;   65;-;    0;-;   11;-;    2;-;   15;-;    2;-;    1;-;    5;-;  634;-;  586;-;   47;-;    1;-;    1;-;    5;-;    6;-;    0;-;    0;-;    5;-
4607;5027;05;A;  52;100228; 7;s;10; 1261;-; 1247;-;   26;-;   14;-; 1213;-; 1138;-;   75;-;    0;-;   16;-;    6;-;   15;-;    5;-;    4;-;    6;-; 1226;-; 1133;-;   91;-;    2;-;    4;-;    5;-;    3;-;    6;-;    5;-;    3;-
4607;5027;05;A;  52;100228; 7;s;11; 1487;-; 1839;-;   10;-;   13;-; 1458;-; 1356;-;  101;-;    1;-;    4;-;    2;-;    6;-;    2;-;    2;-;   15;-; 1811;-; 1726;-;   83;-;    2;-;   13;-;    3;-;    3;-;    7;-;    6;-;    2;-
4607;5027;05;A;  52;100228; 7;s;12; 1698;-; 2068;-;   27;-;   11;-; 1657;-; 1579;-;   77;-;    1;-;    9;-;    1;-;   19;-;    7;-;    6;-;    5;-; 2047;-; 1940;-;  106;-;    1;-;    2;-;    2;-;    3;-;    6;-;    5;-;    8;-
4607;5027;05;A;  52;100228; 7;s;13; 1966;-; 2199;-;   15;-;   26;-; 1928;-; 1857;-;   67;-;    4;-;    9;-;    0;-;   10;-;    5;-;    5;-;   14;-; 2156;-; 2033;-;  121;-;    2;-;    6;-;    6;-;   12;-;    8;-;    8;-;   11;-
4607;5027;05;A;  52;100228; 7;s;14; 2128;-; 2267;-;   18;-;   23;-; 2084;-; 1999;-;   82;-;    3;-;   13;-;    0;-;   11;-;    7;-;    6;-;   13;-; 2228;-; 2113;-;  114;-;    1;-;    7;-;    3;-;   14;-;    6;-;    4;-;    9;-
4607;5027;05;A;  52;100228; 7;s;15; 2361;-; 2541;-;   15;-;   20;-; 2325;-; 2249;-;   74;-;    2;-;    8;-;    2;-;    8;-;    5;-;    5;-;   13;-; 2501;-; 2406;-;   94;-;    1;-;   13;-;    2;-;   11;-;    7;-;    4;-;    7;-
4607;5027;05;A;  52;100228; 7;s;16; 2312;-; 2274;-;   12;-;   20;-; 2276;-; 2206;-;   59;-;   11;-;    3;-;    3;-;    8;-;    1;-;    0;-;   21;-; 2228;-; 2137;-;   91;-;    0;-;   15;-;    3;-;   11;-;    6;-;    2;-;   11;-
4607;5027;05;A;  52;100228; 7;s;17; 2177;-; 2140;-;   15;-;   32;-; 2133;-; 2074;-;   55;-;    4;-;    6;-;    3;-;    8;-;    4;-;    4;-;   23;-; 2075;-; 1961;-;  112;-;    2;-;   27;-;    2;-;   23;-;    7;-;    5;-;    6;-
4607;5027;05;A;  52;100228; 7;s;18; 2464;-; 2061;-;   17;-;   23;-; 2425;-; 2362;-;   60;-;    3;-;    8;-;    2;-;    8;-;    7;-;    5;-;   14;-; 2018;-; 1940;-;   75;-;    3;-;    9;-;    2;-;   15;-;    6;-;    6;-;   11;-
4607;5027;05;A;  52;100228; 7;s;19; 2287;-; 2061;-;   19;-;   13;-; 2259;-; 2204;-;   53;-;    2;-;    1;-;    4;-;    7;-;    8;-;    7;-;    8;-; 2030;-; 1964;-;   66;-;    0;-;    7;-;    2;-;    8;-;    3;-;    2;-;   11;-
4607;5027;05;A;  52;100228; 7;s;20; 2120;-; 1819;-;   21;-;   23;-; 2084;-; 2014;-;   68;-;    2;-;    7;-;    5;-;    8;-;    8;-;    8;-;    8;-; 1791;-; 1722;-;   69;-;    0;-;    1;-;    2;-;   11;-;   10;-;    9;-;    4;-
4607;5027;05;A;  52;100228; 7;s;21; 1854;-; 1438;-;   22;-;   15;-; 1811;-; 1746;-;   63;-;    2;-;    5;-;    3;-;    7;-;   12;-;    7;-;   16;-; 1417;-; 1355;-;   62;-;    0;-;    1;-;    6;-;    3;-;    6;-;    5;-;    5;-
4607;5027;05;A;  52;100228; 7;s;22; 1534;-; 1126;-;   40;-;   18;-; 1482;-; 1429;-;   52;-;    1;-;    5;-;    5;-;   16;-;   19;-;   12;-;    7;-; 1101;-; 1047;-;   53;-;    1;-;    1;-;    6;-;    4;-;    8;-;    8;-;    6;-
4607;5027;05;A;  52;100228; 7;s;23; 1008;-;  970;-;   30;-;   25;-;  969;-;  910;-;   59;-;    0;-;    2;-;    3;-;    5;-;   22;-;   18;-;    7;-;  939;-;  908;-;   31;-;    0;-;    1;-;    0;-;    4;-;   21;-;   18;-;    5;-
4607;5027;05;A;  52;100228; 7;s;24;  671;-;  882;-;   36;-;   32;-;  630;-;  595;-;   35;-;    0;-;    0;-;    3;-;    6;-;   27;-;   17;-;    5;-;  849;-;  794;-;   54;-;    1;-;    0;-;    5;-;    6;-;   21;-;   18;-;    1;-
4607;5027;05;A;  52;100301; 1;w;01;  268;-;  492;-;   26;-;   27;-;  240;-;  222;-;   18;-;    0;-;    0;-;    0;-;    9;-;   17;-;   12;-;    2;-;  464;-;  435;-;   29;-;    0;-;    1;-;    3;-;    6;-;   18;-;   14;-;    0;-
4607;5027;05;A;  52;100301; 1;w;02;  165;-;  134;-;   31;-;   24;-;  133;-;  121;-;   12;-;    0;-;    1;-;    0;-;    5;-;   26;-;   20;-;    0;-;  109;-;   97;-;   12;-;    0;-;    1;-;    0;-;    6;-;   18;-;   12;-;    0;-
4607;5027;05;A;  52;100301; 1;w;03;  135;-;  118;-;   35;-;   22;-;  100;-;   92;-;    8;-;    0;-;    0;-;    0;-;   12;-;   23;-;   20;-;    0;-;   96;-;   82;-;   14;-;    0;-;    0;-;    0;-;    8;-;   14;-;    9;-;    0;-
4607;5027;05;A;  52;100301; 1;w;04;  362;-;  160;-;   37;-;   41;-;  322;-;  282;-;   39;-;    1;-;    2;-;    1;-;   10;-;   26;-;   21;-;    1;-;  119;-;   90;-;   29;-;    0;-;    0;-;    0;-;   19;-;   22;-;   16;-;    0;-
4607;5027;05;A;  52;100301; 1;w;05;  956;-;  386;-;   85;-;   76;-;  864;-;  811;-;   50;-;    3;-;    2;-;    4;-;   40;-;   41;-;   34;-;    5;-;  309;-;  270;-;   38;-;    1;-;    0;-;    2;-;   41;-;   33;-;   24;-;    1;-
4607;5027;05;A;  52;100301; 1;w;06; 2882;-;  922;-;  190;-;   95;-; 2666;-; 2578;-;   82;-;    6;-;    3;-;    5;-;   74;-;  111;-;   92;-;   23;-;  821;-;  766;-;   54;-;    1;-;    1;-;    1;-;   30;-;   64;-;   53;-;    5;-
4607;5027;05;A;  52;100301; 1;w;07; 5295;-; 2132;-;  182;-;  162;-; 5077;-; 4888;-;  183;-;    6;-;    7;-;    4;-;   67;-;  111;-;   82;-;   29;-; 1957;-; 1835;-;  120;-;    2;-;    2;-;    4;-;   65;-;   93;-;   70;-;   11;-
4607;5027;05;A;  52;100301; 1;w;08; 6369;-; 3529;-;  198;-;  164;-; 6112;-; 5877;-;  226;-;    9;-;   18;-;    6;-;   70;-;  122;-;   84;-;   41;-; 3343;-; 3161;-;  178;-;    4;-;    8;-;    4;-;   80;-;   80;-;   62;-;   14;-
4607;5027;05;A;  52;100301; 1;w;09; 6115;-; 3916;-;  241;-;  200;-; 5817;-; 5668;-;  141;-;    8;-;   35;-;    9;-;  120;-;  112;-;   82;-;   22;-; 3686;-; 3478;-;  200;-;    8;-;   10;-;    9;-;   86;-;  105;-;   78;-;   20;-
4607;5027;05;A;  52;100301; 1;w;10; 5470;-; 2670;-;  305;-;  226;-; 5128;-; 4934;-;  190;-;    4;-;   21;-;    6;-;  114;-;  185;-;  142;-;   16;-; 2427;-; 2237;-;  185;-;    5;-;    4;-;    4;-;   94;-;  128;-;  104;-;   13;-
4607;5027;05;A;  52;100301; 1;w;11; 3515;-; 2437;-;  246;-;  208;-; 3195;-; 2959;-;  229;-;    7;-;   23;-;    2;-;  104;-;  140;-;  112;-;   51;-; 2205;-; 1994;-;  211;-;    0;-;   12;-;    9;-;   81;-;  118;-;   91;-;   12;-
4607;5027;05;A;  52;100301; 1;w;12; 2931;-; 2572;-;  312;-;  251;-; 2566;-; 2343;-;  216;-;    7;-;   21;-;    4;-;  119;-;  189;-;  150;-;   32;-; 2295;-; 2044;-;  244;-;    7;-;   12;-;    3;-;   89;-;  159;-;  127;-;   14;-
4607;5027;05;A;  52;100301; 1;w;13; 2796;-; 3056;-;  242;-;  264;-; 2506;-; 2301;-;  198;-;    7;-;   17;-;    5;-;   81;-;  156;-;  124;-;   31;-; 2771;-; 2549;-;  221;-;    1;-;   12;-;    4;-;  120;-;  140;-;  102;-;    9;-
4607;5027;05;A;  52;100301; 1;w;14; 2965;-; 3357;-;  221;-;  240;-; 2688;-; 2500;-;  181;-;    7;-;   19;-;    6;-;   87;-;  128;-;  108;-;   37;-; 3095;-; 2851;-;  241;-;    3;-;   15;-;    4;-;  105;-;  131;-;  102;-;    7;-
4607;5027;05;A;  52;100301; 1;w;15; 2629;-; 3780;-;  222;-;  253;-; 2374;-; 2193;-;  176;-;    5;-;   17;-;    4;-;   79;-;  139;-;  115;-;   16;-; 3491;-; 3216;-;  271;-;    4;-;   15;-;    6;-;  106;-;  141;-;  103;-;   21;-
4607;5027;05;A;  52;100301; 1;w;16; 2788;-; 4787;-;  188;-;  208;-; 2568;-; 2375;-;  187;-;    6;-;   11;-;    2;-;   65;-;  121;-;   94;-;   21;-; 4552;-; 4255;-;  285;-;   12;-;   15;-;    4;-;   78;-;  126;-;   98;-;   12;-
4607;5027;05;A;  52;100301; 1;w;17; 3126;-; 5610;-;  145;-;  170;-; 2931;-; 2750;-;  178;-;    3;-;   15;-;    2;-;   54;-;   89;-;   75;-;   35;-; 5399;-; 5140;-;  250;-;    9;-;   25;-;    4;-;   73;-;   93;-;   70;-;   16;-
4607;5027;05;A;  52;100301; 1;w;18; 3476;-; 5943;-;  114;-;  134;-; 3309;-; 3163;-;  141;-;    5;-;   23;-;    2;-;   42;-;   70;-;   54;-;   30;-; 5772;-; 5563;-;  202;-;    7;-;   16;-;    2;-;   54;-;   78;-;   60;-;   21;-
4607;5027;05;A;  52;100301; 1;w;19; 3325;-; 5072;-;   99;-;   95;-; 3206;-; 3076;-;  127;-;    3;-;    6;-;    7;-;   28;-;   64;-;   50;-;   14;-; 4943;-; 4794;-;  140;-;    9;-;   13;-;    4;-;   26;-;   65;-;   53;-;   21;-
4607;5027;05;A;  52;100301; 1;w;20; 2385;-; 3245;-;   85;-;   76;-; 2277;-; 2178;-;   98;-;    1;-;    5;-;    1;-;   21;-;   63;-;   54;-;   18;-; 3143;-; 3013;-;  128;-;    2;-;   10;-;    3;-;   20;-;   53;-;   45;-;   16;-
4607;5027;05;A;  52;100301; 1;w;21; 1388;-; 2088;-;   47;-;   70;-; 1323;-; 1247;-;   70;-;    6;-;    4;-;    2;-;    9;-;   36;-;   25;-;   14;-; 2011;-; 1873;-;  133;-;    5;-;    4;-;    6;-;   21;-;   43;-;   27;-;    3;-
4607;5027;05;A;  52;100301; 1;w;22; 1172;-; 1312;-;   63;-;   42;-; 1103;-; 1028;-;   74;-;    1;-;    1;-;    1;-;   18;-;   44;-;   35;-;    5;-; 1256;-; 1164;-;   89;-;    3;-;    3;-;    1;-;    8;-;   33;-;   22;-;   11;-
4607;5027;05;A;  52;100301; 1;w;23;  778;-; 1514;-;   53;-;   51;-;  717;-;  664;-;   53;-;    0;-;    0;-;    3;-;    9;-;   41;-;   31;-;    8;-; 1454;-; 1361;-;   87;-;    6;-;    2;-;    2;-;    8;-;   41;-;   30;-;    7;-
4607;5027;05;A;  52;100301; 1;w;24;  404;-;  832;-;   30;-;   47;-;  373;-;  326;-;   47;-;    0;-;    1;-;    0;-;    9;-;   21;-;   16;-;    0;-;  779;-;  719;-;   60;-;    0;-;    0;-;    3;-;   10;-;   34;-;   23;-;    6;-
4607;5027;05;A;  52;100302; 2;w;01;  228;-;  324;-;   37;-;   46;-;  188;-;  158;-;   30;-;    0;-;    0;-;    1;-;    5;-;   31;-;   21;-;    3;-;  277;-;  256;-;   20;-;    1;-;    0;-;    3;-;    6;-;   37;-;   26;-;    1;-
4607;5027;05;A;  52;100302; 2;w;02;  146;-;  152;-;   47;-;   27;-;   99;-;   85;-;   13;-;    1;-;    0;-;    2;-;   10;-;   35;-;   27;-;    0;-;  125;-;   99;-;   24;-;    2;-;    0;-;    0;-;    6;-;   21;-;   15;-;    0;-
4607;5027;05;A;  52;100302; 2;w;03;  163;-;  122;-;   56;-;   30;-;  107;-;   87;-;   20;-;    0;-;    0;-;    0;-;   12;-;   44;-;   30;-;    0;-;   92;-;   71;-;   21;-;    0;-;    0;-;    0;-;    8;-;   22;-;   18;-;    0;-
4607;5027;05;A;  52;100302; 2;w;04;  344;-;  187;-;   58;-;   58;-;  281;-;  249;-;   32;-;    0;-;    1;-;    1;-;   23;-;   34;-;   28;-;    4;-;  128;-;   98;-;   30;-;    0;-;    0;-;    0;-;   27;-;   31;-;   21;-;    1;-
4607;5027;05;A;  52;100302; 2;w;05;  841;-;  305;-;  109;-;   81;-;  723;-;  691;-;   30;-;    2;-;    0;-;    3;-;   37;-;   69;-;   45;-;    9;-;  220;-;  188;-;   32;-;    0;-;    0;-;    1;-;   33;-;   47;-;   36;-;    4;-
4607;5027;05;A;  52;100302; 2;w;06; 2619;-;  763;-;  164;-;  123;-; 2433;-; 2331;-;   97;-;    5;-;    3;-;    1;-;   67;-;   96;-;   85;-;   19;-;  635;-;  567;-;   64;-;    4;-;    0;-;    0;-;   45;-;   78;-;   63;-;    5;-
4607;5027;05;A;  52;100302; 2;w;07; 5236;-; 1879;-;  204;-;  142;-; 4982;-; 4727;-;  246;-;    9;-;   13;-;    5;-;   88;-;  111;-;   79;-;   37;-; 1722;-; 1570;-;  150;-;    2;-;    6;-;    2;-;   61;-;   79;-;   53;-;    9;-
4607;5027;05;A;  52;100302; 2;w;08; 6650;-; 3469;-;  240;-;  187;-; 6345;-; 6104;-;  234;-;    7;-;   24;-;   12;-;  104;-;  124;-;   95;-;   41;-; 3253;-; 3034;-;  211;-;    8;-;    8;-;    3;-;   81;-;  103;-;   75;-;   21;-
4607;5027;05;A;  52;100302; 2;w;09; 6426;-; 3791;-;  241;-;  234;-; 6088;-; 5867;-;  203;-;   18;-;   14;-;    5;-;  108;-;  128;-;   91;-;   83;-; 3530;-; 3305;-;  221;-;    4;-;    8;-;    4;-;  110;-;  120;-;   85;-;   19;-
4607;5027;05;A;  52;100302; 2;w;10; 4545;-; 2706;-;  280;-;  255;-; 4203;-; 3993;-;  205;-;    5;-;   18;-;    7;-;  102;-;  171;-;  138;-;   44;-; 2429;-; 2208;-;  217;-;    4;-;   12;-;    6;-;  100;-;  149;-;  108;-;   10;-
4607;5027;05;A;  52;100302; 2;w;11; 3286;-; 2170;-;  291;-;  230;-; 2955;-; 2748;-;  201;-;    6;-;   19;-;    9;-;  111;-;  171;-;  126;-;   21;-; 1921;-; 1734;-;  181;-;    6;-;    6;-;    4;-;   92;-;  134;-;  106;-;   13;-
4607;5027;05;A;  52;100302; 2;w;12; 2795;-; 2377;-;  270;-;  245;-; 2485;-; 2312;-;  169;-;    4;-;   19;-;    5;-;  103;-;  162;-;  140;-;   21;-; 2109;-; 1893;-;  215;-;    1;-;   10;-;    5;-;   91;-;  149;-;  122;-;   13;-
4607;5027;05;A;  52;100302; 2;w;13; 2739;-; 2840;-;  214;-;  238;-; 2492;-; 2312;-;  177;-;    3;-;   14;-;    3;-;   75;-;  136;-;  111;-;   19;-; 2577;-; 2333;-;  242;-;    2;-;   16;-;    2;-;  100;-;  136;-;  104;-;    9;-
4607;5027;05;A;  52;100302; 2;w;14; 2775;-; 3374;-;  208;-;  219;-; 2532;-; 2344;-;  177;-;   11;-;   15;-;    5;-;   78;-;  125;-;  101;-;   20;-; 3124;-; 2895;-;  225;-;    4;-;   17;-;    5;-;   97;-;  117;-;   92;-;   14;-
4607;5027;05;A;  52;100302; 2;w;15; 2685;-; 3922;-;  225;-;  213;-; 2431;-; 2231;-;  188;-;   12;-;   12;-;    1;-;   82;-;  142;-;  113;-;   17;-; 3675;-; 3419;-;  248;-;    8;-;   16;-;    4;-;   91;-;  118;-;   90;-;   18;-
4607;5027;05;A;  52;100302; 2;w;16; 2854;-; 4904;-;  187;-;  205;-; 2636;-; 2451;-;  183;-;    2;-;    7;-;    2;-;   78;-;  107;-;   86;-;   24;-; 4661;-; 4352;-;  304;-;    5;-;   20;-;    2;-;   90;-;  113;-;   82;-;   18;-
4607;5027;05;A;  52;100302; 2;w;17; 3201;-; 5470;-;  151;-;  177;-; 3017;-; 2844;-;  161;-;   12;-;   13;-;    3;-;   43;-;  105;-;   72;-;   20;-; 5261;-; 5030;-;  223;-;    8;-;   22;-;   10;-;   65;-;  102;-;   79;-;   10;-
4607;5027;05;A;  52;100302; 2;w;18; 3788;-; 5783;-;  135;-;  162;-; 3627;-; 3478;-;  146;-;    3;-;    7;-;    4;-;   47;-;   84;-;   65;-;   19;-; 5590;-; 5426;-;  154;-;   10;-;   16;-;    8;-;   47;-;  107;-;   73;-;   15;-
4607;5027;05;A;  52;100302; 2;w;19; 3468;-; 4940;-;   93;-;   80;-; 3340;-; 3207;-;  124;-;    9;-;    4;-;    3;-;   19;-;   71;-;   56;-;   31;-; 4830;-; 4685;-;  139;-;    6;-;    8;-;    0;-;   18;-;   62;-;   44;-;   22;-
4607;5027;05;A;  52;100302; 2;w;20; 2280;-; 3401;-;   67;-;   76;-; 2192;-; 2087;-;  104;-;    1;-;    3;-;    2;-;   15;-;   50;-;   42;-;   18;-; 3314;-; 3175;-;  134;-;    5;-;    2;-;    1;-;   22;-;   53;-;   40;-;    9;-
4607;5027;05;A;  52;100302; 2;w;21; 1435;-; 2113;-;   54;-;   67;-; 1371;-; 1277;-;   88;-;    6;-;    0;-;    3;-;   13;-;   38;-;   33;-;   10;-; 2031;-; 1920;-;  107;-;    4;-;    5;-;    5;-;   12;-;   50;-;   28;-;   10;-
4607;5027;05;A;  52;100302; 2;w;22; 1314;-; 1626;-;   50;-;   45;-; 1240;-; 1172;-;   64;-;    4;-;    3;-;    1;-;   13;-;   36;-;   25;-;   21;-; 1573;-; 1461;-;  112;-;    0;-;    3;-;    1;-;    7;-;   37;-;   29;-;    5;-
4607;5027;05;A;  52;100302; 2;w;23;  912;-; 1893;-;   51;-;   44;-;  853;-;  802;-;   48;-;    3;-;    2;-;    3;-;   14;-;   34;-;   31;-;    6;-; 1839;-; 1756;-;   81;-;    2;-;    2;-;    2;-;   11;-;   31;-;   21;-;    8;-
4607;5027;05;A;  52;100302; 2;w;24;  489;-;  890;-;   24;-;   37;-;  463;-;  418;-;   45;-;    0;-;    0;-;    0;-;    3;-;   21;-;   14;-;    2;-;  844;-;  786;-;   57;-;    1;-;    1;-;    1;-;    5;-;   31;-;   15;-;    8;-
4607;5027;05;A;  52;100303; 3;w;01;  230;-;  294;-;   30;-;   34;-;  199;-;  176;-;   23;-;    0;-;    0;-;    1;-;    7;-;   22;-;   13;-;    1;-;  257;-;  234;-;   21;-;    2;-;    0;-;    2;-;    6;-;   26;-;   19;-;    3;-
4607;5027;05;A;  52;100303; 3;w;02;  140;-;  188;-;   36;-;   30;-;  104;-;   90;-;   14;-;    0;-;    0;-;    1;-;   12;-;   23;-;   16;-;    0;-;  154;-;  134;-;   20;-;    0;-;    2;-;    0;-;    7;-;   23;-;   17;-;    2;-
4607;5027;05;A;  52;100303; 3;w;03;  138;-;  134;-;   40;-;   40;-;   96;-;   81;-;   15;-;    0;-;    1;-;    1;-;    5;-;   34;-;   23;-;    1;-;   93;-;   76;-;   17;-;    0;-;    0;-;    0;-;   12;-;   28;-;   15;-;    1;-
4607;5027;05;A;  52;100303; 3;w;04;  368;-;  176;-;   55;-;   59;-;  310;-;  283;-;   27;-;    0;-;    1;-;    0;-;   17;-;   38;-;   26;-;    2;-;  116;-;   88;-;   28;-;    0;-;    1;-;    0;-;   21;-;   38;-;   23;-;    0;-
4607;5027;05;A;  52;100303; 3;w;05;  874;-;  334;-;   94;-;   79;-;  764;-;  714;-;   46;-;    4;-;    1;-;    6;-;   38;-;   50;-;   35;-;   15;-;  254;-;  224;-;   30;-;    0;-;    1;-;    1;-;   35;-;   43;-;   30;-;    0;-
4607;5027;05;A;  52;100303; 3;w;06; 2442;-;  769;-;  163;-;  108;-; 2252;-; 2171;-;   81;-;    0;-;    3;-;    4;-;   57;-;  102;-;   81;-;   24;-;  655;-;  587;-;   68;-;    0;-;    3;-;    0;-;   42;-;   66;-;   51;-;    3;-
4607;5027;05;A;  52;100303; 3;w;07; 5198;-; 1853;-;  238;-;  140;-; 4854;-; 4594;-;  246;-;   14;-;   11;-;    9;-;   98;-;  131;-;   98;-;   95;-; 1694;-; 1539;-;  152;-;    3;-;    8;-;    1;-;   57;-;   82;-;   60;-;   11;-
4607;5027;05;A;  52;100303; 3;w;08; 6492;-; 3440;-;  216;-;  195;-; 6204;-; 5964;-;  217;-;   23;-;   23;-;    6;-;  104;-;  106;-;   91;-;   49;-; 3213;-; 3037;-;  174;-;    2;-;    8;-;    5;-;   90;-;  100;-;   75;-;   24;-
4607;5027;05;A;  52;100303; 3;w;09; 5974;-; 3805;-;  228;-;  220;-; 5641;-; 5423;-;  208;-;   10;-;   21;-;    5;-;  107;-;  116;-;   88;-;   84;-; 3550;-; 3324;-;  224;-;    2;-;    6;-;    7;-;  116;-;   97;-;   73;-;   29;-
4607;5027;05;A;  52;100303; 3;w;10; 4821;-; 2563;-;  277;-;  243;-; 4461;-; 4245;-;  205;-;   11;-;   20;-;    5;-;  111;-;  161;-;  121;-;   63;-; 2302;-; 2103;-;  195;-;    4;-;   12;-;    1;-;  109;-;  133;-;   96;-;    6;-
4607;5027;05;A;  52;100303; 3;w;11; 3602;-; 2226;-;  273;-;  215;-; 3284;-; 3028;-;  251;-;    5;-;   14;-;    5;-;  119;-;  149;-;  117;-;   31;-; 1983;-; 1771;-;  208;-;    4;-;   12;-;    4;-;   78;-;  133;-;  107;-;   16;-
4607;5027;05;A;  52;100303; 3;w;12; 2850;-; 2550;-;  236;-;  261;-; 2573;-; 2374;-;  192;-;    7;-;   23;-;    2;-;  103;-;  131;-;  106;-;   18;-; 2268;-; 2053;-;  212;-;    3;-;   13;-;    1;-;   98;-;  162;-;  129;-;    8;-
4607;5027;05;A;  52;100303; 3;w;13; 2961;-; 2953;-;  218;-;  240;-; 2704;-; 2496;-;  205;-;    3;-;   12;-;    2;-;   89;-;  127;-;   96;-;   27;-; 2698;-; 2456;-;  240;-;    2;-;   10;-;    0;-;   96;-;  144;-;  117;-;    5;-
4607;5027;05;A;  52;100303; 3;w;14; 3277;-; 3346;-;  236;-;  234;-; 3014;-; 2808;-;  201;-;    5;-;   15;-;    9;-;   89;-;  138;-;  118;-;   12;-; 3087;-; 2884;-;  198;-;    5;-;   14;-;    2;-;   91;-;  141;-;  111;-;   11;-
4607;5027;05;A;  52;100303; 3;w;15; 3219;-; 4033;-;  226;-;  266;-; 2960;-; 2761;-;  193;-;    6;-;   17;-;    1;-;   96;-;  129;-;  100;-;   16;-; 3737;-; 3481;-;  248;-;    8;-;   17;-;    5;-;  117;-;  144;-;  108;-;   13;-
4607;5027;05;A;  52;100303; 3;w;16; 3114;-; 5160;-;  199;-;  222;-; 2895;-; 2665;-;  220;-;   10;-;    9;-;    2;-;   80;-;  117;-;   89;-;   11;-; 4898;-; 4589;-;  302;-;    7;-;   25;-;    3;-;   96;-;  123;-;   94;-;   15;-
4607;5027;05;A;  52;100303; 3;w;17; 3497;-; 5897;-;  179;-;  167;-; 3272;-; 3077;-;  185;-;   10;-;   14;-;    3;-;   61;-;  115;-;   85;-;   32;-; 5705;-; 5443;-;  253;-;    9;-;   18;-;    7;-;   66;-;   94;-;   79;-;    7;-
4607;5027;05;A;  52;100303; 3;w;18; 3698;-; 5867;-;  131;-;  144;-; 3539;-; 3395;-;  135;-;    9;-;    5;-;    2;-;   36;-;   93;-;   71;-;   23;-; 5686;-; 5522;-;  161;-;    3;-;   24;-;    6;-;   42;-;   96;-;   71;-;   13;-
4607;5027;05;A;  52;100303; 3;w;19; 3663;-; 5229;-;  104;-;  118;-; 3532;-; 3400;-;  126;-;    6;-;    3;-;    2;-;   23;-;   79;-;   51;-;   24;-; 5085;-; 4954;-;  128;-;    3;-;   12;-;    7;-;   32;-;   79;-;   64;-;   14;-
4607;5027;05;A;  52;100303; 3;w;20; 2428;-; 3560;-;   62;-;   71;-; 2315;-; 2192;-;  115;-;    8;-;    7;-;    1;-;   17;-;   44;-;   37;-;   44;-; 3467;-; 3314;-;  151;-;    2;-;    6;-;    2;-;   19;-;   50;-;   36;-;   16;-
4607;5027;05;A;  52;100303; 3;w;21; 1578;-; 2088;-;   58;-;   69;-; 1503;-; 1419;-;   80;-;    4;-;    3;-;    3;-;    8;-;   47;-;   32;-;   14;-; 2012;-; 1886;-;  121;-;    5;-;    2;-;    5;-;   17;-;   47;-;   33;-;    5;-
4607;5027;05;A;  52;100303; 3;w;22; 1325;-; 1708;-;   51;-;   64;-; 1256;-; 1173;-;   81;-;    2;-;    2;-;    3;-;   11;-;   37;-;   28;-;   16;-; 1636;-; 1522;-;  112;-;    2;-;    3;-;    1;-;   20;-;   43;-;   31;-;    5;-
4607;5027;05;A;  52;100303; 3;w;23;  830;-; 2080;-;   49;-;   48;-;  772;-;  720;-;   50;-;    2;-;    2;-;    4;-;   15;-;   30;-;   25;-;    7;-; 2015;-; 1923;-;   89;-;    3;-;    3;-;    0;-;   11;-;   37;-;   30;-;   14;-
4607;5027;05;A;  52;100303; 3;w;24;  535;-; 1138;-;   31;-;   49;-;  501;-;  463;-;   37;-;    1;-;    0;-;    2;-;    7;-;   22;-;   18;-;    3;-; 1079;-;  998;-;   81;-;    0;-;    2;-;    4;-;    9;-;   36;-;   19;-;    8;-
4607;5027;05;A;  52;100304; 4;w;01;  269;-;  381;-;   36;-;   33;-;  230;-;  196;-;   33;-;    1;-;    0;-;    1;-;    9;-;   26;-;   19;-;    3;-;  344;-;  316;-;   27;-;    1;-;    1;-;    2;-;    4;-;   27;-;   20;-;    3;-
4607;5027;05;A;  52;100304; 4;w;02;  128;-;  198;-;   30;-;   37;-;   98;-;   84;-;   13;-;    1;-;    0;-;    2;-;    8;-;   20;-;   12;-;    0;-;  159;-;  142;-;   17;-;    0;-;    1;-;    0;-;    6;-;   31;-;   25;-;    1;-
4607;5027;05;A;  52;100304; 4;w;03;  155;-;  142;-;   44;-;   42;-;  109;-;   95;-;   14;-;    0;-;    0;-;    0;-;   14;-;   30;-;   18;-;    2;-;   99;-;   80;-;   19;-;    0;-;    0;-;    3;-;   10;-;   29;-;   22;-;    1;-
4607;5027;05;A;  52;100304; 4;w;04;  316;-;  200;-;   45;-;   60;-;  270;-;  242;-;   27;-;    1;-;    1;-;    1;-;   20;-;   24;-;   16;-;    0;-;  140;-;  116;-;   23;-;    1;-;    0;-;    0;-;   30;-;   30;-;   23;-;    0;-
4607;5027;05;A;  52;100304; 4;w;05;  857;-;  312;-;  114;-;   76;-;  736;-;  695;-;   41;-;    0;-;    0;-;    4;-;   41;-;   69;-;   44;-;    7;-;  234;-;  197;-;   37;-;    0;-;    1;-;    0;-;   32;-;   44;-;   32;-;    1;-
4607;5027;05;A;  52;100304; 4;w;06; 2441;-;  760;-;  177;-;  106;-; 2247;-; 2123;-;  117;-;    7;-;    2;-;    3;-;   65;-;  109;-;   89;-;   15;-;  645;-;  566;-;   77;-;    2;-;    2;-;    2;-;   42;-;   62;-;   52;-;    7;-
4607;5027;05;A;  52;100304; 4;w;07; 5140;-; 1929;-;  215;-;  123;-; 4851;-; 4596;-;  244;-;   11;-;   10;-;    7;-;   80;-;  128;-;   93;-;   64;-; 1781;-; 1634;-;  147;-;    0;-;    5;-;    2;-;   51;-;   70;-;   51;-;   20;-
4607;5027;05;A;  52;100304; 4;w;08; 6466;-; 3419;-;  243;-;  188;-; 6079;-; 5839;-;  230;-;   10;-;   25;-;   15;-;   92;-;  136;-;  107;-;  119;-; 3202;-; 2984;-;  212;-;    6;-;   12;-;    3;-;   94;-;   91;-;   61;-;   17;-
4607;5027;05;A;  52;100304; 4;w;09; 5886;-; 3819;-;  243;-;  255;-; 5453;-; 5235;-;  193;-;   25;-;   20;-;    8;-;  100;-;  135;-;  109;-;  170;-; 3538;-; 3301;-;  233;-;    4;-;    6;-;   11;-;  121;-;  123;-;   98;-;   20;-
4607;5027;05;A;  52;100304; 4;w;10; 4190;-; 2857;-;  259;-;  263;-; 3840;-; 3606;-;  223;-;   11;-;   17;-;   11;-;  104;-;  144;-;  112;-;   74;-; 2572;-; 2339;-;  227;-;    6;-;    8;-;    3;-;  105;-;  155;-;  119;-;   14;-
4607;5027;05;A;  52;100304; 4;w;11; 3317;-; 2414;-;  269;-;  286;-; 3019;-; 2806;-;  209;-;    4;-;   12;-;    4;-;  101;-;  164;-;  118;-;   17;-; 2098;-; 1884;-;  211;-;    3;-;   18;-;    5;-;  114;-;  167;-;  137;-;   12;-
4607;5027;05;A;  52;100304; 4;w;12; 2769;-; 2493;-;  255;-;  251;-; 2468;-; 2260;-;  205;-;    3;-;   14;-;    6;-;  108;-;  141;-;  107;-;   32;-; 2214;-; 1972;-;  235;-;    7;-;   12;-;    1;-;   98;-;  152;-;  114;-;   16;-
4607;5027;05;A;  52;100304; 4;w;13; 2678;-; 2915;-;  209;-;  265;-; 2441;-; 2233;-;  204;-;    4;-;   10;-;    5;-;   68;-;  136;-;  103;-;   18;-; 2631;-; 2428;-;  198;-;    5;-;    8;-;    6;-;  106;-;  153;-;  125;-;   11;-
4607;5027;05;A;  52;100304; 4;w;14; 3056;-; 3396;-;  222;-;  206;-; 2798;-; 2587;-;  202;-;    9;-;   20;-;    3;-;   92;-;  127;-;  101;-;   16;-; 3170;-; 2917;-;  250;-;    3;-;    8;-;    5;-;   75;-;  126;-;  101;-;   12;-
4607;5027;05;A;  52;100304; 4;w;15; 2841;-; 4136;-;  211;-;  252;-; 2600;-; 2398;-;  192;-;   10;-;   11;-;    2;-;   65;-;  144;-;  116;-;   19;-; 3847;-; 3586;-;  256;-;    5;-;   22;-;   12;-;   99;-;  141;-;  106;-;   15;-
4607;5027;05;A;  52;100304; 4;w;16; 2994;-; 5088;-;  214;-;  207;-; 2751;-; 2539;-;  205;-;    7;-;    6;-;    3;-;   80;-;  131;-;  110;-;   23;-; 4844;-; 4518;-;  320;-;    6;-;   25;-;    3;-;   87;-;  117;-;   92;-;   12;-
4607;5027;05;A;  52;100304; 4;w;17; 3386;-; 5802;-;  163;-;  177;-; 3184;-; 2975;-;  198;-;   11;-;   15;-;    4;-;   57;-;  102;-;   80;-;   24;-; 5583;-; 5317;-;  254;-;   12;-;   24;-;    8;-;   52;-;  117;-;   91;-;   18;-
4607;5027;05;A;  52;100304; 4;w;18; 3624;-; 5698;-;  132;-;  129;-; 3456;-; 3320;-;  132;-;    4;-;    7;-;    2;-;   41;-;   89;-;   75;-;   29;-; 5538;-; 5366;-;  160;-;   12;-;   20;-;    2;-;   42;-;   85;-;   68;-;   11;-
4607;5027;05;A;  52;100304; 4;w;19; 3370;-; 5090;-;  102;-;   90;-; 3231;-; 3082;-;  141;-;    8;-;    8;-;    0;-;   28;-;   74;-;   61;-;   29;-; 4971;-; 4800;-;  164;-;    7;-;   15;-;    1;-;   22;-;   67;-;   52;-;   14;-
4607;5027;05;A;  52;100304; 4;w;20; 2486;-; 3591;-;   78;-;   77;-; 2366;-; 2252;-;  109;-;    5;-;    6;-;    5;-;   18;-;   55;-;   49;-;   36;-; 3485;-; 3345;-;  135;-;    5;-;   13;-;    1;-;   19;-;   57;-;   43;-;   16;-
4607;5027;05;A;  52;100304; 4;w;21; 1571;-; 2203;-;   60;-;   74;-; 1498;-; 1408;-;   88;-;    2;-;    3;-;    5;-;   12;-;   43;-;   33;-;   10;-; 2115;-; 1976;-;  133;-;    6;-;    5;-;    5;-;   14;-;   55;-;   34;-;    9;-
4607;5027;05;A;  52;100304; 4;w;22; 1305;-; 1786;-;   57;-;   61;-; 1239;-; 1169;-;   67;-;    3;-;    1;-;    3;-;   10;-;   44;-;   27;-;    8;-; 1709;-; 1602;-;  101;-;    6;-;    2;-;    2;-;   13;-;   46;-;   35;-;   14;-
4607;5027;05;A;  52;100304; 4;w;23;  929;-; 1430;-;   51;-;   55;-;  864;-;  795;-;   65;-;    4;-;    1;-;    3;-;   11;-;   37;-;   23;-;   13;-; 1371;-; 1281;-;   83;-;    7;-;    1;-;    1;-;    6;-;   48;-;   37;-;    3;-
4607;5027;05;A;  52;100304; 4;w;24;  542;-; 1093;-;   31;-;   55;-;  507;-;  454;-;   52;-;    1;-;    1;-;    0;-;    7;-;   24;-;   19;-;    3;-; 1028;-;  955;-;   71;-;    2;-;    3;-;    2;-;    5;-;   48;-;   30;-;    7;-
4607;5027;05;A;  52;100305; 5;w;01;  263;-;  314;-;   35;-;   34;-;  226;-;  194;-;   32;-;    0;-;    1;-;    2;-;    9;-;   24;-;   17;-;    1;-;  278;-;  250;-;   28;-;    0;-;    0;-;    4;-;    2;-;   28;-;   18;-;    2;-
4607;5027;05;A;  52;100305; 5;w;02;  156;-;  179;-;   45;-;   32;-;  109;-;   90;-;   19;-;    0;-;    0;-;    1;-;   10;-;   34;-;   21;-;    2;-;  146;-;  127;-;   18;-;    1;-;    1;-;    0;-;    8;-;   24;-;   19;-;    0;-
4607;5027;05;A;  52;100305; 5;w;03;  144;-;  124;-;   42;-;   38;-;  102;-;   90;-;   12;-;    0;-;    0;-;    0;-;   13;-;   29;-;   17;-;    0;-;   86;-;   68;-;   18;-;    0;-;    0;-;    0;-;   10;-;   28;-;   20;-;    0;-
4607;5027;05;A;  52;100305; 5;w;04;  408;-;  183;-;   75;-;   49;-;  329;-;  287;-;   39;-;    3;-;    3;-;    6;-;   21;-;   48;-;   31;-;    1;-;  132;-;  102;-;   30;-;    0;-;    2;-;    4;-;   27;-;   18;-;   13;-;    0;-
4607;5027;05;A;  52;100305; 5;w;05;  806;-;  364;-;   85;-;   82;-;  714;-;  660;-;   54;-;    0;-;    1;-;    4;-;   38;-;   43;-;   26;-;    6;-;  279;-;  241;-;   38;-;    0;-;    1;-;    2;-;   34;-;   46;-;   32;-;    2;-
4607;5027;05;A;  52;100305; 5;w;06; 2244;-;  761;-;  187;-;  132;-; 2040;-; 1925;-;  106;-;    9;-;    1;-;    2;-;   80;-;  105;-;   79;-;   16;-;  623;-;  560;-;   62;-;    1;-;    1;-;    1;-;   44;-;   87;-;   49;-;    5;-
4607;5027;05;A;  52;100305; 5;w;07; 5071;-; 1844;-;  267;-;  131;-; 4731;-; 4488;-;  232;-;   11;-;   20;-;    5;-;  101;-;  161;-;  124;-;   53;-; 1689;-; 1554;-;  131;-;    4;-;    8;-;    1;-;   56;-;   74;-;   49;-;   16;-
4607;5027;05;A;  52;100305; 5;w;08; 6498;-; 3301;-;  232;-;  200;-; 6137;-; 5907;-;  218;-;   12;-;   21;-;    8;-;   88;-;  136;-;  101;-;  108;-; 3068;-; 2886;-;  177;-;    5;-;   11;-;    4;-;   92;-;  104;-;   75;-;   22;-
4607;5027;05;A;  52;100305; 5;w;09; 5601;-; 3680;-;  268;-;  223;-; 5137;-; 4906;-;  207;-;   24;-;   13;-;    6;-;  116;-;  146;-;  109;-;  183;-; 3428;-; 3190;-;  234;-;    4;-;   12;-;    6;-;  110;-;  107;-;   82;-;   17;-
4607;5027;05;A;  52;100305; 5;w;10; 3797;-; 2707;-;  274;-;  281;-; 3471;-; 3276;-;  187;-;    8;-;    7;-;    6;-;  106;-;  162;-;  118;-;   45;-; 2397;-; 2143;-;  248;-;    6;-;   12;-;    6;-;  117;-;  158;-;  125;-;   17;-
4607;5027;05;A;  52;100305; 5;w;11; 2835;-; 2338;-;  231;-;  255;-; 2559;-; 2346;-;  212;-;    1;-;   19;-;    4;-;   74;-;  153;-;  111;-;   26;-; 2054;-; 1844;-;  208;-;    2;-;   17;-;    6;-;  107;-;  142;-;  108;-;   12;-
4607;5027;05;A;  52;100305; 5;w;12; 2710;-; 2675;-;  267;-;  272;-; 2414;-; 2214;-;  198;-;    2;-;   15;-;    3;-;  103;-;  161;-;  132;-;   14;-; 2380;-; 2113;-;  265;-;    2;-;   14;-;    3;-;  109;-;  160;-;  123;-;    9;-
4607;5027;05;A;  52;100305; 5;w;13; 2926;-; 3727;-;  209;-;  254;-; 2684;-; 2480;-;  196;-;    8;-;   10;-;    2;-;   81;-;  126;-;   93;-;   23;-; 3447;-; 3170;-;  271;-;    6;-;   18;-;    5;-;   90;-;  159;-;  116;-;    8;-
4607;5027;05;A;  52;100305; 5;w;14; 3197;-; 4470;-;  225;-;  228;-; 2930;-; 2733;-;  194;-;    3;-;   12;-;    2;-;   95;-;  128;-;  103;-;   30;-; 4204;-; 3932;-;  267;-;    5;-;   18;-;    4;-;  104;-;  120;-;   93;-;   20;-
4607;5027;05;A;  52;100305; 5;w;15; 3218;-; 5265;-;  183;-;  220;-; 2990;-; 2804;-;  180;-;    6;-;   20;-;    2;-;   77;-;  104;-;   81;-;   25;-; 5018;-; 4786;-;  226;-;    6;-;   17;-;   10;-;   88;-;  122;-;   83;-;   10;-
4607;5027;05;A;  52;100305; 5;w;16; 3501;-; 5176;-;  185;-;  171;-; 3284;-; 3116;-;  165;-;    3;-;   13;-;    4;-;   76;-;  105;-;   77;-;   19;-; 4963;-; 4736;-;  224;-;    3;-;   20;-;    2;-;   59;-;  110;-;   80;-;   22;-
4607;5027;05;A;  52;100305; 5;w;17; 3595;-; 5330;-;  129;-;  156;-; 3430;-; 3261;-;  164;-;    5;-;   15;-;    4;-;   35;-;   90;-;   65;-;   21;-; 5135;-; 4912;-;  212;-;   11;-;   25;-;    6;-;   47;-;  103;-;   78;-;   14;-
4607;5027;05;A;  52;100305; 5;w;18; 3465;-; 4946;-;  106;-;  122;-; 3313;-; 3168;-;  138;-;    7;-;   13;-;    3;-;   44;-;   59;-;   44;-;   33;-; 4802;-; 4658;-;  138;-;    6;-;    9;-;    6;-;   39;-;   77;-;   59;-;   13;-
4607;5027;05;A;  52;100305; 5;w;19; 3070;-; 4284;-;   89;-;   88;-; 2947;-; 2828;-;  116;-;    3;-;    5;-;    2;-;   27;-;   60;-;   44;-;   29;-; 4171;-; 4037;-;  130;-;    4;-;    5;-;    3;-;   26;-;   59;-;   52;-;   20;-
4607;5027;05;A;  52;100305; 5;w;20; 2452;-; 3023;-;   56;-;   79;-; 2374;-; 2281;-;   89;-;    4;-;    2;-;    6;-;   14;-;   36;-;   29;-;   20;-; 2926;-; 2831;-;   95;-;    0;-;    7;-;    4;-;   24;-;   51;-;   34;-;   11;-
4607;5027;05;A;  52;100305; 5;w;21; 1492;-; 2296;-;   48;-;   69;-; 1431;-; 1383;-;   45;-;    3;-;    4;-;    3;-;   16;-;   29;-;   21;-;    9;-; 2212;-; 2130;-;   79;-;    3;-;    7;-;    4;-;   14;-;   51;-;   29;-;    8;-
4607;5027;05;A;  52;100305; 5;w;22; 1434;-; 1442;-;   74;-;   45;-; 1351;-; 1295;-;   55;-;    1;-;    1;-;    8;-;   20;-;   46;-;   33;-;    8;-; 1385;-; 1316;-;   66;-;    3;-;    5;-;    2;-;   10;-;   33;-;   21;-;    7;-
4607;5027;05;A;  52;100305; 5;w;23; 1072;-; 1576;-;   52;-;   50;-; 1010;-;  975;-;   34;-;    1;-;    2;-;    9;-;   13;-;   30;-;   24;-;    8;-; 1518;-; 1476;-;   40;-;    2;-;    2;-;    2;-;   19;-;   29;-;   18;-;    6;-
4607;5027;05;A;  52;100305; 5;w;24;  776;-; 1424;-;   30;-;   62;-;  742;-;  712;-;   28;-;    2;-;    1;-;    3;-;    6;-;   21;-;   16;-;    3;-; 1353;-; 1300;-;   50;-;    3;-;    0;-;    7;-;   10;-;   45;-;   31;-;    9;-
4607;5027;05;A;  52;100306; 6;w;01;  473;-;  568;-;   26;-;   31;-;  444;-;  418;-;   25;-;    1;-;    0;-;    1;-;    6;-;   19;-;   12;-;    3;-;  534;-;  514;-;   18;-;    2;-;    2;-;    6;-;    6;-;   19;-;   14;-;    1;-
4607;5027;05;A;  52;100306; 6;w;02;  336;-;  320;-;   31;-;   25;-;  304;-;  283;-;   21;-;    0;-;    0;-;    1;-;   13;-;   17;-;   10;-;    1;-;  295;-;  271;-;   24;-;    0;-;    0;-;    0;-;    3;-;   22;-;   14;-;    0;-
4607;5027;05;A;  52;100306; 6;w;03;  245;-;  257;-;   33;-;   29;-;  210;-;  199;-;   11;-;    0;-;    1;-;    1;-;   11;-;   21;-;   13;-;    1;-;  227;-;  212;-;   14;-;    1;-;    0;-;    0;-;    9;-;   20;-;   14;-;    1;-
4607;5027;05;A;  52;100306; 6;w;04;  388;-;  237;-;   38;-;   37;-;  348;-;  319;-;   29;-;    0;-;    1;-;    3;-;   10;-;   25;-;   13;-;    1;-;  198;-;  177;-;   21;-;    0;-;    1;-;    0;-;   19;-;   18;-;    9;-;    1;-
4607;5027;05;A;  52;100306; 6;w;05;  613;-;  389;-;   32;-;   45;-;  579;-;  535;-;   44;-;    0;-;    1;-;    1;-;   13;-;   18;-;   14;-;    1;-;  344;-;  302;-;   41;-;    1;-;    0;-;    1;-;   28;-;   16;-;   12;-;    0;-
4607;5027;05;A;  52;100306; 6;w;06;  840;-;  476;-;   57;-;   34;-;  766;-;  726;-;   39;-;    1;-;    7;-;    4;-;   22;-;   31;-;   19;-;   10;-;  436;-;  401;-;   33;-;    2;-;    5;-;    1;-;   17;-;   16;-;   15;-;    1;-
4607;5027;05;A;  52;100306; 6;w;07;  798;-;  619;-;   74;-;   40;-;  710;-;  628;-;   81;-;    1;-;    9;-;    6;-;   30;-;   38;-;   26;-;    5;-;  570;-;  518;-;   52;-;    0;-;    8;-;    3;-;   16;-;   21;-;   19;-;    1;-
4607;5027;05;A;  52;100306; 6;w;08; 1061;-;  860;-;   57;-;   54;-;  985;-;  882;-;  101;-;    2;-;   16;-;    7;-;   21;-;   29;-;   25;-;    3;-;  794;-;  711;-;   81;-;    2;-;    8;-;    6;-;   21;-;   27;-;   18;-;    4;-
4607;5027;05;A;  52;100306; 6;w;09; 1584;-; 1250;-;   67;-;   56;-; 1494;-; 1372;-;  117;-;    5;-;    9;-;    2;-;   35;-;   30;-;   21;-;   14;-; 1177;-; 1068;-;  109;-;    0;-;   10;-;    2;-;   32;-;   22;-;   15;-;    7;-
4607;5027;05;A;  52;100306; 6;w;10; 2130;-; 1766;-;   62;-;   63;-; 2033;-; 1910;-;  118;-;    5;-;   16;-;    2;-;   30;-;   30;-;   25;-;   19;-; 1683;-; 1560;-;  121;-;    2;-;   11;-;    3;-;   28;-;   32;-;   27;-;    9;-
4607;5027;05;A;  52;100306; 6;w;11; 2290;-; 1988;-;   56;-;   42;-; 2197;-; 2066;-;  127;-;    4;-;   17;-;    8;-;   31;-;   17;-;   14;-;   20;-; 1921;-; 1774;-;  145;-;    2;-;   14;-;    4;-;   21;-;   17;-;   15;-;   11;-
4607;5027;05;A;  52;100306; 6;w;12; 2520;-; 2186;-;   57;-;   40;-; 2407;-; 2282;-;  121;-;    4;-;   13;-;    3;-;   37;-;   17;-;   16;-;   43;-; 2121;-; 1976;-;  144;-;    1;-;   17;-;    1;-;   16;-;   23;-;   18;-;    8;-
4607;5027;05;A;  52;100306; 6;w;13; 2543;-; 2548;-;   41;-;   45;-; 2465;-; 2327;-;  132;-;    6;-;   11;-;    4;-;   19;-;   18;-;   15;-;   26;-; 2480;-; 2326;-;  151;-;    3;-;   15;-;    4;-;   26;-;   15;-;   12;-;    8;-
4607;5027;05;A;  52;100306; 6;w;14; 2632;-; 2881;-;   30;-;   34;-; 2570;-; 2440;-;  126;-;    4;-;   12;-;    1;-;   16;-;   13;-;   10;-;   20;-; 2829;-; 2686;-;  142;-;    1;-;   11;-;    2;-;   21;-;   11;-;   10;-;    7;-
4607;5027;05;A;  52;100306; 6;w;15; 2521;-; 3017;-;   39;-;   28;-; 2454;-; 2314;-;  136;-;    4;-;   14;-;    4;-;   20;-;   15;-;   12;-;   14;-; 2960;-; 2772;-;  182;-;    6;-;   15;-;    1;-;   17;-;   10;-;    7;-;   14;-
4607;5027;05;A;  52;100306; 6;w;16; 2370;-; 2763;-;   35;-;   37;-; 2305;-; 2202;-;  102;-;    1;-;   13;-;    2;-;   18;-;   15;-;   11;-;   17;-; 2711;-; 2571;-;  131;-;    9;-;    9;-;    5;-;   18;-;   14;-;    8;-;    6;-
4607;5027;05;A;  52;100306; 6;w;17; 2399;-; 2639;-;   21;-;   35;-; 2345;-; 2237;-;  105;-;    3;-;   11;-;    2;-;   17;-;    2;-;    1;-;   22;-; 2586;-; 2464;-;  121;-;    1;-;    8;-;   12;-;   13;-;   10;-;    7;-;   10;-
4607;5027;05;A;  52;100306; 6;w;18; 2419;-; 2477;-;   19;-;   20;-; 2366;-; 2264;-;  100;-;    2;-;    5;-;    5;-;    6;-;    8;-;    8;-;   29;-; 2438;-; 2318;-;  118;-;    2;-;    8;-;    2;-;   11;-;    7;-;    6;-;   11;-
4607;5027;05;A;  52;100306; 6;w;19; 2478;-; 2479;-;   22;-;   25;-; 2423;-; 2324;-;   94;-;    5;-;    3;-;    1;-;   13;-;    8;-;    8;-;   30;-; 2440;-; 2335;-;  102;-;    3;-;    6;-;    7;-;   11;-;    7;-;    6;-;    8;-
4607;5027;05;A;  52;100306; 6;w;20; 1910;-; 1918;-;   15;-;   14;-; 1875;-; 1782;-;   91;-;    2;-;    8;-;    3;-;    6;-;    6;-;    6;-;   12;-; 1894;-; 1807;-;   85;-;    2;-;    3;-;    2;-;   10;-;    2;-;    2;-;    7;-
4607;5027;05;A;  52;100306; 6;w;21; 1444;-; 1458;-;   12;-;    7;-; 1424;-; 1358;-;   65;-;    1;-;    1;-;    1;-;    8;-;    3;-;    3;-;    7;-; 1448;-; 1381;-;   66;-;    1;-;    3;-;    0;-;    4;-;    3;-;    3;-;    0;-
4607;5027;05;A;  52;100306; 6;w;22; 1489;-;  999;-;   17;-;   12;-; 1460;-; 1391;-;   67;-;    2;-;    2;-;    5;-;   11;-;    1;-;    1;-;   10;-;  979;-;  926;-;   53;-;    0;-;    5;-;    2;-;    7;-;    3;-;    3;-;    3;-
4607;5027;05;A;  52;100306; 6;w;23; 1212;-; 1081;-;   12;-;   10;-; 1194;-; 1132;-;   58;-;    4;-;    0;-;    3;-;    6;-;    3;-;    3;-;    6;-; 1065;-; 1010;-;   53;-;    2;-;    1;-;    2;-;    6;-;    2;-;    2;-;    5;-
4607;5027;05;A;  52;100306; 6;w;24; 1002;-; 1299;-;    5;-;    8;-;  987;-;  946;-;   40;-;    1;-;    2;-;    0;-;    4;-;    1;-;    1;-;    8;-; 1286;-; 1240;-;   46;-;    0;-;    2;-;    5;-;    2;-;    1;-;    1;-;    3;-
4607;5027;05;A;  52;100307; 7;s;01;  669;-;  744;-;    5;-;    3;-;  658;-;  616;-;   42;-;    0;-;    1;-;    0;-;    4;-;    1;-;    1;-;    5;-;  740;-;  696;-;   43;-;    1;-;    0;-;    1;-;    1;-;    1;-;    0;-;    1;-
4607;5027;05;A;  52;100307; 7;s;02;  484;-;  512;-;    3;-;    2;-;  479;-;  456;-;   23;-;    0;-;    0;-;    0;-;    1;-;    2;-;    1;-;    2;-;  508;-;  479;-;   29;-;    0;-;    0;-;    0;-;    1;-;    1;-;    0;-;    2;-
4607;5027;05;A;  52;100307; 7;s;03;  308;-;  309;-;    8;-;    1;-;  299;-;  281;-;   17;-;    1;-;    0;-;    1;-;    5;-;    2;-;    0;-;    1;-;  306;-;  284;-;   22;-;    0;-;    0;-;    1;-;    0;-;    0;-;    0;-;    2;-
4607;5027;05;A;  52;100307; 7;s;04;  415;-;  281;-;    5;-;    4;-;  403;-;  378;-;   25;-;    0;-;    2;-;    0;-;    4;-;    1;-;    1;-;    5;-;  277;-;  250;-;   27;-;    0;-;    0;-;    1;-;    3;-;    0;-;    0;-;    0;-
4607;5027;05;A;  52;100307; 7;s;05;  476;-;  384;-;    9;-;    6;-;  466;-;  432;-;   34;-;    0;-;    0;-;    2;-;    2;-;    5;-;    4;-;    1;-;  376;-;  346;-;   30;-;    0;-;    1;-;    4;-;    2;-;    0;-;    0;-;    1;-
4607;5027;05;A;  52;100307; 7;s;06;  597;-;  399;-;   13;-;   12;-;  582;-;  542;-;   40;-;    0;-;    2;-;    1;-;    8;-;    4;-;    1;-;    0;-;  382;-;  359;-;   22;-;    1;-;    3;-;    2;-;    9;-;    1;-;    0;-;    2;-
4607;5027;05;A;  52;100307; 7;s;07;  463;-;  425;-;   12;-;    8;-;  439;-;  401;-;   37;-;    1;-;    7;-;    2;-;    6;-;    4;-;    4;-;    5;-;  413;-;  381;-;   32;-;    0;-;    2;-;    4;-;    3;-;    1;-;    1;-;    2;-
4607;5027;05;A;  52;100307; 7;s;08;  526;-;  454;-;    9;-;    9;-;  505;-;  444;-;   61;-;    0;-;    8;-;    1;-;    2;-;    6;-;    4;-;    4;-;  440;-;  400;-;   39;-;    1;-;    4;-;    1;-;    6;-;    2;-;    1;-;    1;-
4607;5027;05;A;  52;100307; 7;s;09;  840;-;  733;-;   10;-;   12;-;  824;-;  751;-;   71;-;    2;-;    2;-;    1;-;    4;-;    5;-;    5;-;    4;-;  712;-;  652;-;   58;-;    2;-;    4;-;    5;-;    4;-;    3;-;    3;-;    5;-
4607;5027;05;A;  52;100307; 7;s;10; 1357;-; 1124;-;   16;-;    8;-; 1329;-; 1249;-;   78;-;    2;-;    2;-;    5;-;    3;-;    8;-;    6;-;   10;-; 1106;-; 1032;-;   72;-;    2;-;    4;-;    4;-;    2;-;    2;-;    2;-;    6;-
4607;5027;05;A;  52;100307; 7;s;11; 1609;-; 1579;-;   14;-;   18;-; 1578;-; 1504;-;   74;-;    0;-;   10;-;    5;-;    4;-;    5;-;    5;-;    7;-; 1549;-; 1453;-;   88;-;    8;-;    5;-;    5;-;    6;-;    7;-;    6;-;    7;-
4607;5027;05;A;  52;100307; 7;s;12; 1943;-; 1799;-;   13;-;    8;-; 1909;-; 1822;-;   82;-;    5;-;    6;-;    2;-;    7;-;    4;-;    3;-;   15;-; 1774;-; 1678;-;   92;-;    4;-;    6;-;    2;-;    2;-;    4;-;    4;-;   11;-
4607;5027;05;A;  52;100307; 7;s;13; 2273;-; 1995;-;   11;-;   12;-; 2242;-; 2152;-;   82;-;    8;-;    5;-;    0;-;    6;-;    5;-;    5;-;   15;-; 1969;-; 1873;-;   91;-;    5;-;    7;-;    2;-;    7;-;    3;-;    3;-;    7;-
4607;5027;05;A;  52;100307; 7;s;14; 2663;-; 2332;-;   10;-;   10;-; 2626;-; 2541;-;   79;-;    6;-;    9;-;    1;-;    4;-;    5;-;    4;-;   18;-; 2308;-; 2208;-;   96;-;    4;-;    7;-;    1;-;    5;-;    4;-;    3;-;    7;-
4607;5027;05;A;  52;100307; 7;s;15; 2719;-; 2710;-;   11;-;   16;-; 2675;-; 2583;-;   84;-;    8;-;    9;-;    1;-;    2;-;    8;-;    8;-;   24;-; 2678;-; 2566;-;  108;-;    4;-;    6;-;    5;-;    5;-;    6;-;    2;-;   10;-
4607;5027;05;A;  52;100307; 7;s;16; 2724;-; 2456;-;   18;-;    9;-; 2679;-; 2575;-;   94;-;   10;-;    6;-;    3;-;    8;-;    7;-;    6;-;   21;-; 2427;-; 2319;-;  102;-;    6;-;    7;-;    2;-;    6;-;    1;-;    1;-;   13;-
4607;5027;05;A;  52;100307; 7;s;17; 2685;-; 2282;-;   14;-;    7;-; 2632;-; 2531;-;   92;-;    9;-;   14;-;    4;-;    6;-;    4;-;    3;-;   25;-; 2258;-; 2161;-;   96;-;    1;-;    6;-;    2;-;    4;-;    1;-;    1;-;   11;-
4607;5027;05;A;  52;100307; 7;s;18; 3121;-; 2562;-;   23;-;   19;-; 3074;-; 2970;-;   97;-;    7;-;   15;-;    5;-;    9;-;    9;-;    9;-;    9;-; 2516;-; 2410;-;  100;-;    6;-;   13;-;    4;-;    8;-;    7;-;    6;-;   14;-
4607;5027;05;A;  52;100307; 7;s;19; 2708;-; 2523;-;   23;-;   15;-; 2655;-; 2543;-;  105;-;    7;-;    6;-;    5;-;    8;-;   10;-;    9;-;   24;-; 2477;-; 2365;-;  110;-;    2;-;   15;-;    3;-;    7;-;    5;-;    5;-;   16;-
4607;5027;05;A;  52;100307; 7;s;20; 2094;-; 1863;-;   28;-;   24;-; 2042;-; 1972;-;   66;-;    4;-;   10;-;    3;-;   10;-;   15;-;   12;-;   14;-; 1826;-; 1748;-;   77;-;    1;-;    8;-;    8;-;    9;-;    7;-;    6;-;    5;-
4607;5027;05;A;  52;100307; 7;s;21; 1625;-; 1554;-;   24;-;   17;-; 1578;-; 1503;-;   73;-;    2;-;    9;-;    1;-;   12;-;   11;-;   10;-;   14;-; 1531;-; 1449;-;   80;-;    2;-;    1;-;    2;-;    7;-;    8;-;    7;-;    5;-
4607;5027;05;A;  52;100307; 7;s;22; 1381;-; 1437;-;   24;-;   18;-; 1345;-; 1282;-;   58;-;    5;-;    1;-;    2;-;   11;-;   11;-;   10;-;   11;-; 1416;-; 1345;-;   70;-;    1;-;    0;-;    4;-;    4;-;   10;-;    8;-;    3;-
4607;5027;05;A;  52;100307; 7;s;23;  875;-; 1107;-;   40;-;   29;-;  826;-;  781;-;   45;-;    0;-;    4;-;    2;-;   10;-;   28;-;   23;-;    5;-; 1073;-; 1013;-;   60;-;    0;-;    3;-;    6;-;    6;-;   17;-;   16;-;    2;-
4607;5027;05;A;  52;100307; 7;s;24;  477;-;  791;-;   21;-;   23;-;  449;-;  408;-;   41;-;    0;-;    1;-;    1;-;    3;-;   17;-;   11;-;    6;-;  762;-;  719;-;   42;-;    1;-;    3;-;    1;-;    6;-;   16;-;   15;-;    3;-
4607;5027;05;A;  52;100308; 1;w;01;  197;-;  279;-;   20;-;   29;-;  175;-;  152;-;   23;-;    0;-;    1;-;    0;-;    8;-;   12;-;    7;-;    1;-;  249;-;  235;-;   13;-;    1;-;    0;-;    2;-;    6;-;   21;-;   16;-;    1;-
4607;5027;05;A;  52;100308; 1;w;02;  140;-;  156;-;   38;-;   23;-;   99;-;   87;-;   12;-;    0;-;    2;-;    0;-;    7;-;   31;-;   23;-;    1;-;  131;-;  114;-;   17;-;    0;-;    1;-;    0;-;    6;-;   17;-;   13;-;    1;-
4607;5027;05;A;  52;100308; 1;w;03;  125;-;   93;-;   31;-;   20;-;   93;-;   85;-;    8;-;    0;-;    0;-;    0;-;   12;-;   19;-;   14;-;    1;-;   72;-;   63;-;    9;-;    0;-;    0;-;    0;-;    7;-;   13;-;   10;-;    1;-
4607;5027;05;A;  52;100308; 1;w;04;  290;-;  142;-;   43;-;   42;-;  245;-;  221;-;   23;-;    1;-;    1;-;    0;-;   14;-;   29;-;   25;-;    1;-;   99;-;   80;-;   19;-;    0;-;    0;-;    3;-;   19;-;   20;-;   17;-;    1;-
4607;5027;05;A;  52;100308; 1;w;05;  862;-;  332;-;   88;-;   84;-;  765;-;  729;-;   35;-;    1;-;    1;-;    7;-;   39;-;   42;-;   31;-;    8;-;  247;-;  210;-;   37;-;    0;-;    1;-;    3;-;   39;-;   42;-;   37;-;    0;-
4607;5027;05;A;  52;100308; 1;w;06; 2746;-;  828;-;  191;-;   95;-; 2534;-; 2423;-;  106;-;    5;-;    6;-;    4;-;   64;-;  123;-;  111;-;   15;-;  730;-;  662;-;   68;-;    0;-;    3;-;    1;-;   31;-;   63;-;   50;-;    0;-
4607;5027;05;A;  52;100308; 1;w;07; 5375;-; 2061;-;  221;-;  129;-; 5107;-; 4870;-;  230;-;    7;-;   13;-;    7;-;   86;-;  128;-;  104;-;   34;-; 1912;-; 1765;-;  144;-;    3;-;    9;-;    2;-;   55;-;   72;-;   59;-;   11;-
4607;5027;05;A;  52;100308; 1;w;08; 6766;-; 3521;-;  232;-;  173;-; 6474;-; 6260;-;  207;-;    7;-;   27;-;    4;-;   94;-;  134;-;  109;-;   33;-; 3323;-; 3109;-;  210;-;    4;-;   10;-;    2;-;   69;-;  102;-;   75;-;   15;-
4607;5027;05;A;  52;100308; 1;w;09; 6170;-; 3862;-;  252;-;  241;-; 5854;-; 5668;-;  175;-;   11;-;   24;-;    9;-;  111;-;  132;-;  103;-;   40;-; 3590;-; 3365;-;  223;-;    2;-;    7;-;    5;-;  127;-;  109;-;   80;-;   24;-
4607;5027;05;A;  52;100308; 1;w;10; 4303;-; 2719;-;  247;-;  262;-; 3978;-; 3728;-;  232;-;   18;-;   13;-;    2;-;   92;-;  153;-;  124;-;   65;-; 2435;-; 2240;-;  193;-;    2;-;    9;-;    4;-;  116;-;  142;-;  110;-;   13;-
4607;5027;05;A;  52;100308; 1;w;11; 3259;-; 2333;-;  267;-;  254;-; 2918;-; 2694;-;  215;-;    9;-;   18;-;    0;-;   93;-;  174;-;  126;-;   56;-; 2059;-; 1844;-;  211;-;    4;-;   10;-;    4;-;  112;-;  138;-;  102;-;   10;-
4607;5027;05;A;  52;100308; 1;w;12; 2737;-; 2340;-;  259;-;  247;-; 2455;-; 2248;-;  203;-;    4;-;   10;-;    5;-;   95;-;  159;-;  131;-;   13;-; 2073;-; 1846;-;  224;-;    3;-;    9;-;    5;-;   88;-;  154;-;  122;-;   11;-
4607;5027;05;A;  52;100308; 1;w;13; 2817;-; 2661;-;  255;-;  230;-; 2507;-; 2340;-;  161;-;    6;-;   18;-;    4;-;   99;-;  152;-;  129;-;   37;-; 2410;-; 2202;-;  206;-;    2;-;   14;-;    3;-;   98;-;  129;-;  101;-;    7;-
4607;5027;05;A;  52;100308; 1;w;14; 2905;-; 3192;-;  240;-;  213;-; 2644;-; 2457;-;  182;-;    5;-;    7;-;    2;-;   86;-;  152;-;  123;-;   14;-; 2954;-; 2723;-;  230;-;    1;-;   11;-;    5;-;   84;-;  124;-;   98;-;   14;-
4607;5027;05;A;  52;100308; 1;w;15; 2618;-; 3606;-;  228;-;  235;-; 2353;-; 2152;-;  192;-;    9;-;   15;-;    0;-;   94;-;  134;-;  111;-;   22;-; 3344;-; 3124;-;  217;-;    3;-;   18;-;    3;-;   97;-;  135;-;  102;-;    9;-
4607;5027;05;A;  52;100308; 1;w;16; 2773;-; 4594;-;  189;-;  223;-; 2551;-; 2356;-;  189;-;    6;-;   11;-;    2;-;   66;-;  121;-;   89;-;   22;-; 4336;-; 4038;-;  292;-;    6;-;   18;-;    3;-;   85;-;  135;-;  103;-;   17;-
4607;5027;05;A;  52;100308; 1;w;17; 3216;-; 5576;-;  142;-;  169;-; 3039;-; 2846;-;  183;-;   10;-;   14;-;    1;-;   52;-;   89;-;   74;-;   21;-; 5379;-; 5101;-;  272;-;    6;-;   15;-;   12;-;   52;-;  105;-;   78;-;   13;-
4607;5027;05;A;  52;100308; 1;w;18; 3401;-; 5850;-;  122;-;  148;-; 3242;-; 3090;-;  142;-;   10;-;    0;-;    2;-;   25;-;   95;-;   78;-;   37;-; 5676;-; 5495;-;  176;-;    5;-;   10;-;    5;-;   47;-;   96;-;   72;-;   16;-
4607;5027;05;A;  52;100308; 1;w;19; 2990;-; 4794;-;   84;-;   80;-; 2833;-; 2703;-;  122;-;    8;-;    8;-;    1;-;   20;-;   63;-;   47;-;   65;-; 4686;-; 4526;-;  151;-;    9;-;    9;-;    2;-;   21;-;   57;-;   44;-;   19;-
4607;5027;05;A;  52;100308; 1;w;20; 2133;-; 3079;-;   68;-;   71;-; 2036;-; 1939;-;   95;-;    2;-;    5;-;    1;-;   18;-;   49;-;   37;-;   24;-; 2993;-; 2841;-;  145;-;    7;-;    4;-;    0;-;   19;-;   52;-;   38;-;   11;-
4607;5027;05;A;  52;100308; 1;w;21; 1471;-; 1982;-;   57;-;   62;-; 1390;-; 1325;-;   62;-;    3;-;    4;-;    4;-;   12;-;   41;-;   27;-;   20;-; 1910;-; 1794;-;  115;-;    1;-;    1;-;    8;-;   10;-;   44;-;   30;-;    9;-
4607;5027;05;A;  52;100308; 1;w;22; 1192;-; 1445;-;   43;-;   49;-; 1143;-; 1064;-;   77;-;    2;-;    1;-;    2;-;   12;-;   29;-;   23;-;    5;-; 1382;-; 1271;-;  108;-;    3;-;    3;-;    1;-;   11;-;   37;-;   21;-;   11;-
4607;5027;05;A;  52;100308; 1;w;23;  722;-; 1335;-;   44;-;   59;-;  674;-;  606;-;   66;-;    2;-;    1;-;    1;-;    6;-;   37;-;   24;-;    3;-; 1267;-; 1193;-;   72;-;    2;-;    2;-;    0;-;   12;-;   47;-;   38;-;    7;-
4607;5027;05;A;  52;100308; 1;w;24;  397;-;  728;-;   38;-;   51;-;  354;-;  326;-;   28;-;    0;-;    0;-;    0;-;    9;-;   29;-;   21;-;    5;-;  672;-;  612;-;   59;-;    1;-;    2;-;    1;-;    9;-;   41;-;   25;-;    3;-
4607;5027;05;A;  52;100309; 2;w;01;  230;-;  226;-;   44;-;   25;-;  185;-;  152;-;   32;-;    1;-;    1;-;    1;-;    8;-;   35;-;   26;-;    0;-;  199;-;  180;-;   19;-;    0;-;    1;-;    3;-;    3;-;   19;-;   12;-;    1;-
4607;5027;05;A;  52;100309; 2;w;02;  130;-;  155;-;   35;-;   33;-;   94;-;   71;-;   23;-;    0;-;    0;-;    1;-;    8;-;   26;-;   21;-;    1;-;  120;-;  103;-;   17;-;    0;-;    0;-;    0;-;    6;-;   27;-;   19;-;    2;-
4607;5027;05;A;  52;100309; 2;w;03;  149;-;  104;-;   51;-;   36;-;   97;-;   84;-;   13;-;    0;-;    0;-;    0;-;   11;-;   40;-;   27;-;    1;-;   67;-;   55;-;   12;-;    0;-;    0;-;    0;-;   15;-;   21;-;   13;-;    1;-
4607;5027;05;A;  52;100309; 2;w;04;  362;-;  198;-;   59;-;   70;-;  300;-;  269;-;   31;-;    0;-;    2;-;    0;-;   20;-;   39;-;   26;-;    1;-;  128;-;  103;-;   25;-;    0;-;    0;-;    1;-;   27;-;   42;-;   31;-;    0;-
4607;5027;05;A;  52;100309; 2;w;05;  790;-;  341;-;  102;-;   80;-;  684;-;  642;-;   41;-;    1;-;    1;-;    5;-;   39;-;   58;-;   40;-;    3;-;  260;-;  221;-;   39;-;    0;-;    1;-;    1;-;   34;-;   45;-;   33;-;    0;-
4607;5027;05;A;  52;100309; 2;w;06; 2539;-;  754;-;  176;-;  105;-; 2341;-; 2247;-;   89;-;    5;-;    4;-;    2;-;   67;-;  107;-;   86;-;   18;-;  642;-;  577;-;   63;-;    2;-;    2;-;    2;-;   38;-;   65;-;   54;-;    5;-
4607;5027;05;A;  52;100309; 2;w;07; 5240;-; 1968;-;  212;-;  138;-; 4964;-; 4709;-;  245;-;   10;-;   13;-;    6;-;   86;-;  120;-;   79;-;   51;-; 1811;-; 1648;-;  161;-;    2;-;    9;-;    2;-;   53;-;   83;-;   70;-;   10;-
4607;5027;05;A;  52;100309; 2;w;08; 6506;-; 3405;-;  232;-;  183;-; 6178;-; 5927;-;  243;-;    8;-;   19;-;    9;-;   96;-;  127;-;   94;-;   77;-; 3201;-; 3011;-;  184;-;    6;-;    7;-;    2;-;   80;-;  101;-;   71;-;   14;-
4607;5027;05;A;  52;100309; 2;w;09; 6269;-; 3877;-;  233;-;  260;-; 5957;-; 5769;-;  180;-;    8;-;   14;-;    7;-;   91;-;  135;-;  108;-;   65;-; 3570;-; 3371;-;  194;-;    5;-;    9;-;    2;-;  130;-;  128;-;   92;-;   38;-
4607;5027;05;A;  52;100309; 2;w;10; 4573;-; 2745;-;  276;-;  267;-; 4228;-; 4003;-;  215;-;   10;-;   21;-;    7;-;  108;-;  161;-;  117;-;   48;-; 2447;-; 2242;-;  203;-;    2;-;   11;-;    4;-;  118;-;  145;-;  104;-;   20;-
4607;5027;05;A;  52;100309; 2;w;11; 3025;-; 2302;-;  212;-;  236;-; 2785;-; 2574;-;  209;-;    2;-;   16;-;    4;-;   82;-;  126;-;   98;-;   12;-; 2050;-; 1843;-;  205;-;    2;-;   10;-;    1;-;   88;-;  147;-;  119;-;    6;-
4607;5027;05;A;  52;100309; 2;w;12; 2771;-; 2461;-;  218;-;  235;-; 2518;-; 2303;-;  208;-;    7;-;    4;-;    3;-;   84;-;  131;-;  102;-;   31;-; 2202;-; 1962;-;  235;-;    5;-;   18;-;    3;-;   77;-;  155;-;  119;-;    6;-
4607;5027;05;A;  52;100309; 2;w;13; 2740;-; 2843;-;  235;-;  241;-; 2471;-; 2297;-;  172;-;    2;-;   16;-;    1;-;   88;-;  146;-;  113;-;   18;-; 2578;-; 2346;-;  225;-;    7;-;   15;-;    5;-;  107;-;  129;-;   97;-;    9;-
4607;5027;05;A;  52;100309; 2;w;14; 2993;-; 3365;-;  213;-;  234;-; 2745;-; 2568;-;  168;-;    9;-;   17;-;    2;-;   73;-;  138;-;  111;-;   18;-; 3110;-; 2895;-;  212;-;    3;-;   14;-;    2;-;   90;-;  142;-;  110;-;    7;-
4607;5027;05;A;  52;100309; 2;w;15; 2770;-; 3907;-;  238;-;  242;-; 2498;-; 2318;-;  177;-;    3;-;   11;-;    6;-;   87;-;  145;-;  118;-;   23;-; 3640;-; 3372;-;  265;-;    3;-;   18;-;    6;-;  121;-;  115;-;   87;-;    7;-
4607;5027;05;A;  52;100309; 2;w;16; 3003;-; 4881;-;  200;-;  201;-; 2773;-; 2563;-;  205;-;    5;-;   14;-;    1;-;   80;-;  119;-;   86;-;   16;-; 4639;-; 4325;-;  306;-;    8;-;   20;-;    5;-;   82;-;  114;-;   86;-;   21;-
4607;5027;05;A;  52;100309; 2;w;17; 3347;-; 5761;-;  193;-;  183;-; 3125;-; 2949;-;  173;-;    3;-;    9;-;    5;-;   70;-;  118;-;   93;-;   20;-; 5535;-; 5285;-;  242;-;    8;-;   29;-;   12;-;   61;-;  110;-;   81;-;   14;-
4607;5027;05;A;  52;100309; 2;w;18; 3395;-; 5875;-;  124;-;  118;-; 3242;-; 3095;-;  139;-;    8;-;   12;-;    5;-;   38;-;   81;-;   58;-;   17;-; 5722;-; 5551;-;  161;-;   10;-;   20;-;    4;-;   31;-;   83;-;   63;-;   15;-
4607;5027;05;A;  52;100309; 2;w;19; 3397;-; 5135;-;  100;-;  121;-; 3242;-; 3096;-;  142;-;    4;-;   15;-;    3;-;   26;-;   71;-;   58;-;   40;-; 4976;-; 4818;-;  154;-;    4;-;   17;-;    8;-;   35;-;   78;-;   58;-;   21;-
4607;5027;05;A;  52;100309; 2;w;20; 2357;-; 3364;-;   73;-;   69;-; 2259;-; 2126;-;  127;-;    6;-;    3;-;    1;-;   21;-;   51;-;   42;-;   22;-; 3262;-; 3115;-;  143;-;    4;-;    3;-;    2;-;   22;-;   45;-;   30;-;   30;-
4607;5027;05;A;  52;100309; 2;w;21; 1360;-; 2191;-;   65;-;   67;-; 1282;-; 1183;-;   94;-;    5;-;    4;-;    4;-;   10;-;   51;-;   38;-;    9;-; 2107;-; 1989;-;  116;-;    2;-;    6;-;    6;-;   11;-;   50;-;   28;-;   11;-
4607;5027;05;A;  52;100309; 2;w;22; 1189;-; 1591;-;   54;-;   44;-; 1121;-; 1065;-;   56;-;    0;-;    1;-;    2;-;   17;-;   35;-;   26;-;   13;-; 1529;-; 1427;-;  100;-;    2;-;    5;-;    1;-;    7;-;   36;-;   27;-;   13;-
4607;5027;05;A;  52;100309; 2;w;23;  840;-; 1524;-;   36;-;   51;-;  794;-;  729;-;   63;-;    2;-;    0;-;    3;-;    5;-;   28;-;   23;-;   10;-; 1467;-; 1384;-;   79;-;    4;-;    1;-;    1;-;   10;-;   40;-;   29;-;    5;-
4607;5027;05;A;  52;100309; 2;w;24;  462;-;  762;-;   28;-;   47;-;  430;-;  387;-;   43;-;    0;-;    0;-;    0;-;    9;-;   19;-;   14;-;    4;-;  710;-;  652;-;   55;-;    3;-;    2;-;    2;-;    7;-;   38;-;   26;-;    3;-
4607;5027;05;A;  52;100310; 3;w;01;  217;-;  319;-;   30;-;   28;-;  185;-;  154;-;   31;-;    0;-;    0;-;    1;-;   11;-;   18;-;   11;-;    2;-;  290;-;  269;-;   20;-;    1;-;    0;-;    2;-;    3;-;   23;-;   16;-;    1;-
4607;5027;05;A;  52;100310; 3;w;02;  133;-;  188;-;   41;-;   36;-;   90;-;   72;-;   18;-;    0;-;    1;-;    1;-;   11;-;   29;-;   19;-;    1;-;  152;-;  135;-;   17;-;    0;-;    0;-;    0;-;    9;-;   27;-;   14;-;    0;-
4607;5027;05;A;  52;100310; 3;w;03;  129;-;  122;-;   40;-;   36;-;   89;-;   74;-;   15;-;    0;-;    0;-;    0;-;   10;-;   30;-;   19;-;    0;-;   86;-;   65;-;   21;-;    0;-;    0;-;    0;-;   15;-;   21;-;   15;-;    0;-
4607;5027;05;A;  52;100310; 3;w;04;  367;-;  169;-;   66;-;   56;-;  297;-;  264;-;   32;-;    1;-;    2;-;    0;-;   18;-;   48;-;   36;-;    2;-;  113;-;   83;-;   29;-;    1;-;    0;-;    0;-;   22;-;   34;-;   22;-;    0;-
4607;5027;05;A;  52;100310; 3;w;05;  790;-;  352;-;   87;-;   80;-;  694;-;  655;-;   39;-;    0;-;    1;-;    5;-;   40;-;   42;-;   28;-;    8;-;  272;-;  236;-;   36;-;    0;-;    0;-;    1;-;   33;-;   46;-;   26;-;    0;-
4607;5027;05;A;  52;100310; 3;w;06; 2467;-;  754;-;  157;-;  118;-; 2280;-; 2171;-;  101;-;    8;-;    2;-;    4;-;   58;-;   95;-;   75;-;   28;-;  633;-;  560;-;   72;-;    1;-;    2;-;    1;-;   44;-;   73;-;   55;-;    1;-
4607;5027;05;A;  52;100310; 3;w;07; 5245;-; 1868;-;  204;-;  157;-; 4984;-; 4698;-;  270;-;   16;-;   13;-;    4;-;  106;-;   94;-;   70;-;   44;-; 1691;-; 1532;-;  154;-;    5;-;    4;-;    1;-;   67;-;   89;-;   73;-;   16;-
4607;5027;05;A;  52;100310; 3;w;08; 6516;-; 3532;-;  221;-;  186;-; 6101;-; 5858;-;  228;-;   15;-;   20;-;    7;-;   98;-;  116;-;   87;-;  174;-; 3306;-; 3106;-;  197;-;    3;-;   11;-;    4;-;   74;-;  108;-;   79;-;   29;-
4607;5027;05;A;  52;100310; 3;w;09; 5918;-; 4038;-;  228;-;  224;-; 5601;-; 5386;-;  202;-;   13;-;   21;-;    1;-;   97;-;  130;-;   97;-;   68;-; 3785;-; 3569;-;  210;-;    6;-;    5;-;    6;-;   97;-;  121;-;   87;-;   24;-
4607;5027;05;A;  52;100310; 3;w;10; 4290;-; 3004;-;  279;-;  263;-; 3918;-; 3684;-;  222;-;   12;-;   16;-;    7;-;  117;-;  155;-;  130;-;   77;-; 2709;-; 2516;-;  191;-;    2;-;   13;-;    7;-;  120;-;  136;-;  109;-;   19;-
4607;5027;05;A;  52;100310; 3;w;11; 3167;-; 2529;-;  252;-;  232;-; 2877;-; 2685;-;  188;-;    4;-;   20;-;    6;-;  103;-;  143;-;  114;-;   18;-; 2281;-; 2062;-;  215;-;    4;-;    5;-;    5;-;   81;-;  146;-;  116;-;   11;-
4607;5027;05;A;  52;100310; 3;w;12; 2827;-; 2528;-;  267;-;  254;-; 2531;-; 2327;-;  199;-;    5;-;   11;-;    1;-;  101;-;  165;-;  138;-;   18;-; 2256;-; 2016;-;  232;-;    8;-;   13;-;    6;-;   95;-;  153;-;  119;-;    5;-
4607;5027;05;A;  52;100310; 3;w;13; 2917;-; 2971;-;  219;-;  229;-; 2676;-; 2489;-;  183;-;    4;-;   11;-;    4;-;   71;-;  144;-;  108;-;   11;-; 2721;-; 2482;-;  236;-;    3;-;   12;-;    1;-;   89;-;  139;-;  101;-;    9;-
4607;5027;05;A;  52;100310; 3;w;14; 3088;-; 3449;-;  218;-;  259;-; 2838;-; 2662;-;  168;-;    8;-;   12;-;    5;-;   85;-;  128;-;  103;-;   20;-; 3154;-; 2920;-;  229;-;    5;-;   26;-;    3;-;  108;-;  148;-;  111;-;   10;-
4607;5027;05;A;  52;100310; 3;w;15; 3026;-; 3980;-;  205;-;  221;-; 2790;-; 2570;-;  217;-;    3;-;   20;-;    4;-;   77;-;  124;-;   88;-;   11;-; 3729;-; 3479;-;  243;-;    7;-;   16;-;    1;-;   93;-;  127;-;   99;-;   14;-
4607;5027;05;A;  52;100310; 3;w;16; 3203;-; 5120;-;  216;-;  228;-; 2960;-; 2754;-;  204;-;    2;-;   12;-;    1;-;   89;-;  126;-;  103;-;   15;-; 4856;-; 4549;-;  301;-;    6;-;   24;-;    6;-;   88;-;  134;-;   93;-;   12;-
4607;5027;05;A;  52;100310; 3;w;17; 3404;-; 5728;-;  151;-;  178;-; 3210;-; 3034;-;  174;-;    2;-;    9;-;    6;-;   45;-;  100;-;   70;-;   34;-; 5505;-; 5292;-;  204;-;    9;-;   25;-;    9;-;   68;-;  101;-;   81;-;   20;-
4607;5027;05;A;  52;100310; 3;w;18; 3514;-; 6034;-;  125;-;  129;-; 3344;-; 3197;-;  137;-;   10;-;    8;-;    6;-;   30;-;   89;-;   63;-;   37;-; 5879;-; 5714;-;  161;-;    4;-;   14;-;    4;-;   47;-;   78;-;   63;-;   12;-
4607;5027;05;A;  52;100310; 3;w;19; 3486;-; 5156;-;   89;-;  103;-; 3373;-; 3231;-;  136;-;    6;-;    6;-;    3;-;   24;-;   62;-;   47;-;   18;-; 5026;-; 4885;-;  131;-;   10;-;    9;-;    6;-;   23;-;   74;-;   64;-;   18;-
4607;5027;05;A;  52;100310; 3;w;20; 2552;-; 3516;-;   65;-;   90;-; 2463;-; 2344;-;  116;-;    3;-;   10;-;    1;-;   14;-;   50;-;   37;-;   14;-; 3400;-; 3245;-;  150;-;    5;-;   10;-;    5;-;   28;-;   57;-;   47;-;   16;-
4607;5027;05;A;  52;100310; 3;w;21; 1487;-; 2255;-;   65;-;   51;-; 1403;-; 1307;-;   94;-;    2;-;    3;-;    1;-;   14;-;   50;-;   40;-;   16;-; 2191;-; 2086;-;  103;-;    2;-;    5;-;    5;-;   12;-;   34;-;   23;-;    8;-
4607;5027;05;A;  52;100310; 3;w;22; 1249;-; 1679;-;   59;-;   48;-; 1180;-; 1102;-;   77;-;    1;-;    0;-;    2;-;   11;-;   46;-;   35;-;   10;-; 1620;-; 1512;-;  103;-;    5;-;    1;-;    2;-;   14;-;   32;-;   23;-;   10;-
4607;5027;05;A;  52;100310; 3;w;23;  865;-; 1431;-;   44;-;   49;-;  810;-;  739;-;   70;-;    1;-;    2;-;    2;-;   12;-;   30;-;   25;-;    9;-; 1376;-; 1286;-;   88;-;    2;-;    3;-;    0;-;   11;-;   38;-;   31;-;    3;-
4607;5027;05;A;  52;100310; 3;w;24;  544;-;  845;-;   34;-;   44;-;  502;-;  459;-;   43;-;    0;-;    0;-;    1;-;    9;-;   24;-;   17;-;    8;-;  797;-;  732;-;   64;-;    1;-;    2;-;    1;-;    4;-;   39;-;   27;-;    2;-
4607;5027;05;A;  52;100311; 4;w;01;  253;-;  289;-;   32;-;   34;-;  217;-;  193;-;   24;-;    0;-;    1;-;    1;-;    9;-;   22;-;   18;-;    3;-;  253;-;  231;-;   22;-;    0;-;    1;-;    2;-;    1;-;   31;-;   24;-;    1;-
4607;5027;05;A;  52;100311; 4;w;02;  145;-;  189;-;   37;-;   33;-;  107;-;   86;-;   21;-;    0;-;    0;-;    1;-;    7;-;   29;-;   21;-;    1;-;  156;-;  132;-;   24;-;    0;-;    0;-;    0;-;    5;-;   28;-;   17;-;    0;-
4607;5027;05;A;  52;100311; 4;w;03;  130;-;  139;-;   39;-;   37;-;   88;-;   76;-;   12;-;    0;-;    1;-;    0;-;   11;-;   28;-;   19;-;    2;-;  102;-;   76;-;   26;-;    0;-;    0;-;    0;-;   12;-;   25;-;   20;-;    0;-
4607;5027;05;A;  52;100311; 4;w;04;  322;-;  160;-;   63;-;   55;-;  257;-;  224;-;   33;-;    0;-;    0;-;    1;-;   18;-;   44;-;   25;-;    2;-;  105;-;   77;-;   28;-;    0;-;    0;-;    0;-;   23;-;   32;-;   19;-;    0;-
4607;5027;05;A;  52;100311; 4;w;05;  807;-;  346;-;  103;-;   79;-;  690;-;  652;-;   37;-;    1;-;    2;-;    6;-;   34;-;   63;-;   40;-;   12;-;  265;-;  230;-;   35;-;    0;-;    2;-;    0;-;   37;-;   42;-;   31;-;    0;-
4607;5027;05;A;  52;100311; 4;w;06; 2468;-;  729;-;  154;-;   90;-; 2289;-; 2175;-;  109;-;    5;-;    6;-;    3;-;   62;-;   89;-;   66;-;   19;-;  637;-;  557;-;   78;-;    2;-;    1;-;    4;-;   29;-;   57;-;   39;-;    1;-
4607;5027;05;A;  52;100311; 4;w;07; 5186;-; 1819;-;  251;-;  138;-; 4867;-; 4586;-;  266;-;   15;-;    8;-;    7;-;  112;-;  132;-;  100;-;   60;-; 1662;-; 1510;-;  151;-;    1;-;    7;-;    2;-;   50;-;   86;-;   62;-;   12;-
4607;5027;05;A;  52;100311; 4;w;08; 6527;-; 3452;-;  254;-;  193;-; 6151;-; 5911;-;  219;-;   21;-;   26;-;    7;-;  103;-;  144;-;  102;-;   96;-; 3230;-; 3017;-;  210;-;    3;-;    9;-;    3;-;   99;-;   91;-;   68;-;   20;-
4607;5027;05;A;  52;100311; 4;w;09; 6101;-; 4171;-;  226;-;  250;-; 5784;-; 5544;-;  224;-;   16;-;   20;-;    9;-;  100;-;  117;-;   99;-;   71;-; 3877;-; 3658;-;  216;-;    3;-;   17;-;    5;-;  118;-;  127;-;   87;-;   27;-
4607;5027;05;A;  52;100311; 4;w;10; 4156;-; 3144;-;  266;-;  273;-; 3819;-; 3600;-;  206;-;   13;-;   28;-;   11;-;   95;-;  160;-;  118;-;   43;-; 2843;-; 2623;-;  215;-;    5;-;   15;-;    9;-;  127;-;  137;-;  108;-;   13;-
4607;5027;05;A;  52;100311; 4;w;11; 3084;-; 2505;-;  276;-;  246;-; 2753;-; 2571;-;  182;-;    0;-;   20;-;   10;-;   99;-;  167;-;  129;-;   35;-; 2235;-; 2020;-;  215;-;    0;-;   14;-;    5;-;   92;-;  149;-;  120;-;   10;-
4607;5027;05;A;  52;100311; 4;w;12; 2598;-; 2551;-;  220;-;  216;-; 2334;-; 2121;-;  204;-;    9;-;   15;-;    1;-;   87;-;  132;-;   99;-;   29;-; 2309;-; 2096;-;  211;-;    2;-;   16;-;    2;-;   90;-;  124;-;   96;-;   10;-
4607;5027;05;A;  52;100311; 4;w;13; 3077;-; 2927;-;  250;-;  232;-; 2797;-; 2576;-;  215;-;    6;-;   11;-;    5;-;   73;-;  172;-;  132;-;   19;-; 2667;-; 2443;-;  221;-;    3;-;   17;-;    6;-;   86;-;  140;-;  107;-;   11;-
4607;5027;05;A;  52;100311; 4;w;14; 2965;-; 3427;-;  217;-;  236;-; 2713;-; 2522;-;  185;-;    6;-;   11;-;    2;-;   86;-;  129;-;  100;-;   24;-; 3154;-; 2926;-;  225;-;    3;-;   28;-;    5;-;   83;-;  148;-;  109;-;    9;-
4607;5027;05;A;  52;100311; 4;w;15; 3028;-; 3885;-;  249;-;  250;-; 2729;-; 2538;-;  186;-;    5;-;   15;-;    2;-;   88;-;  159;-;  135;-;   35;-; 3603;-; 3326;-;  272;-;    5;-;   16;-;    4;-;  133;-;  113;-;   80;-;   16;-
4607;5027;05;A;  52;100311; 4;w;16; 3142;-; 4973;-;  186;-;  196;-; 2918;-; 2717;-;  199;-;    2;-;   19;-;    5;-;   79;-;  102;-;   82;-;   19;-; 4740;-; 4453;-;  281;-;    6;-;   27;-;    6;-;   78;-;  112;-;   87;-;   10;-
4607;5027;05;A;  52;100311; 4;w;17; 3501;-; 5720;-;  161;-;  172;-; 3309;-; 3133;-;  172;-;    4;-;   13;-;    3;-;   70;-;   88;-;   66;-;   18;-; 5521;-; 5283;-;  229;-;    9;-;   15;-;    5;-;   60;-;  107;-;   85;-;   12;-
4607;5027;05;A;  52;100311; 4;w;18; 3782;-; 5992;-;  114;-;  130;-; 3616;-; 3439;-;  171;-;    6;-;    5;-;    4;-;   39;-;   71;-;   54;-;   47;-; 5831;-; 5663;-;  158;-;   10;-;   16;-;   10;-;   51;-;   69;-;   53;-;   15;-
4607;5027;05;A;  52;100311; 4;w;19; 3610;-; 5026;-;   93;-;   99;-; 3406;-; 3283;-;  120;-;    3;-;    9;-;    4;-;   24;-;   65;-;   47;-;  102;-; 4888;-; 4701;-;  177;-;   10;-;   14;-;    4;-;   34;-;   61;-;   48;-;   25;-
4607;5027;05;A;  52;100311; 4;w;20; 2538;-; 3547;-;   72;-;   90;-; 2443;-; 2334;-;  102;-;    7;-;    3;-;    3;-;   21;-;   48;-;   40;-;   20;-; 3425;-; 3268;-;  149;-;    8;-;   11;-;    4;-;   28;-;   58;-;   44;-;   21;-
4607;5027;05;A;  52;100311; 4;w;21; 1476;-; 2507;-;   59;-;   60;-; 1405;-; 1314;-;   90;-;    1;-;    3;-;    3;-;   11;-;   45;-;   31;-;    9;-; 2431;-; 2310;-;  119;-;    2;-;    6;-;    5;-;   15;-;   40;-;   30;-;   10;-
4607;5027;05;A;  52;100311; 4;w;22; 1262;-; 1686;-;   54;-;   53;-; 1198;-; 1137;-;   60;-;    1;-;    5;-;    2;-;   13;-;   39;-;   28;-;    5;-; 1618;-; 1521;-;   95;-;    2;-;    3;-;    3;-;   12;-;   38;-;   23;-;   12;-
4607;5027;05;A;  52;100311; 4;w;23;  873;-; 1725;-;   44;-;   59;-;  821;-;  762;-;   56;-;    3;-;    1;-;    2;-;   12;-;   30;-;   18;-;    7;-; 1654;-; 1552;-;   98;-;    4;-;    3;-;    3;-;   13;-;   43;-;   29;-;    9;-
4607;5027;05;A;  52;100311; 4;w;24;  647;-;  863;-;   36;-;   45;-;  601;-;  546;-;   54;-;    1;-;    1;-;    0;-;   12;-;   24;-;   18;-;    9;-;  811;-;  754;-;   56;-;    1;-;    1;-;    2;-;    8;-;   35;-;   23;-;    6;-
4607;5027;05;A;  52;100312; 5;w;01;  249;-;  331;-;   27;-;   31;-;  216;-;  186;-;   30;-;    0;-;    0;-;    1;-;    7;-;   19;-;   15;-;    6;-;  299;-;  283;-;   16;-;    0;-;    0;-;    2;-;    6;-;   23;-;   17;-;    1;-
4607;5027;05;A;  52;100312; 5;w;02;  159;-;  178;-;   44;-;   33;-;  112;-;   86;-;   26;-;    0;-;    0;-;    2;-;   13;-;   29;-;   17;-;    3;-;  145;-;  125;-;   20;-;    0;-;    0;-;    0;-;    8;-;   25;-;   14;-;    0;-
4607;5027;05;A;  52;100312; 5;w;03;  155;-;  147;-;   51;-;   38;-;  103;-;   90;-;   12;-;    1;-;    0;-;    1;-;   12;-;   38;-;   24;-;    1;-;  106;-;   80;-;   26;-;    0;-;    0;-;    0;-;   11;-;   27;-;   19;-;    3;-
4607;5027;05;A;  52;100312; 5;w;04;  374;-;  194;-;   64;-;   44;-;  302;-;  265;-;   37;-;    0;-;    4;-;    3;-;   20;-;   41;-;   21;-;    4;-;  147;-;  122;-;   25;-;    0;-;    3;-;    0;-;   26;-;   18;-;   13;-;    0;-
4607;5027;05;A;  52;100312; 5;w;05;  841;-;  396;-;  101;-;   93;-;  735;-;  694;-;   41;-;    0;-;    3;-;    5;-;   34;-;   62;-;   46;-;    2;-;  301;-;  251;-;   50;-;    0;-;    1;-;    3;-;   36;-;   54;-;   35;-;    1;-
4607;5027;05;A;  52;100312; 5;w;06; 2290;-;  744;-;  186;-;  122;-; 2091;-; 1989;-;   96;-;    6;-;    2;-;    5;-;   75;-;  106;-;   91;-;   11;-;  616;-;  536;-;   79;-;    1;-;    3;-;    1;-;   35;-;   86;-;   56;-;    3;-
4607;5027;05;A;  52;100312; 5;w;07; 4983;-; 1779;-;  229;-;  139;-; 4636;-; 4394;-;  227;-;   15;-;   10;-;    6;-;   97;-;  126;-;   93;-;  108;-; 1634;-; 1467;-;  161;-;    6;-;    4;-;    2;-;   59;-;   78;-;   58;-;    2;-
4607;5027;05;A;  52;100312; 5;w;08; 6508;-; 3267;-;  218;-;  225;-; 6201;-; 5956;-;  232;-;   13;-;   23;-;   11;-;   99;-;  108;-;   78;-;   66;-; 3012;-; 2797;-;  208;-;    7;-;    8;-;    6;-;  101;-;  118;-;   77;-;   22;-
4607;5027;05;A;  52;100312; 5;w;09; 5786;-; 3787;-;  262;-;  227;-; 5441;-; 5231;-;  199;-;   11;-;   21;-;    8;-;  112;-;  142;-;  117;-;   62;-; 3534;-; 3296;-;  235;-;    3;-;    5;-;    7;-;  103;-;  117;-;   91;-;   21;-
4607;5027;05;A;  52;100312; 5;w;10; 3922;-; 2824;-;  245;-;  280;-; 3615;-; 3425;-;  187;-;    3;-;   11;-;    4;-;  103;-;  138;-;  100;-;   51;-; 2519;-; 2294;-;  221;-;    4;-;   14;-;   11;-;  107;-;  162;-;  130;-;   11;-
4607;5027;05;A;  52;100312; 5;w;11; 3185;-; 2544;-;  270;-;  256;-; 2864;-; 2675;-;  184;-;    5;-;   20;-;    5;-;   99;-;  166;-;  131;-;   31;-; 2267;-; 2008;-;  256;-;    3;-;   13;-;    3;-;  111;-;  142;-;  113;-;    8;-
4607;5027;05;A;  52;100312; 5;w;12; 2700;-; 2744;-;  235;-;  246;-; 2439;-; 2213;-;  221;-;    5;-;    8;-;    5;-;   89;-;  141;-;  110;-;   18;-; 2475;-; 2237;-;  235;-;    3;-;   15;-;    3;-;  105;-;  138;-;   99;-;    8;-
4607;5027;05;A;  52;100312; 5;w;13; 3134;-; 3632;-;  242;-;  263;-; 2853;-; 2655;-;  194;-;    4;-;   13;-;    3;-;   87;-;  152;-;  117;-;   26;-; 3332;-; 3077;-;  253;-;    2;-;   21;-;    4;-;  102;-;  157;-;  119;-;   16;-
4607;5027;05;A;  52;100312; 5;w;14; 3454;-; 4337;-;  218;-;  219;-; 3195;-; 2988;-;  197;-;   10;-;   19;-;    8;-;   86;-;  124;-;   97;-;   22;-; 4082;-; 3809;-;  269;-;    4;-;   15;-;    7;-;   90;-;  122;-;   99;-;   21;-
4607;5027;05;A;  52;100312; 5;w;15; 3298;-; 5189;-;  173;-;  207;-; 3085;-; 2879;-;  197;-;    9;-;   14;-;    1;-;   64;-;  108;-;   84;-;   26;-; 4952;-; 4733;-;  210;-;    9;-;   21;-;    7;-;   89;-;  111;-;   84;-;    9;-
4607;5027;05;A;  52;100312; 5;w;16; 3612;-; 5157;-;  172;-;  173;-; 3398;-; 3193;-;  199;-;    6;-;   13;-;    5;-;   58;-;  109;-;   92;-;   29;-; 4953;-; 4710;-;  238;-;    5;-;   15;-;    4;-;   61;-;  108;-;   86;-;   16;-
4607;5027;05;A;  52;100312; 5;w;17; 3797;-; 5515;-;  150;-;  169;-; 3598;-; 3422;-;  172;-;    4;-;   14;-;    4;-;   57;-;   89;-;   69;-;   35;-; 5322;-; 5131;-;  182;-;    9;-;   15;-;    9;-;   46;-;  114;-;   91;-;    9;-
4607;5027;05;A;  52;100312; 5;w;18; 3594;-; 5237;-;  103;-;  105;-; 3450;-; 3299;-;  145;-;    6;-;   12;-;    8;-;   27;-;   68;-;   49;-;   29;-; 5107;-; 4926;-;  174;-;    7;-;   12;-;    4;-;   36;-;   65;-;   50;-;   13;-
4607;5027;05;A;  52;100312; 5;w;19; 3531;-; 4675;-;   96;-;   86;-; 3402;-; 3275;-;  122;-;    5;-;    5;-;    7;-;   21;-;   68;-;   54;-;   28;-; 4558;-; 4398;-;  154;-;    6;-;   13;-;    1;-;   21;-;   64;-;   55;-;   18;-
4607;5027;05;A;  52;100312; 5;w;20; 2440;-; 3407;-;   40;-;   68;-; 2378;-; 2279;-;   96;-;    3;-;    3;-;    5;-;    9;-;   26;-;   21;-;   19;-; 3319;-; 3175;-;  136;-;    8;-;    9;-;    1;-;   23;-;   44;-;   32;-;   11;-
4607;5027;05;A;  52;100312; 5;w;21; 1556;-; 2222;-;   51;-;   60;-; 1485;-; 1386;-;   98;-;    1;-;    7;-;    3;-;   11;-;   37;-;   29;-;   13;-; 2143;-; 2006;-;  133;-;    4;-;    7;-;    6;-;   10;-;   44;-;   32;-;   12;-
4607;5027;05;A;  52;100312; 5;w;22; 1218;-; 1695;-;   41;-;   51;-; 1168;-; 1110;-;   55;-;    3;-;    2;-;    6;-;   13;-;   22;-;   18;-;    7;-; 1628;-; 1543;-;   83;-;    2;-;    6;-;    1;-;   11;-;   39;-;   28;-;   10;-
4607;5027;05;A;  52;100312; 5;w;23; 1101;-; 1975;-;   45;-;   46;-; 1040;-;  974;-;   63;-;    3;-;    4;-;    5;-;   12;-;   28;-;   20;-;   12;-; 1916;-; 1815;-;   99;-;    2;-;    3;-;    3;-;   15;-;   28;-;   22;-;   10;-
4607;5027;05;A;  52;100312; 5;w;24;  976;-; 1192;-;   41;-;   40;-;  928;-;  855;-;   72;-;    1;-;    0;-;    2;-;    3;-;   36;-;   23;-;    7;-; 1144;-; 1088;-;   55;-;    1;-;    4;-;    4;-;    4;-;   32;-;   20;-;    4;-
4607;5027;05;A;  52;100313; 6;w;01;  605;-;  675;-;   20;-;   28;-;  575;-;  537;-;   38;-;    0;-;    3;-;    2;-;    7;-;   11;-;    7;-;    7;-;  645;-;  611;-;   34;-;    0;-;    0;-;    4;-;    1;-;   23;-;   16;-;    2;-
4607;5027;05;A;  52;100313; 6;w;02;  324;-;  413;-;   28;-;   15;-;  292;-;  268;-;   23;-;    1;-;    1;-;    1;-;   12;-;   15;-;    9;-;    3;-;  396;-;  366;-;   30;-;    0;-;    0;-;    0;-;    3;-;   12;-;    6;-;    2;-
4607;5027;05;A;  52;100313; 6;w;03;  234;-;  265;-;   30;-;   23;-;  202;-;  175;-;   26;-;    1;-;    0;-;    0;-;    7;-;   23;-;   13;-;    2;-;  241;-;  214;-;   27;-;    0;-;    0;-;    1;-;    7;-;   15;-;   11;-;    1;-
4607;5027;05;A;  52;100313; 6;w;04;  403;-;  237;-;   36;-;   29;-;  365;-;  335;-;   29;-;    1;-;    1;-;    0;-;    8;-;   28;-;   17;-;    1;-;  206;-;  184;-;   22;-;    0;-;    1;-;    1;-;   17;-;   11;-;    9;-;    1;-
4607;5027;05;A;  52;100313; 6;w;05;  592;-;  428;-;   38;-;   49;-;  546;-;  517;-;   29;-;    0;-;    3;-;    3;-;   18;-;   17;-;   11;-;    5;-;  378;-;  328;-;   49;-;    1;-;    1;-;    1;-;   28;-;   20;-;   13;-;    0;-
4607;5027;05;A;  52;100313; 6;w;06;  775;-;  459;-;   49;-;   32;-;  718;-;  672;-;   44;-;    2;-;    6;-;    5;-;   26;-;   18;-;   12;-;    2;-;  424;-;  382;-;   42;-;    0;-;    3;-;    4;-;   16;-;   12;-;    9;-;    0;-
4607;5027;05;A;  52;100313; 6;w;07;  810;-;  588;-;   49;-;   33;-;  751;-;  646;-;  103;-;    2;-;    6;-;    7;-;   23;-;   19;-;   14;-;    4;-;  547;-;  483;-;   64;-;    0;-;    7;-;    4;-;   13;-;   16;-;   11;-;    1;-
4607;5027;05;A;  52;100313; 6;w;08; 1187;-;  842;-;   54;-;   47;-; 1113;-;  985;-;  126;-;    2;-;   11;-;    6;-;   23;-;   25;-;   21;-;    9;-;  785;-;  686;-;   97;-;    2;-;    7;-;    5;-;   20;-;   22;-;   15;-;    3;-
4607;5027;05;A;  52;100313; 6;w;09; 1878;-; 1434;-;   40;-;   55;-; 1812;-; 1685;-;  123;-;    4;-;   10;-;    5;-;   17;-;   18;-;   16;-;   16;-; 1368;-; 1250;-;  117;-;    1;-;    7;-;    1;-;   29;-;   25;-;   21;-;    4;-
4607;5027;05;A;  52;100313; 6;w;10; 2481;-; 1940;-;   50;-;   46;-; 2392;-; 2259;-;  132;-;    1;-;   17;-;    6;-;   18;-;   26;-;   20;-;   22;-; 1876;-; 1756;-;  119;-;    1;-;   12;-;    4;-;   19;-;   23;-;   17;-;    6;-
4607;5027;05;A;  52;100313; 6;w;11; 2578;-; 2215;-;   33;-;   34;-; 2518;-; 2386;-;  125;-;    7;-;   15;-;    1;-;   18;-;   14;-;   12;-;   12;-; 2161;-; 2018;-;  139;-;    4;-;   12;-;    3;-;   19;-;   12;-;    8;-;    8;-
4607;5027;05;A;  52;100313; 6;w;12; 2599;-; 2299;-;   58;-;   30;-; 2512;-; 2395;-;  113;-;    4;-;   13;-;    3;-;   38;-;   17;-;   15;-;   16;-; 2237;-; 2108;-;  125;-;    4;-;   15;-;    1;-;   13;-;   16;-;   15;-;   17;-
4607;5027;05;A;  52;100313; 6;w;13; 2683;-; 2648;-;   32;-;   34;-; 2616;-; 2503;-;  108;-;    5;-;    8;-;    9;-;   13;-;   10;-;    9;-;   27;-; 2589;-; 2450;-;  134;-;    5;-;   17;-;    5;-;   13;-;   16;-;   13;-;    8;-
4607;5027;05;A;  52;100313; 6;w;14; 2814;-; 2944;-;   37;-;   33;-; 2742;-; 2626;-;  112;-;    4;-;   15;-;    7;-;   15;-;   15;-;   13;-;   20;-; 2883;-; 2707;-;  167;-;    9;-;    9;-;    1;-;   20;-;   12;-;   10;-;   19;-
4607;5027;05;A;  52;100313; 6;w;15; 2652;-; 3066;-;   32;-;   42;-; 2582;-; 2461;-;  115;-;    6;-;   19;-;    3;-;   22;-;    7;-;    6;-;   19;-; 3001;-; 2862;-;  134;-;    5;-;   15;-;    3;-;   25;-;   14;-;   10;-;    8;-
4607;5027;05;A;  52;100313; 6;w;16; 2423;-; 2604;-;   29;-;   26;-; 2357;-; 2238;-;  115;-;    4;-;   11;-;    3;-;   17;-;    9;-;    8;-;   26;-; 2550;-; 2417;-;  126;-;    7;-;   20;-;    3;-;   16;-;    7;-;    7;-;    8;-
4607;5027;05;A;  52;100313; 6;w;17; 2409;-; 2653;-;   18;-;   18;-; 2350;-; 2227;-;  114;-;    9;-;   11;-;    1;-;    8;-;    9;-;    8;-;   30;-; 2611;-; 2478;-;  122;-;   11;-;    9;-;    3;-;   10;-;    5;-;    5;-;   15;-
4607;5027;05;A;  52;100313; 6;w;18; 2312;-; 2784;-;   28;-;   20;-; 2256;-; 2156;-;   96;-;    4;-;   13;-;    5;-;   14;-;    9;-;    9;-;   15;-; 2743;-; 2607;-;  132;-;    4;-;    8;-;    4;-;    9;-;    7;-;    5;-;   13;-
4607;5027;05;A;  52;100313; 6;w;19; 2305;-; 2949;-;   14;-;   33;-; 2257;-; 2168;-;   87;-;    2;-;    9;-;    3;-;    7;-;    4;-;    3;-;   25;-; 2900;-; 2783;-;  113;-;    4;-;    8;-;   12;-;   13;-;    8;-;    7;-;    8;-
4607;5027;05;A;  52;100313; 6;w;20; 1775;-; 2135;-;   14;-;   15;-; 1753;-; 1662;-;   91;-;    0;-;    3;-;    4;-;    9;-;    1;-;    1;-;    5;-; 2102;-; 2014;-;   87;-;    1;-;   10;-;    6;-;    8;-;    1;-;    0;-;    8;-
4607;5027;05;A;  52;100313; 6;w;21; 1322;-; 1611;-;   13;-;   11;-; 1300;-; 1228;-;   68;-;    4;-;    3;-;    2;-;    8;-;    3;-;    3;-;    6;-; 1588;-; 1509;-;   78;-;    1;-;    6;-;    3;-;    5;-;    3;-;    3;-;    6;-
4607;5027;05;A;  52;100313; 6;w;22; 1041;-;  903;-;   18;-;    5;-; 1012;-;  956;-;   53;-;    3;-;    4;-;    3;-;    9;-;    6;-;    5;-;    7;-;  895;-;  848;-;   46;-;    1;-;    2;-;    1;-;    3;-;    1;-;    1;-;    1;-
4607;5027;05;A;  52;100313; 6;w;23; 1073;-; 1092;-;    6;-;    7;-; 1057;-; 1003;-;   52;-;    2;-;    1;-;    0;-;    6;-;    0;-;    0;-;    9;-; 1079;-; 1026;-;   51;-;    2;-;    0;-;    1;-;    6;-;    0;-;    0;-;    6;-
4607;5027;05;A;  52;100313; 6;w;24;  928;-; 1052;-;    9;-;    6;-;  907;-;  864;-;   42;-;    1;-;    2;-;    0;-;    8;-;    1;-;    1;-;   10;-; 1043;-;  987;-;   55;-;    1;-;    1;-;    3;-;    3;-;    0;-;    0;-;    2;-
4607;5027;05;A;  52;100314; 7;s;01;  658;-;  681;-;    8;-;    4;-;  642;-;  611;-;   29;-;    2;-;    1;-;    1;-;    3;-;    4;-;    3;-;    7;-;  671;-;  642;-;   29;-;    0;-;    1;-;    0;-;    2;-;    2;-;    2;-;    5;-
4607;5027;05;A;  52;100314; 7;s;02;  490;-;  517;-;    6;-;    6;-;  480;-;  448;-;   31;-;    1;-;    0;-;    1;-;    3;-;    2;-;    2;-;    4;-;  509;-;  475;-;   33;-;    1;-;    0;-;    2;-;    2;-;    2;-;    0;-;    2;-
4607;5027;05;A;  52;100314; 7;s;03;  285;-;  310;-;    4;-;    1;-;  278;-;  261;-;   15;-;    2;-;    2;-;    0;-;    4;-;    0;-;    0;-;    1;-;  307;-;  290;-;   17;-;    0;-;    0;-;    1;-;    0;-;    0;-;    0;-;    2;-
4607;5027;05;A;  52;100314; 7;s;04;  443;-;  310;-;    7;-;    4;-;  431;-;  406;-;   25;-;    0;-;    4;-;    0;-;    3;-;    4;-;    3;-;    1;-;  302;-;  284;-;   18;-;    0;-;    2;-;    2;-;    2;-;    0;-;    0;-;    2;-
4607;5027;05;A;  52;100314; 7;s;05;  544;-;  425;-;    8;-;    7;-;  533;-;  494;-;   39;-;    0;-;    0;-;    3;-;    1;-;    4;-;    3;-;    3;-;  417;-;  374;-;   43;-;    0;-;    1;-;    3;-;    3;-;    1;-;    1;-;    0;-
4607;5027;05;A;  52;100314; 7;s;06;  666;-;  454;-;   10;-;    9;-;  639;-;  602;-;   36;-;    1;-;   12;-;    0;-;    5;-;    5;-;    4;-;    5;-;  444;-;  408;-;   35;-;    1;-;    1;-;    3;-;    4;-;    2;-;    2;-;    0;-
4607;5027;05;A;  52;100314; 7;s;07;  476;-;  421;-;   10;-;    7;-;  448;-;  408;-;   39;-;    1;-;   15;-;    3;-;    3;-;    4;-;    4;-;    3;-;  411;-;  381;-;   30;-;    0;-;    0;-;    5;-;    2;-;    0;-;    0;-;    3;-
4607;5027;05;A;  52;100314; 7;s;08;  602;-;  418;-;   12;-;   12;-;  576;-;  507;-;   68;-;    1;-;   10;-;    5;-;    5;-;    2;-;    2;-;    4;-;  399;-;  358;-;   40;-;    1;-;    2;-;    3;-;    7;-;    2;-;    2;-;    5;-
4607;5027;05;A;  52;100314; 7;s;09; 1110;-;  666;-;    8;-;    7;-; 1083;-; 1007;-;   72;-;    4;-;    5;-;    3;-;    2;-;    3;-;    2;-;   14;-;  653;-;  593;-;   58;-;    2;-;    3;-;    2;-;    2;-;    3;-;    2;-;    3;-
4607;5027;05;A;  52;100314; 7;s;10; 1460;-; 1136;-;   19;-;   23;-; 1426;-; 1347;-;   75;-;    4;-;    1;-;    5;-;   10;-;    4;-;    4;-;   14;-; 1105;-; 1035;-;   68;-;    2;-;    5;-;   12;-;    6;-;    5;-;    5;-;    3;-
4607;5027;05;A;  52;100314; 7;s;11; 1672;-; 1422;-;   16;-;   18;-; 1629;-; 1550;-;   77;-;    2;-;    6;-;    3;-;    7;-;    6;-;    6;-;   21;-; 1390;-; 1308;-;   81;-;    1;-;   10;-;    3;-;   11;-;    4;-;    4;-;    4;-
4607;5027;05;A;  52;100314; 7;s;12; 1809;-; 1721;-;   18;-;   21;-; 1771;-; 1675;-;   90;-;    6;-;    3;-;    2;-;    7;-;    9;-;    9;-;   17;-; 1695;-; 1600;-;   95;-;    0;-;    1;-;    1;-;   12;-;    8;-;    8;-;    4;-
4607;5027;05;A;  52;100314; 7;s;13; 1972;-; 1969;-;   20;-;   16;-; 1928;-; 1844;-;   78;-;    6;-;    6;-;    3;-;   12;-;    5;-;    5;-;   18;-; 1942;-; 1844;-;   97;-;    1;-;    3;-;    2;-;    6;-;    8;-;    8;-;    8;-
4607;5027;05;A;  52;100314; 7;s;14; 2081;-; 2235;-;   19;-;   20;-; 2039;-; 1960;-;   74;-;    5;-;    6;-;    5;-;    8;-;    6;-;    5;-;   17;-; 2202;-; 2095;-;  104;-;    3;-;    3;-;    6;-;    8;-;    6;-;    5;-;   10;-
4607;5027;05;A;  52;100314; 7;s;15; 2247;-; 2519;-;   20;-;   19;-; 2202;-; 2125;-;   76;-;    1;-;    5;-;    3;-;   11;-;    6;-;    5;-;   20;-; 2484;-; 2389;-;   88;-;    7;-;    5;-;    2;-;    5;-;   12;-;    8;-;   11;-
4607;5027;05;A;  52;100314; 7;s;16; 2409;-; 2473;-;   19;-;   11;-; 2359;-; 2258;-;   95;-;    6;-;    5;-;    3;-;   11;-;    5;-;    5;-;   26;-; 2443;-; 2350;-;   90;-;    3;-;   13;-;    5;-;    2;-;    4;-;    4;-;    6;-
4607;5027;05;A;  52;100314; 7;s;17; 2191;-; 2428;-;   27;-;   22;-; 2142;-; 2037;-;  101;-;    4;-;    8;-;    1;-;   20;-;    6;-;    4;-;   14;-; 2384;-; 2270;-;  113;-;    1;-;   14;-;    4;-;   13;-;    5;-;    3;-;    8;-
4607;5027;05;A;  52;100314; 7;s;18; 2405;-; 2550;-;   29;-;   17;-; 2343;-; 2238;-;  102;-;    3;-;   10;-;    3;-;   16;-;   10;-;   10;-;   23;-; 2512;-; 2411;-;   99;-;    2;-;   12;-;    5;-;    8;-;    4;-;    4;-;    9;-
4607;5027;05;A;  52;100314; 7;s;19; 2276;-; 2325;-;   18;-;   19;-; 2235;-; 2133;-;   99;-;    3;-;    4;-;    2;-;    8;-;    8;-;    8;-;   19;-; 2284;-; 2163;-;  118;-;    3;-;   11;-;    4;-;    7;-;    8;-;    8;-;   11;-
4607;5027;05;A;  52;100314; 7;s;20; 1944;-; 1784;-;   23;-;   17;-; 1903;-; 1824;-;   73;-;    6;-;    4;-;    3;-;    7;-;   13;-;   10;-;   14;-; 1746;-; 1658;-;   87;-;    1;-;   12;-;    3;-;    8;-;    6;-;    6;-;    9;-
4607;5027;05;A;  52;100314; 7;s;21; 1440;-; 1373;-;   24;-;   19;-; 1404;-; 1357;-;   46;-;    1;-;    3;-;    1;-;    5;-;   18;-;   13;-;    9;-; 1348;-; 1282;-;   63;-;    3;-;    1;-;    4;-;    9;-;    6;-;    3;-;    5;-
4607;5027;05;A;  52;100314; 7;s;22; 1293;-;  978;-;   20;-;   15;-; 1257;-; 1214;-;   38;-;    5;-;    2;-;    0;-;    5;-;   15;-;   14;-;   14;-;  957;-;  914;-;   42;-;    1;-;    4;-;    3;-;    6;-;    6;-;    6;-;    2;-
4607;5027;05;A;  52;100314; 7;s;23;  915;-;  993;-;   35;-;   21;-;  868;-;  826;-;   41;-;    1;-;    3;-;    0;-;    6;-;   29;-;   27;-;    9;-;  970;-;  921;-;   48;-;    1;-;    0;-;    1;-;    6;-;   14;-;   14;-;    2;-
4607;5027;05;A;  52;100314; 7;s;24;  508;-;  766;-;   27;-;   36;-;  478;-;  443;-;   35;-;    0;-;    1;-;    0;-;    9;-;   18;-;   10;-;    2;-;  727;-;  691;-;   36;-;    0;-;    2;-;    2;-;    8;-;   26;-;   19;-;    1;-
4607;5027;05;A;  52;100315; 1;w;01;  255;-;  284;-;   28;-;   22;-;  223;-;  192;-;   30;-;    1;-;    0;-;    1;-;   11;-;   16;-;   12;-;    4;-;  261;-;  249;-;   12;-;    0;-;    0;-;    2;-;    6;-;   14;-;   12;-;    1;-
4607;5027;05;A;  52;100315; 1;w;02;  146;-;  137;-;   28;-;   32;-;  117;-;  101;-;   16;-;    0;-;    1;-;    0;-;    6;-;   22;-;   19;-;    0;-;  104;-;   92;-;   12;-;    0;-;    0;-;    1;-;    5;-;   26;-;   19;-;    1;-
4607;5027;05;A;  52;100315; 1;w;03;  127;-;  107;-;   35;-;   30;-;   89;-;   74;-;   14;-;    1;-;    1;-;    2;-;   10;-;   23;-;   18;-;    2;-;   77;-;   60;-;   17;-;    0;-;    0;-;    0;-;    9;-;   21;-;   13;-;    0;-
4607;5027;05;A;  52;100315; 1;w;04;  377;-;  158;-;   53;-;   44;-;  319;-;  292;-;   27;-;    0;-;    1;-;    2;-;   19;-;   32;-;   23;-;    4;-;  113;-;   94;-;   19;-;    0;-;    0;-;    0;-;   25;-;   19;-;   14;-;    1;-
4607;5027;05;A;  52;100315; 1;w;05;  897;-;  351;-;   84;-;   73;-;  803;-;  752;-;   48;-;    3;-;    3;-;    3;-;   37;-;   44;-;   38;-;    7;-;  276;-;  235;-;   41;-;    0;-;    0;-;    1;-;   39;-;   33;-;   27;-;    2;-
4607;5027;05;A;  52;100315; 1;w;06; 2662;-;  850;-;  177;-;  113;-; 2467;-; 2367;-;   94;-;    6;-;    4;-;    2;-;   74;-;  101;-;   80;-;   14;-;  734;-;  678;-;   54;-;    2;-;    2;-;    1;-;   37;-;   75;-;   60;-;    1;-
4607;5027;05;A;  52;100315; 1;w;07; 5196;-; 2059;-;  224;-;  144;-; 4898;-; 4661;-;  226;-;   11;-;   14;-;   10;-;   85;-;  129;-;  104;-;   60;-; 1903;-; 1764;-;  137;-;    2;-;    3;-;    1;-;   67;-;   76;-;   57;-;    9;-
4607;5027;05;A;  52;100315; 1;w;08; 6148;-; 3533;-;  223;-;  185;-; 5823;-; 5613;-;  199;-;   11;-;   16;-;    8;-;   84;-;  131;-;  102;-;   86;-; 3332;-; 3142;-;  188;-;    2;-;    5;-;    5;-;   74;-;  106;-;   74;-;   11;-
4607;5027;05;A;  52;100315; 1;w;09; 6234;-; 3890;-;  237;-;  237;-; 5929;-; 5733;-;  186;-;   10;-;   16;-;    4;-;  102;-;  131;-;  105;-;   52;-; 3620;-; 3405;-;  212;-;    3;-;    5;-;    4;-;  106;-;  127;-;   92;-;   28;-
4607;5027;05;A;  52;100315; 1;w;10; 4820;-; 2792;-;  296;-;  251;-; 4452;-; 4204;-;  238;-;   10;-;   18;-;    5;-;  120;-;  171;-;  131;-;   54;-; 2514;-; 2295;-;  218;-;    1;-;   16;-;    4;-;  113;-;  134;-;  103;-;   11;-
4607;5027;05;A;  52;100315; 1;w;11; 3504;-; 2387;-;  280;-;  252;-; 3177;-; 2965;-;  209;-;    3;-;   19;-;    6;-;  105;-;  169;-;  135;-;   28;-; 2112;-; 1903;-;  205;-;    4;-;   12;-;    6;-;   99;-;  147;-;  113;-;   11;-
4607;5027;05;A;  52;100315; 1;w;12; 2741;-; 2427;-;  274;-;  235;-; 2425;-; 2198;-;  226;-;    1;-;   23;-;    2;-;  121;-;  151;-;  120;-;   19;-; 2170;-; 1956;-;  212;-;    2;-;   11;-;    2;-;   90;-;  143;-;  115;-;   11;-
4607;5027;05;A;  52;100315; 1;w;13; 2786;-; 2890;-;  193;-;  247;-; 2562;-; 2329;-;  229;-;    4;-;   12;-;    2;-;   70;-;  121;-;   96;-;   19;-; 2620;-; 2378;-;  239;-;    3;-;   14;-;    3;-;   99;-;  145;-;  115;-;    9;-
4607;5027;05;A;  52;100315; 1;w;14; 2830;-; 3184;-;  217;-;  244;-; 2584;-; 2395;-;  187;-;    2;-;   18;-;    3;-;   84;-;  130;-;  102;-;   11;-; 2914;-; 2696;-;  211;-;    7;-;   16;-;    5;-;  101;-;  138;-;  108;-;   10;-
4607;5027;05;A;  52;100315; 1;w;15; 2611;-; 3783;-;  206;-;  244;-; 2379;-; 2190;-;  183;-;    6;-;   10;-;    5;-;   83;-;  118;-;   89;-;   16;-; 3506;-; 3230;-;  270;-;    6;-;   17;-;    5;-;   95;-;  144;-;  119;-;   16;-
4607;5027;05;A;  52;100315; 1;w;16; 2737;-; 4566;-;  193;-;  182;-; 2516;-; 2327;-;  187;-;    2;-;   14;-;    3;-;   71;-;  119;-;   98;-;   14;-; 4358;-; 4076;-;  273;-;    9;-;    9;-;    9;-;   68;-;  105;-;   68;-;   17;-
4607;5027;05;A;  52;100315; 1;w;17; 3187;-; 5270;-;  180;-;  183;-; 2958;-; 2777;-;  175;-;    6;-;   14;-;    2;-;   67;-;  111;-;   85;-;   35;-; 5065;-; 4852;-;  210;-;    3;-;   12;-;    9;-;   67;-;  107;-;   84;-;   10;-
4607;5027;05;A;  52;100315; 1;w;18; 3424;-; 5613;-;  112;-;  139;-; 3288;-; 3162;-;  124;-;    2;-;    6;-;    4;-;   40;-;   68;-;   51;-;   18;-; 5444;-; 5314;-;  125;-;    5;-;   22;-;    4;-;   55;-;   80;-;   63;-;    8;-
4607;5027;05;A;  52;100315; 1;w;19; 3013;-; 4785;-;   75;-;  103;-; 2902;-; 2783;-;  119;-;    0;-;    6;-;    0;-;   23;-;   52;-;   40;-;   30;-; 4651;-; 4515;-;  130;-;    6;-;   11;-;    4;-;   22;-;   77;-;   65;-;   20;-
4607;5027;05;A;  52;100315; 1;w;20; 2222;-; 3134;-;   54;-;   68;-; 2150;-; 2056;-;   90;-;    4;-;    4;-;    4;-;   10;-;   40;-;   32;-;   14;-; 3054;-; 2943;-;  106;-;    5;-;    4;-;    0;-;   18;-;   50;-;   43;-;    8;-
4607;5027;05;A;  52;100315; 1;w;21; 1426;-; 1969;-;   58;-;   67;-; 1355;-; 1296;-;   58;-;    1;-;    4;-;    3;-;   14;-;   41;-;   30;-;    9;-; 1889;-; 1803;-;   83;-;    3;-;    5;-;    7;-;   11;-;   49;-;   31;-;    8;-
4607;5027;05;A;  52;100315; 1;w;22; 1190;-; 1466;-;   54;-;   43;-; 1130;-; 1075;-;   52;-;    3;-;    0;-;    1;-;   12;-;   41;-;   30;-;    6;-; 1416;-; 1334;-;   82;-;    0;-;    2;-;    1;-;    7;-;   35;-;   20;-;    5;-
4607;5027;05;A;  52;100315; 1;w;23;  812;-; 1315;-;   55;-;   53;-;  751;-;  695;-;   55;-;    1;-;    0;-;    3;-;   13;-;   39;-;   29;-;    6;-; 1251;-; 1191;-;   59;-;    1;-;    5;-;    1;-;    8;-;   44;-;   32;-;    6;-
4607;5027;05;A;  52;100315; 1;w;24;  389;-;  806;-;   40;-;   55;-;  348;-;  311;-;   36;-;    1;-;    0;-;    0;-;    9;-;   31;-;   22;-;    1;-;  747;-;  704;-;   43;-;    0;-;    3;-;    3;-;    9;-;   43;-;   30;-;    1;-
4607;5027;05;A;  52;100316; 2;w;01;  191;-;  281;-;   29;-;   39;-;  161;-;  141;-;   20;-;    0;-;    0;-;    3;-;    5;-;   21;-;   14;-;    1;-;  239;-;  227;-;   11;-;    1;-;    2;-;    3;-;    5;-;   31;-;   19;-;    1;-
4607;5027;05;A;  52;100316; 2;w;02;  143;-;  141;-;   38;-;   28;-;  103;-;   79;-;   23;-;    1;-;    0;-;    0;-;    6;-;   32;-;   24;-;    2;-;  112;-;   94;-;   18;-;    0;-;    0;-;    0;-;    4;-;   24;-;   17;-;    1;-
4607;5027;05;A;  52;100316; 2;w;03;  139;-;  117;-;   53;-;   43;-;   84;-;   72;-;   12;-;    0;-;    1;-;    0;-;   15;-;   38;-;   28;-;    1;-;   73;-;   53;-;   19;-;    1;-;    1;-;    0;-;   14;-;   29;-;   26;-;    0;-
4607;5027;05;A;  52;100316; 2;w;04;  322;-;  158;-;   58;-;   60;-;  260;-;  236;-;   24;-;    0;-;    1;-;    1;-;   18;-;   39;-;   26;-;    3;-;   96;-;   76;-;   20;-;    0;-;    0;-;    0;-;   27;-;   33;-;   18;-;    2;-
4607;5027;05;A;  52;100316; 2;w;05;  831;-;  328;-;  100;-;   83;-;  728;-;  683;-;   42;-;    3;-;    1;-;    8;-;   33;-;   59;-;   41;-;    2;-;  241;-;  208;-;   33;-;    0;-;    2;-;    0;-;   36;-;   47;-;   28;-;    2;-
4607;5027;05;A;  52;100316; 2;w;06; 2580;-;  780;-;  168;-;  122;-; 2381;-; 2295;-;   77;-;    9;-;    6;-;    2;-;   66;-;  100;-;   81;-;   25;-;  653;-;  600;-;   51;-;    2;-;    2;-;    1;-;   45;-;   76;-;   59;-;    3;-
4607;5027;05;A;  52;100316; 2;w;07; 5314;-; 1925;-;  207;-;  132;-; 5039;-; 4772;-;  260;-;    7;-;   12;-;    3;-;   90;-;  114;-;   84;-;   56;-; 1778;-; 1614;-;  159;-;    5;-;    5;-;    2;-;   60;-;   70;-;   53;-;   10;-
4607;5027;05;A;  52;100316; 2;w;08; 6547;-; 3542;-;  226;-;  213;-; 6197;-; 5939;-;  240;-;   18;-;   25;-;   11;-;   89;-;  126;-;   97;-;   99;-; 3308;-; 3106;-;  199;-;    3;-;    6;-;    2;-;   94;-;  117;-;   79;-;   15;-
4607;5027;05;A;  52;100316; 2;w;09; 6125;-; 3918;-;  249;-;  219;-; 5781;-; 5561;-;  208;-;   12;-;   18;-;    4;-;  113;-;  132;-;  101;-;   77;-; 3663;-; 3464;-;  196;-;    3;-;   12;-;    5;-;  111;-;  103;-;   79;-;   24;-
4607;5027;05;A;  52;100316; 2;w;10; 4589;-; 2762;-;  274;-;  277;-; 4259;-; 4049;-;  193;-;   17;-;   16;-;   10;-;  105;-;  159;-;  122;-;   40;-; 2455;-; 2257;-;  195;-;    3;-;   11;-;    6;-;  110;-;  161;-;  129;-;   19;-
4607;5027;05;A;  52;100316; 2;w;11; 3070;-; 2336;-;  237;-;  264;-; 2789;-; 2574;-;  214;-;    1;-;   19;-;    2;-;  104;-;  131;-;  107;-;   25;-; 2050;-; 1828;-;  221;-;    1;-;   10;-;    6;-;  101;-;  157;-;  115;-;   12;-
4607;5027;05;A;  52;100316; 2;w;12; 2787;-; 2456;-;  255;-;  241;-; 2500;-; 2293;-;  201;-;    6;-;   10;-;    6;-;  103;-;  146;-;  105;-;   22;-; 2184;-; 1955;-;  223;-;    6;-;   18;-;    2;-;   96;-;  143;-;  111;-;   13;-
4607;5027;05;A;  52;100316; 2;w;13; 2963;-; 2840;-;  232;-;  230;-; 2702;-; 2515;-;  176;-;   11;-;   12;-;    5;-;   76;-;  151;-;  116;-;   17;-; 2583;-; 2352;-;  226;-;    5;-;   12;-;    7;-;   85;-;  138;-;  107;-;   15;-
4607;5027;05;A;  52;100316; 2;w;14; 2964;-; 3324;-;  210;-;  228;-; 2722;-; 2533;-;  185;-;    4;-;   13;-;    2;-;   88;-;  120;-;  100;-;   19;-; 3075;-; 2838;-;  233;-;    4;-;   11;-;    2;-;   99;-;  127;-;   97;-;   10;-
4607;5027;05;A;  52;100316; 2;w;15; 2750;-; 3952;-;  240;-;  244;-; 2482;-; 2280;-;  198;-;    4;-;   15;-;    2;-;   83;-;  155;-;  117;-;   13;-; 3675;-; 3392;-;  277;-;    6;-;   16;-;    5;-;   86;-;  153;-;  109;-;   17;-
4607;5027;05;A;  52;100316; 2;w;16; 3007;-; 4902;-;  221;-;  204;-; 2762;-; 2595;-;  162;-;    5;-;    9;-;    5;-;   72;-;  144;-;  116;-;   15;-; 4667;-; 4383;-;  280;-;    4;-;   15;-;    6;-;   92;-;  106;-;   79;-;   16;-
4607;5027;05;A;  52;100316; 2;w;17; 3350;-; 5688;-;  192;-;  177;-; 3128;-; 2934;-;  187;-;    7;-;   14;-;    4;-;   69;-;  119;-;   91;-;   16;-; 5493;-; 5246;-;  243;-;    4;-;   12;-;    8;-;   57;-;  112;-;   84;-;    6;-
4607;5027;05;A;  52;100316; 2;w;18; 3564;-; 5940;-;  135;-;  122;-; 3390;-; 3219;-;  165;-;    6;-;   11;-;    2;-;   40;-;   93;-;   75;-;   28;-; 5780;-; 5570;-;  203;-;    7;-;   17;-;    5;-;   42;-;   75;-;   65;-;   21;-
4607;5027;05;A;  52;100316; 2;w;19; 3434;-; 5109;-;   95;-;  109;-; 3309;-; 3179;-;  121;-;    9;-;    7;-;    6;-;   18;-;   71;-;   58;-;   23;-; 4979;-; 4824;-;  147;-;    8;-;   10;-;    1;-;   32;-;   76;-;   60;-;   11;-
4607;5027;05;A;  52;100316; 2;w;20; 2338;-; 3256;-;   81;-;   72;-; 2241;-; 2124;-;  104;-;   13;-;    3;-;    4;-;   19;-;   58;-;   45;-;   13;-; 3171;-; 3019;-;  146;-;    6;-;    4;-;    2;-;   23;-;   47;-;   37;-;    9;-
4607;5027;05;A;  52;100316; 2;w;21; 1537;-; 2164;-;   63;-;   72;-; 1450;-; 1352;-;   95;-;    3;-;    2;-;    3;-;   16;-;   44;-;   31;-;   22;-; 2078;-; 1941;-;  135;-;    2;-;    4;-;    5;-;    9;-;   58;-;   38;-;   10;-
4607;5027;05;A;  52;100316; 2;w;22; 1308;-; 1605;-;   39;-;   54;-; 1257;-; 1190;-;   63;-;    4;-;    2;-;    2;-;    5;-;   32;-;   25;-;   10;-; 1530;-; 1444;-;   84;-;    2;-;    3;-;    1;-;    3;-;   50;-;   35;-;   18;-
4607;5027;05;A;  52;100316; 2;w;23;  883;-; 1570;-;   46;-;   40;-;  823;-;  748;-;   75;-;    0;-;    2;-;    3;-;   16;-;   27;-;   25;-;   12;-; 1522;-; 1441;-;   78;-;    3;-;    2;-;    3;-;   13;-;   24;-;   19;-;    6;-
4607;5027;05;A;  52;100316; 2;w;24;  477;-;  747;-;   29;-;   43;-;  446;-;  399;-;   47;-;    0;-;    0;-;    3;-;    6;-;   20;-;   13;-;    2;-;  698;-;  651;-;   47;-;    0;-;    1;-;    1;-;    6;-;   36;-;   26;-;    5;-
4607;5027;05;A;  52;100317; 3;w;01;  230;-;  313;-;   35;-;   36;-;  194;-;  159;-;   34;-;    1;-;    0;-;    2;-;    8;-;   25;-;   16;-;    1;-;  273;-;  243;-;   30;-;    0;-;    1;-;    2;-;    5;-;   29;-;   22;-;    3;-
4607;5027;05;A;  52;100317; 3;w;02;  157;-;  173;-;   44;-;   27;-;  113;-;   90;-;   23;-;    0;-;    0;-;    2;-;   12;-;   30;-;   23;-;    0;-;  146;-;  124;-;   22;-;    0;-;    0;-;    1;-;    3;-;   23;-;   18;-;    0;-
4607;5027;05;A;  52;100317; 3;w;03;  148;-;  151;-;   49;-;   46;-;   98;-;   78;-;   20;-;    0;-;    0;-;    1;-;   13;-;   35;-;   24;-;    1;-;  104;-;   79;-;   25;-;    0;-;    1;-;    0;-;   12;-;   34;-;   16;-;    0;-
4607;5027;05;A;  52;100317; 3;w;04;  346;-;  183;-;   54;-;   61;-;  290;-;  257;-;   33;-;    0;-;    1;-;    2;-;   16;-;   36;-;   24;-;    1;-;  122;-;   99;-;   23;-;    0;-;    0;-;    1;-;   30;-;   30;-;   21;-;    0;-
4607;5027;05;A;  52;100317; 3;w;05;  864;-;  321;-;  101;-;   89;-;  754;-;  697;-;   45;-;   12;-;    0;-;    7;-;   42;-;   52;-;   37;-;    9;-;  231;-;  196;-;   35;-;    0;-;    0;-;    0;-;   35;-;   54;-;   29;-;    1;-
4607;5027;05;A;  52;100317; 3;w;06; 2437;-;  777;-;  177;-;  126;-; 2235;-; 2116;-;  102;-;   17;-;    1;-;    4;-;   68;-;  105;-;   81;-;   24;-;  644;-;  576;-;   63;-;    5;-;    1;-;    1;-;   40;-;   85;-;   64;-;    6;-
4607;5027;05;A;  52;100317; 3;w;07; 5157;-; 1970;-;  249;-;  166;-; 4818;-; 4539;-;  255;-;   24;-;   12;-;    9;-;   94;-;  146;-;  102;-;   78;-; 1786;-; 1621;-;  160;-;    5;-;    8;-;    1;-;   62;-;  103;-;   84;-;   10;-
4607;5027;05;A;  52;100317; 3;w;08; 6523;-; 3525;-;  242;-;  204;-; 6218;-; 5989;-;  215;-;   14;-;   18;-;   11;-;  111;-;  120;-;   88;-;   45;-; 3288;-; 3077;-;  205;-;    6;-;   12;-;    4;-;  101;-;   99;-;   70;-;   21;-
4607;5027;05;A;  52;100317; 3;w;09; 5738;-; 4005;-;  215;-;  273;-; 5481;-; 5278;-;  194;-;    9;-;    8;-;    0;-;   95;-;  120;-;  100;-;   34;-; 3706;-; 3475;-;  225;-;    6;-;   14;-;    7;-;  115;-;  151;-;  115;-;   12;-
4607;5027;05;A;  52;100317; 3;w;10; 4762;-; 2661;-;  290;-;  264;-; 4432;-; 4208;-;  217;-;    7;-;   23;-;    9;-;  113;-;  168;-;  134;-;   17;-; 2377;-; 2161;-;  213;-;    3;-;   11;-;    4;-;  126;-;  134;-;   98;-;    9;-
4607;5027;05;A;  52;100317; 3;w;11; 3633;-; 2406;-;  312;-;  281;-; 3285;-; 3068;-;  208;-;    9;-;   17;-;    9;-;  113;-;  190;-;  142;-;   19;-; 2098;-; 1869;-;  226;-;    3;-;   10;-;    4;-;  106;-;  171;-;  133;-;   17;-
4607;5027;05;A;  52;100317; 3;w;12; 2855;-; 2442;-;  262;-;  244;-; 2556;-; 2358;-;  196;-;    2;-;   14;-;    3;-;  102;-;  157;-;  120;-;   23;-; 2168;-; 1912;-;  249;-;    7;-;   20;-;    8;-;   90;-;  146;-;  109;-;   10;-
4607;5027;05;A;  52;100317; 3;w;13; 3088;-; 2902;-;  246;-;  236;-; 2794;-; 2594;-;  190;-;   10;-;   20;-;    8;-;   89;-;  149;-;  114;-;   28;-; 2635;-; 2406;-;  218;-;   11;-;   19;-;    4;-;   80;-;  152;-;  120;-;   12;-
4607;5027;05;A;  52;100317; 3;w;14; 3091;-; 3594;-;  236;-;  246;-; 2806;-; 2580;-;  212;-;   14;-;   17;-;    6;-;   89;-;  141;-;  117;-;   32;-; 3311;-; 3060;-;  239;-;   12;-;   21;-;    4;-;  106;-;  136;-;  109;-;   16;-
4607;5027;05;A;  52;100317; 3;w;15; 2996;-; 4075;-;  211;-;  261;-; 2758;-; 2547;-;  203;-;    8;-;   13;-;    3;-;   91;-;  117;-;   88;-;   14;-; 3791;-; 3532;-;  246;-;   13;-;   11;-;    9;-;  115;-;  137;-;   97;-;   12;-
4607;5027;05;A;  52;100317; 3;w;16; 3159;-; 4920;-;  204;-;  213;-; 2922;-; 2705;-;  201;-;   16;-;    8;-;    4;-;   89;-;  111;-;   92;-;   25;-; 4680;-; 4333;-;  327;-;   20;-;   19;-;    2;-;   93;-;  118;-;   90;-;    8;-
4607;5027;05;A;  52;100317; 3;w;17; 3405;-; 5824;-;  158;-;  171;-; 3216;-; 3030;-;  172;-;   14;-;   11;-;    3;-;   56;-;   99;-;   71;-;   20;-; 5617;-; 5321;-;  273;-;   23;-;   21;-;    6;-;   61;-;  104;-;   84;-;   15;-
4607;5027;05;A;  52;100317; 3;w;18; 3825;-; 5995;-;  125;-;  126;-; 3656;-; 3459;-;  177;-;   20;-;    9;-;    2;-;   29;-;   94;-;   71;-;   35;-; 5844;-; 5645;-;  179;-;   20;-;   12;-;    3;-;   47;-;   76;-;   61;-;   13;-
4607;5027;05;A;  52;100317; 3;w;19; 3474;-; 5221;-;  106;-;   98;-; 3331;-; 3160;-;  162;-;    9;-;    5;-;    6;-;   23;-;   77;-;   59;-;   32;-; 5101;-; 4916;-;  171;-;   14;-;   11;-;    3;-;   24;-;   71;-;   57;-;   11;-
4607;5027;05;A;  52;100317; 3;w;20; 2412;-; 3606;-;   69;-;   78;-; 2325;-; 2186;-;  131;-;    8;-;    5;-;    2;-;   14;-;   53;-;   41;-;   13;-; 3500;-; 3339;-;  153;-;    8;-;    4;-;    3;-;   26;-;   49;-;   37;-;   24;-
4607;5027;05;A;  52;100317; 3;w;21; 1606;-; 2279;-;   69;-;   80;-; 1526;-; 1417;-;  101;-;    8;-;    6;-;    5;-;   20;-;   44;-;   30;-;    5;-; 2184;-; 2033;-;  146;-;    5;-;    2;-;    4;-;   13;-;   63;-;   38;-;   13;-
4607;5027;05;A;  52;100317; 3;w;22; 1283;-; 1857;-;   40;-;   48;-; 1231;-; 1169;-;   59;-;    3;-;    1;-;    1;-;   10;-;   29;-;   21;-;   11;-; 1798;-; 1694;-;  100;-;    4;-;    1;-;    2;-;    8;-;   38;-;   25;-;   10;-
4607;5027;05;A;  52;100317; 3;w;23;  868;-; 1683;-;   47;-;   45;-;  810;-;  756;-;   52;-;    2;-;    3;-;    2;-;   12;-;   33;-;   26;-;    8;-; 1626;-; 1535;-;   83;-;    8;-;    4;-;    3;-;    9;-;   33;-;   22;-;    8;-
4607;5027;05;A;  52;100317; 3;w;24;  510;-;  857;-;   36;-;   51;-;  469;-;  418;-;   48;-;    3;-;    0;-;    0;-;    7;-;   29;-;   20;-;    5;-;  800;-;  741;-;   59;-;    0;-;    0;-;    2;-;    7;-;   42;-;   28;-;    6;-
4607;5027;05;A;  52;100318; 4;w;01;  222;-;  308;-;   33;-;   29;-;  187;-;  161;-;   24;-;    2;-;    0;-;    0;-;    7;-;   26;-;   18;-;    2;-;  276;-;  251;-;   23;-;    2;-;    3;-;    2;-;    2;-;   25;-;   17;-;    0;-
4607;5027;05;A;  52;100318; 4;w;02;  161;-;  196;-;   44;-;   36;-;  115;-;   85;-;   29;-;    1;-;    0;-;    1;-;   11;-;   32;-;   23;-;    2;-;  159;-;  133;-;   26;-;    0;-;    1;-;    0;-;    6;-;   30;-;   20;-;    0;-
4607;5027;05;A;  52;100318; 4;w;03;  154;-;  134;-;   42;-;   35;-;  112;-;   87;-;   24;-;    1;-;    0;-;    0;-;   14;-;   28;-;   19;-;    0;-;   99;-;   82;-;   17;-;    0;-;    0;-;    0;-;   14;-;   21;-;   16;-;    0;-
4607;5027;05;A;  52;100318; 4;w;04;  341;-;  171;-;   62;-;   52;-;  272;-;  245;-;   26;-;    1;-;    2;-;    1;-;   16;-;   45;-;   26;-;    5;-;  119;-;   97;-;   22;-;    0;-;    0;-;    0;-;   24;-;   28;-;   20;-;    0;-
4607;5027;05;A;  52;100318; 4;w;05;  878;-;  317;-;  102;-;   87;-;  769;-;  721;-;   43;-;    5;-;    4;-;    7;-;   40;-;   55;-;   34;-;    3;-;  228;-;  200;-;   28;-;    0;-;    1;-;    3;-;   43;-;   41;-;   25;-;    1;-
4607;5027;05;A;  52;100318; 4;w;06; 2514;-;  807;-;  177;-;  119;-; 2314;-; 2200;-;   93;-;   21;-;    6;-;    3;-;   67;-;  107;-;   87;-;   17;-;  679;-;  597;-;   74;-;    8;-;    3;-;    2;-;   34;-;   83;-;   69;-;    6;-
4607;5027;05;A;  52;100318; 4;w;07; 5301;-; 1997;-;  220;-;  148;-; 5032;-; 4747;-;  261;-;   24;-;   19;-;    2;-;   93;-;  125;-;   96;-;   30;-; 1832;-; 1654;-;  172;-;    6;-;    7;-;    3;-;   68;-;   77;-;   56;-;   10;-
4607;5027;05;A;  52;100318; 4;w;08; 6523;-; 3540;-;  239;-;  202;-; 6207;-; 5935;-;  250;-;   22;-;   25;-;   10;-;  100;-;  129;-;   96;-;   52;-; 3307;-; 3081;-;  222;-;    4;-;   12;-;    3;-;   85;-;  114;-;   87;-;   19;-
4607;5027;05;A;  52;100318; 4;w;09; 6207;-; 3827;-;  260;-;  234;-; 5890;-; 5697;-;  173;-;   20;-;   21;-;    4;-;  120;-;  136;-;  108;-;   36;-; 3572;-; 3346;-;  218;-;    8;-;    6;-;    6;-;   90;-;  138;-;  104;-;   15;-
4607;5027;05;A;  52;100318; 4;w;10; 4463;-; 2782;-;  302;-;  288;-; 4116;-; 3884;-;  218;-;   14;-;   12;-;   22;-;  106;-;  174;-;  132;-;   33;-; 2475;-; 2256;-;  210;-;    9;-;   14;-;    8;-;  117;-;  163;-;  131;-;    5;-
4607;5027;05;A;  52;100318; 4;w;11; 2946;-; 2462;-;  244;-;  281;-; 2663;-; 2440;-;  207;-;   16;-;   16;-;    3;-;   88;-;  153;-;  110;-;   23;-; 2159;-; 1939;-;  209;-;   11;-;   11;-;    8;-;  110;-;  163;-;  126;-;   11;-
4607;5027;05;A;  52;100318; 4;w;12; 2854;-; 2456;-;  251;-;  239;-; 2566;-; 2367;-;  179;-;   20;-;   17;-;    4;-;   67;-;  180;-;  138;-;   20;-; 2195;-; 1965;-;  219;-;   11;-;   11;-;    2;-;  100;-;  137;-;  102;-;   11;-
4607;5027;05;A;  52;100318; 4;w;13; 2836;-; 2784;-;  227;-;  228;-; 2585;-; 2366;-;  202;-;   17;-;    9;-;    5;-;   79;-;  143;-;  113;-;   15;-; 2531;-; 2296;-;  225;-;   10;-;   16;-;    2;-;   90;-;  136;-;  105;-;    9;-
4607;5027;05;A;  52;100318; 4;w;14; 2858;-; 3416;-;  218;-;  244;-; 2608;-; 2421;-;  174;-;   13;-;   17;-;    3;-;   81;-;  134;-;  108;-;   15;-; 3145;-; 2907;-;  223;-;   15;-;   16;-;    5;-;   88;-;  151;-;  119;-;   11;-
4607;5027;05;A;  52;100318; 4;w;15; 2816;-; 4110;-;  215;-;  249;-; 2568;-; 2338;-;  213;-;   17;-;   19;-;    3;-;   80;-;  132;-;  108;-;   14;-; 3831;-; 3548;-;  246;-;   37;-;   20;-;    5;-;  105;-;  139;-;  105;-;   10;-
4607;5027;05;A;  52;100318; 4;w;16; 3124;-; 5193;-;  190;-;  212;-; 2901;-; 2677;-;  200;-;   24;-;   11;-;    3;-;   71;-;  116;-;   98;-;   22;-; 4949;-; 4639;-;  285;-;   25;-;   19;-;    6;-;   97;-;  109;-;   83;-;   13;-
4607;5027;05;A;  52;100318; 4;w;17; 3539;-; 5896;-;  168;-;  216;-; 3343;-; 3128;-;  192;-;   23;-;   12;-;    2;-;   67;-;   99;-;   79;-;   16;-; 5640;-; 5333;-;  265;-;   42;-;   21;-;   19;-;   77;-;  120;-;   95;-;   19;-
4607;5027;05;A;  52;100318; 4;w;18; 3805;-; 6025;-;  127;-;  158;-; 3639;-; 3495;-;  123;-;   21;-;    7;-;    4;-;   37;-;   86;-;   67;-;   32;-; 5822;-; 5597;-;  191;-;   34;-;   24;-;    6;-;   58;-;   94;-;   71;-;   21;-
4607;5027;05;A;  52;100318; 4;w;19; 3536;-; 5312;-;   94;-;   97;-; 3414;-; 3267;-;  129;-;   18;-;    9;-;    3;-;   27;-;   64;-;   50;-;   19;-; 5191;-; 5012;-;  158;-;   21;-;   12;-;    3;-;   22;-;   72;-;   52;-;   12;-
4607;5027;05;A;  52;100318; 4;w;20; 2465;-; 3387;-;   82;-;   79;-; 2357;-; 2210;-;  129;-;   18;-;    9;-;    3;-;   16;-;   63;-;   49;-;   17;-; 3277;-; 3105;-;  158;-;   14;-;   13;-;    2;-;   22;-;   55;-;   45;-;   18;-
4607;5027;05;A;  52;100318; 4;w;21; 1594;-; 2440;-;   62;-;   71;-; 1518;-; 1418;-;   94;-;    6;-;    3;-;    3;-;   14;-;   45;-;   35;-;   11;-; 2356;-; 2203;-;  142;-;   11;-;    5;-;    9;-;   11;-;   51;-;   33;-;    8;-
4607;5027;05;A;  52;100318; 4;w;22; 1407;-; 1668;-;   54;-;   62;-; 1342;-; 1255;-;   81;-;    6;-;    0;-;    4;-;   12;-;   38;-;   28;-;   11;-; 1597;-; 1492;-;   97;-;    8;-;    4;-;    4;-;   11;-;   47;-;   32;-;    5;-
4607;5027;05;A;  52;100318; 4;w;23;  951;-; 1747;-;   47;-;   44;-;  893;-;  818;-;   73;-;    2;-;    1;-;    4;-;   16;-;   27;-;   20;-;   10;-; 1690;-; 1558;-;  117;-;   15;-;    1;-;    1;-;   11;-;   32;-;   26;-;   12;-
4607;5027;05;A;  52;100318; 4;w;24;  538;-; 1090;-;   31;-;   56;-;  501;-;  451;-;   48;-;    2;-;    2;-;    1;-;    5;-;   25;-;   20;-;    4;-; 1031;-;  945;-;   83;-;    3;-;    0;-;    3;-;   11;-;   42;-;   28;-;    3;-
4607;5027;05;A;  52;100319; 5;w;01;  287;-;  358;-;   46;-;   42;-;  238;-;  195;-;   43;-;    0;-;    1;-;    0;-;   13;-;   33;-;   24;-;    2;-;  312;-;  273;-;   38;-;    1;-;    1;-;    2;-;    6;-;   34;-;   19;-;    3;-
4607;5027;05;A;  52;100319; 5;w;02;  171;-;  218;-;   35;-;   29;-;  136;-;  105;-;   28;-;    3;-;    0;-;    1;-;    9;-;   25;-;   21;-;    0;-;  187;-;  156;-;   29;-;    2;-;    2;-;    0;-;    4;-;   25;-;   21;-;    0;-
4607;5027;05;A;  52;100319; 5;w;03;  185;-;  163;-;   55;-;   36;-;  125;-;  102;-;   23;-;    0;-;    0;-;    2;-;   17;-;   36;-;   20;-;    5;-;  126;-;   98;-;   28;-;    0;-;    0;-;    0;-;   11;-;   25;-;   19;-;    1;-
4607;5027;05;A;  52;100319; 5;w;04;  428;-;  202;-;   57;-;   53;-;  367;-;  323;-;   44;-;    0;-;    1;-;    2;-;   16;-;   39;-;   22;-;    3;-;  145;-;  113;-;   32;-;    0;-;    2;-;    0;-;   19;-;   34;-;   23;-;    2;-
4607;5027;05;A;  52;100319; 5;w;05;  886;-;  379;-;  110;-;  102;-;  770;-;  712;-;   56;-;    2;-;    0;-;    9;-;   46;-;   55;-;   35;-;    6;-;  274;-;  229;-;   44;-;    1;-;    2;-;    1;-;   43;-;   58;-;   41;-;    1;-
4607;5027;05;A;  52;100319; 5;w;06; 2353;-;  789;-;  181;-;  138;-; 2157;-; 2043;-;  102;-;   12;-;    2;-;    3;-;   68;-;  110;-;   85;-;   13;-;  647;-;  581;-;   62;-;    4;-;    3;-;    4;-;   48;-;   86;-;   58;-;    1;-
4607;5027;05;A;  52;100319; 5;w;07; 4769;-; 1872;-;  242;-;  147;-; 4488;-; 4248;-;  227;-;   13;-;   18;-;    6;-;   89;-;  147;-;  101;-;   21;-; 1712;-; 1545;-;  160;-;    7;-;    4;-;    2;-;   54;-;   91;-;   57;-;    9;-
4607;5027;05;A;  52;100319; 5;w;08; 5625;-; 3364;-;  262;-;  197;-; 5284;-; 5111;-;  160;-;   13;-;   37;-;   13;-;  119;-;  130;-;   90;-;   42;-; 3141;-; 2924;-;  206;-;   11;-;   12;-;    4;-;   88;-;  105;-;   80;-;   14;-
4607;5027;05;A;  52;100319; 5;w;09; 5884;-; 3548;-;  248;-;  257;-; 5575;-; 5338;-;  219;-;   18;-;   20;-;    8;-;  111;-;  129;-;  101;-;   41;-; 3278;-; 3061;-;  215;-;    2;-;    7;-;    7;-;  121;-;  129;-;   92;-;    6;-
4607;5027;05;A;  52;100319; 5;w;10; 3811;-; 2726;-;  284;-;  276;-; 3475;-; 3279;-;  188;-;    8;-;   19;-;    8;-;  107;-;  169;-;  136;-;   33;-; 2426;-; 2209;-;  211;-;    6;-;    9;-;    5;-;  114;-;  157;-;  117;-;   15;-
4607;5027;05;A;  52;100319; 5;w;11; 2952;-; 2524;-;  257;-;  255;-; 2644;-; 2457;-;  178;-;    9;-;   21;-;    4;-;  104;-;  149;-;  128;-;   30;-; 2236;-; 1991;-;  244;-;    1;-;   21;-;    4;-;  103;-;  148;-;  115;-;   12;-
4607;5027;05;A;  52;100319; 5;w;12; 2821;-; 2680;-;  234;-;  265;-; 2560;-; 2362;-;  196;-;    2;-;   13;-;    8;-;   91;-;  135;-;  105;-;   14;-; 2387;-; 2119;-;  258;-;   10;-;   17;-;    9;-;  102;-;  154;-;  127;-;   11;-
4607;5027;05;A;  52;100319; 5;w;13; 3063;-; 3723;-;  231;-;  260;-; 2801;-; 2574;-;  222;-;    5;-;   12;-;    3;-;   94;-;  134;-;   98;-;   19;-; 3430;-; 3173;-;  248;-;    9;-;   19;-;    2;-;  107;-;  151;-;  103;-;   14;-
4607;5027;05;A;  52;100319; 5;w;14; 3353;-; 4516;-;  223;-;  250;-; 3083;-; 2873;-;  206;-;    4;-;   19;-;    6;-;   93;-;  124;-;   94;-;   28;-; 4226;-; 3941;-;  273;-;   12;-;   23;-;    7;-;  117;-;  126;-;   98;-;   17;-
4607;5027;05;A;  52;100319; 5;w;15; 2983;-; 5370;-;  194;-;  254;-; 2760;-; 2588;-;  165;-;    7;-;   13;-;    1;-;   95;-;   98;-;   86;-;   16;-; 5082;-; 4845;-;  225;-;   12;-;   22;-;   10;-;  118;-;  126;-;   93;-;   12;-
4607;5027;05;A;  52;100319; 5;w;16; 3569;-; 5348;-;  199;-;  208;-; 3324;-; 3129;-;  188;-;    7;-;   22;-;    2;-;   76;-;  121;-;   98;-;   24;-; 5102;-; 4894;-;  198;-;   10;-;   21;-;    9;-;   81;-;  118;-;   90;-;   17;-
4607;5027;05;A;  52;100319; 5;w;17; 3743;-; 5289;-;  151;-;  150;-; 3554;-; 3350;-;  191;-;   13;-;   20;-;    7;-;   57;-;   87;-;   66;-;   18;-; 5116;-; 4878;-;  228;-;   10;-;   13;-;   10;-;   51;-;   89;-;   68;-;   10;-
4607;5027;05;A;  52;100319; 5;w;18; 3777;-; 4946;-;  122;-;  129;-; 3624;-; 3460;-;  158;-;    6;-;   13;-;    2;-;   42;-;   78;-;   57;-;   18;-; 4780;-; 4610;-;  160;-;   10;-;   14;-;    7;-;   43;-;   79;-;   66;-;   23;-
4607;5027;05;A;  52;100319; 5;w;19; 3408;-; 4339;-;   87;-;   83;-; 3265;-; 3119;-;  139;-;    7;-;   14;-;   11;-;   17;-;   59;-;   51;-;   42;-; 4233;-; 4077;-;  142;-;   14;-;   11;-;    7;-;   21;-;   55;-;   40;-;   12;-
4607;5027;05;A;  52;100319; 5;w;20; 2416;-; 3265;-;   71;-;   68;-; 2321;-; 2222;-;   91;-;    8;-;    7;-;    4;-;   18;-;   49;-;   44;-;   17;-; 3160;-; 3003;-;  149;-;    8;-;   17;-;    5;-;   13;-;   50;-;   37;-;   20;-
4607;5027;05;A;  52;100319; 5;w;21; 1677;-; 2259;-;   63;-;   80;-; 1594;-; 1518;-;   73;-;    3;-;    7;-;    8;-;   17;-;   38;-;   28;-;   13;-; 2166;-; 2031;-;  127;-;    8;-;    5;-;    8;-;   14;-;   58;-;   40;-;    8;-
4607;5027;05;A;  52;100319; 5;w;22; 1434;-; 1716;-;   44;-;   51;-; 1377;-; 1292;-;   82;-;    3;-;    6;-;    4;-;   10;-;   30;-;   19;-;    7;-; 1656;-; 1561;-;   91;-;    4;-;    5;-;    3;-;   13;-;   35;-;   24;-;    4;-
4607;5027;05;A;  52;100319; 5;w;23; 1103;-; 1702;-;   32;-;   50;-; 1065;-;  994;-;   68;-;    3;-;    0;-;    4;-;   12;-;   16;-;   14;-;    6;-; 1639;-; 1558;-;   76;-;    5;-;    2;-;    3;-;   15;-;   32;-;   20;-;   11;-
4607;5027;05;A;  52;100319; 5;w;24;  916;-; 1261;-;   29;-;   53;-;  879;-;  829;-;   48;-;    2;-;    1;-;    2;-;    7;-;   20;-;   15;-;    7;-; 1200;-; 1153;-;   45;-;    2;-;    3;-;    4;-;   11;-;   38;-;   26;-;    5;-
4607;5027;05;A;  52;100320; 6;w;01;  539;-;  702;-;   38;-;   32;-;  497;-;  473;-;   24;-;    0;-;    1;-;    3;-;   15;-;   20;-;   15;-;    3;-;  664;-;  619;-;   43;-;    2;-;    1;-;    3;-;    2;-;   27;-;   18;-;    5;-
4607;5027;05;A;  52;100320; 6;w;02;  330;-;  434;-;   32;-;   26;-;  294;-;  273;-;   20;-;    1;-;    1;-;    2;-;   10;-;   20;-;   14;-;    3;-;  405;-;  375;-;   30;-;    0;-;    0;-;    0;-;    8;-;   18;-;   14;-;    3;-
4607;5027;05;A;  52;100320; 6;w;03;  240;-;  298;-;   36;-;   36;-;  201;-;  186;-;   15;-;    0;-;    1;-;    0;-;   11;-;   25;-;   18;-;    2;-;  261;-;  245;-;   15;-;    1;-;    0;-;    0;-;   12;-;   24;-;   18;-;    1;-
4607;5027;05;A;  52;100320; 6;w;04;  415;-;  279;-;   33;-;   40;-;  382;-;  349;-;   33;-;    0;-;    0;-;    3;-;   10;-;   20;-;   10;-;    0;-;  239;-;  214;-;   25;-;    0;-;    0;-;    0;-;   18;-;   22;-;   16;-;    0;-
4607;5027;05;A;  52;100320; 6;w;05;  637;-;  385;-;   41;-;   49;-;  592;-;  544;-;   46;-;    2;-;    2;-;    3;-;   15;-;   23;-;   13;-;    2;-;  332;-;  293;-;   38;-;    1;-;    2;-;    2;-;   27;-;   20;-;   15;-;    2;-
4607;5027;05;A;  52;100320; 6;w;06;  912;-;  460;-;   53;-;   38;-;  847;-;  800;-;   44;-;    3;-;    8;-;    5;-;   23;-;   25;-;   18;-;    4;-;  417;-;  372;-;   45;-;    0;-;    4;-;    3;-;   17;-;   18;-;   12;-;    1;-
4607;5027;05;A;  52;100320; 6;w;07; 1001;-;  687;-;   53;-;   49;-;  933;-;  809;-;  121;-;    3;-;   10;-;    6;-;   28;-;   19;-;   16;-;    5;-;  630;-;  543;-;   84;-;    3;-;    5;-;    6;-;   16;-;   27;-;   19;-;    3;-
4607;5027;05;A;  52;100320; 6;w;08; 1229;-;  974;-;   63;-;   46;-; 1151;-; 1011;-;  137;-;    3;-;    9;-;    7;-;   28;-;   28;-;   24;-;    6;-;  918;-;  818;-;   99;-;    1;-;    7;-;    2;-;   29;-;   15;-;   13;-;    3;-
4607;5027;05;A;  52;100320; 6;w;09; 1847;-; 1481;-;   55;-;   68;-; 1760;-; 1629;-;  129;-;    2;-;   18;-;    2;-;   37;-;   16;-;   11;-;   14;-; 1391;-; 1289;-;  101;-;    1;-;   13;-;    2;-;   41;-;   25;-;   21;-;    9;-
4607;5027;05;A;  52;100320; 6;w;10; 2479;-; 1947;-;   61;-;   57;-; 2384;-; 2236;-;  145;-;    3;-;   13;-;    6;-;   38;-;   17;-;   13;-;   21;-; 1869;-; 1733;-;  133;-;    3;-;   12;-;    5;-;   26;-;   26;-;   23;-;    9;-
4607;5027;05;A;  52;100320; 6;w;11; 2599;-; 2319;-;   67;-;   54;-; 2499;-; 2366;-;  129;-;    4;-;   16;-;   11;-;   33;-;   23;-;   21;-;   17;-; 2244;-; 2112;-;  128;-;    4;-;   11;-;    6;-;   26;-;   22;-;   18;-;   10;-
4607;5027;05;A;  52;100320; 6;w;12; 2927;-; 2687;-;   52;-;   51;-; 2839;-; 2699;-;  138;-;    2;-;   22;-;   14;-;   17;-;   21;-;   20;-;   14;-; 2615;-; 2454;-;  158;-;    3;-;   13;-;    3;-;   28;-;   20;-;   12;-;    8;-
4607;5027;05;A;  52;100320; 6;w;13; 2900;-; 2798;-;   36;-;   49;-; 2815;-; 2675;-;  134;-;    6;-;   11;-;    6;-;   19;-;   11;-;   11;-;   38;-; 2717;-; 2551;-;  162;-;    4;-;   23;-;    5;-;   24;-;   20;-;   18;-;    9;-
4607;5027;05;A;  52;100320; 6;w;14; 2929;-; 3180;-;   34;-;   33;-; 2862;-; 2727;-;  131;-;    4;-;   13;-;    2;-;   16;-;   16;-;   11;-;   20;-; 3120;-; 2949;-;  168;-;    3;-;   15;-;    0;-;   16;-;   17;-;   14;-;   12;-
4607;5027;05;A;  52;100320; 6;w;15; 2978;-; 3433;-;   37;-;   43;-; 2904;-; 2775;-;  118;-;   11;-;   17;-;    2;-;   21;-;   14;-;   14;-;   20;-; 3350;-; 3164;-;  180;-;    6;-;   30;-;    1;-;   26;-;   16;-;   13;-;   10;-
4607;5027;05;A;  52;100320; 6;w;16; 2830;-; 3189;-;   38;-;   41;-; 2769;-; 2627;-;  126;-;   16;-;   15;-;    6;-;   16;-;   16;-;   14;-;    8;-; 3111;-; 2953;-;  146;-;   12;-;   21;-;    4;-;   28;-;    9;-;    8;-;   16;-
4607;5027;05;A;  52;100320; 6;w;17; 2965;-; 3037;-;   32;-;   39;-; 2897;-; 2766;-;  118;-;   13;-;   13;-;    8;-;   14;-;   10;-;    6;-;   23;-; 2972;-; 2813;-;  152;-;    7;-;   15;-;    4;-;   21;-;   14;-;   12;-;   11;-
4607;5027;05;A;  52;100320; 6;w;18; 3134;-; 2777;-;   25;-;   28;-; 3077;-; 2959;-;  108;-;   10;-;    9;-;    7;-;   10;-;    8;-;    7;-;   23;-; 2731;-; 2576;-;  150;-;    5;-;   11;-;   11;-;   13;-;    4;-;    3;-;    7;-
4607;5027;05;A;  52;100320; 6;w;19; 3466;-; 2971;-;   23;-;   30;-; 3412;-; 3281;-;  119;-;   12;-;    8;-;    3;-;   16;-;    4;-;    4;-;   23;-; 2922;-; 2798;-;  117;-;    7;-;   12;-;   20;-;    7;-;    3;-;    3;-;    7;-
4607;5027;05;A;  52;100320; 6;w;20; 2614;-; 2570;-;   11;-;   61;-; 2578;-; 2482;-;   89;-;    7;-;    7;-;    1;-;    7;-;    3;-;    2;-;   18;-; 2498;-; 2384;-;  111;-;    3;-;    8;-;   42;-;   12;-;    7;-;    4;-;    3;-
4607;5027;05;A;  52;100320; 6;w;21; 1750;-; 1787;-;   12;-;   18;-; 1711;-; 1629;-;   75;-;    7;-;    9;-;    2;-;    4;-;    6;-;    5;-;   18;-; 1760;-; 1678;-;   76;-;    6;-;    5;-;    3;-;    8;-;    7;-;    6;-;    4;-
4607;5027;05;A;  52;100320; 6;w;22; 1271;-; 1082;-;   12;-;   10;-; 1249;-; 1185;-;   61;-;    3;-;    0;-;    3;-;    6;-;    3;-;    3;-;   10;-; 1064;-;  992;-;   69;-;    3;-;    5;-;    2;-;    6;-;    2;-;    2;-;    3;-
4607;5027;05;A;  52;100320; 6;w;23; 1129;-; 1163;-;    7;-;   10;-; 1107;-; 1065;-;   40;-;    2;-;    3;-;    2;-;    4;-;    1;-;    1;-;   12;-; 1152;-; 1108;-;   43;-;    1;-;    1;-;    0;-;    6;-;    4;-;    4;-;    0;-
4607;5027;05;A;  52;100320; 6;w;24;  860;-; 1074;-;   11;-;   12;-;  837;-;  798;-;   38;-;    1;-;    3;-;    3;-;    6;-;    2;-;    1;-;    9;-; 1060;-;  993;-;   64;-;    3;-;    0;-;    5;-;    5;-;    2;-;    2;-;    2;-
4607;5027;05;A;  52;100321; 7;s;01;  787;-; 2210;-;    6;-;    6;-;  774;-;  741;-;   31;-;    2;-;    1;-;    0;-;    5;-;    1;-;    1;-;    6;-; 2200;-; 2132;-;   67;-;    1;-;    0;-;    2;-;    2;-;    2;-;    1;-;    4;-
4607;5027;05;A;  52;100321; 7;s;02;  578;-; 2297;-;   10;-;    8;-;  565;-;  541;-;   24;-;    0;-;    1;-;    4;-;    4;-;    2;-;    1;-;    2;-; 2274;-; 2213;-;   61;-;    0;-;    1;-;    5;-;    2;-;    1;-;    1;-;   14;-
4607;5027;05;A;  52;100321; 7;s;03;  370;-;  468;-;    5;-;    8;-;  362;-;  340;-;   21;-;    1;-;    0;-;    1;-;    4;-;    0;-;    0;-;    3;-;  457;-;  426;-;   31;-;    0;-;    2;-;    3;-;    4;-;    1;-;    1;-;    1;-
4607;5027;05;A;  52;100321; 7;s;04;  448;-;  368;-;   11;-;   10;-;  436;-;  408;-;   28;-;    0;-;    0;-;    0;-;    8;-;    3;-;    3;-;    1;-;  355;-;  323;-;   32;-;    0;-;    2;-;    3;-;    6;-;    1;-;    1;-;    1;-
4607;5027;05;A;  52;100321; 7;s;05;  612;-;  394;-;    6;-;    8;-;  604;-;  575;-;   29;-;    0;-;    0;-;    2;-;    2;-;    2;-;    2;-;    2;-;  386;-;  358;-;   28;-;    0;-;    0;-;    5;-;    3;-;    0;-;    0;-;    0;-
4607;5027;05;A;  52;100321; 7;s;06;  691;-;  406;-;   19;-;    5;-;  666;-;  627;-;   36;-;    3;-;    2;-;    4;-;    6;-;    9;-;    5;-;    4;-;  398;-;  379;-;   18;-;    1;-;    3;-;    3;-;    1;-;    1;-;    1;-;    0;-
4607;5027;05;A;  52;100321; 7;s;07;  517;-;  435;-;   23;-;   13;-;  474;-;  424;-;   47;-;    3;-;   17;-;    0;-;   12;-;   11;-;    5;-;    3;-;  420;-;  390;-;   30;-;    0;-;    0;-;    1;-;   10;-;    2;-;    2;-;    2;-
4607;5027;05;A;  52;100321; 7;s;08;  713;-;  441;-;   24;-;   11;-;  669;-;  596;-;   71;-;    2;-;   18;-;    4;-;   13;-;    7;-;    7;-;    2;-;  423;-;  392;-;   29;-;    2;-;    5;-;    2;-;    2;-;    7;-;    6;-;    2;-
4607;5027;05;A;  52;100321; 7;s;09; 1106;-;  848;-;    4;-;    9;-; 1092;-; 1006;-;   85;-;    1;-;    4;-;    1;-;    3;-;    0;-;    0;-;    6;-;  833;-;  767;-;   66;-;    0;-;    2;-;    1;-;    3;-;    5;-;    4;-;    4;-
4607;5027;05;A;  52;100321; 7;s;10; 1531;-; 1240;-;   19;-;   18;-; 1501;-; 1395;-;  101;-;    5;-;    3;-;    8;-;    4;-;    7;-;    5;-;    8;-; 1213;-; 1122;-;   88;-;    3;-;    2;-;    9;-;    7;-;    2;-;    1;-;    7;-
4607;5027;05;A;  52;100321; 7;s;11; 1805;-; 1748;-;   12;-;   20;-; 1774;-; 1672;-;   99;-;    3;-;    6;-;    0;-;    6;-;    6;-;    6;-;   13;-; 1711;-; 1631;-;   77;-;    3;-;    9;-;    5;-;    8;-;    7;-;    6;-;    8;-
4607;5027;05;A;  52;100321; 7;s;12; 1933;-; 1820;-;   16;-;   17;-; 1894;-; 1793;-;   97;-;    4;-;   13;-;    2;-;    6;-;    8;-;    7;-;   10;-; 1784;-; 1689;-;   91;-;    4;-;    8;-;    2;-;   11;-;    4;-;    4;-;   11;-
4607;5027;05;A;  52;100321; 7;s;13; 2089;-; 2046;-;   12;-;   17;-; 2058;-; 1960;-;   93;-;    5;-;   10;-;    2;-;    6;-;    4;-;    3;-;    9;-; 2018;-; 1928;-;   84;-;    6;-;    4;-;    3;-;    6;-;    8;-;    7;-;    7;-
4607;5027;05;A;  52;100321; 7;s;14; 2222;-; 2305;-;   10;-;   13;-; 2190;-; 2124;-;   62;-;    4;-;    5;-;    3;-;    4;-;    3;-;    3;-;   17;-; 2279;-; 2197;-;   77;-;    5;-;    5;-;    1;-;   12;-;    0;-;    0;-;    8;-
4607;5027;05;A;  52;100321; 7;s;15; 2395;-; 2605;-;    9;-;   16;-; 2363;-; 2279;-;   81;-;    3;-;    6;-;    1;-;    3;-;    5;-;    5;-;   17;-; 2571;-; 2490;-;   80;-;    1;-;   12;-;    1;-;    7;-;    8;-;    4;-;    6;-
4607;5027;05;A;  52;100321; 7;s;16; 2392;-; 2331;-;   18;-;   14;-; 2347;-; 2259;-;   84;-;    4;-;    5;-;    3;-;    9;-;    6;-;    4;-;   22;-; 2298;-; 2233;-;   62;-;    3;-;   12;-;    2;-;    8;-;    4;-;    4;-;    7;-
4607;5027;05;A;  52;100321; 7;s;17; 2290;-; 2189;-;    9;-;   18;-; 2261;-; 2167;-;   91;-;    3;-;    3;-;    1;-;    6;-;    2;-;    1;-;   17;-; 2148;-; 2053;-;   92;-;    3;-;   13;-;    1;-;    7;-;   10;-;    8;-;   10;-
4607;5027;05;A;  52;100321; 7;s;18; 2611;-; 2422;-;   30;-;   20;-; 2559;-; 2469;-;   87;-;    3;-;    7;-;    8;-;   11;-;   11;-;    9;-;   15;-; 2369;-; 2256;-;  108;-;    5;-;   24;-;    2;-;    9;-;    9;-;    8;-;    9;-
4607;5027;05;A;  52;100321; 7;s;19; 2381;-; 2391;-;   24;-;   34;-; 2342;-; 2247;-;   92;-;    3;-;    4;-;    1;-;   16;-;    7;-;    5;-;   11;-; 2337;-; 2225;-;  108;-;    4;-;   13;-;    6;-;   16;-;   12;-;   10;-;    7;-
4607;5027;05;A;  52;100321; 7;s;20; 1998;-; 1807;-;   16;-;   23;-; 1956;-; 1865;-;   86;-;    5;-;    6;-;    2;-;    7;-;    7;-;    7;-;   20;-; 1773;-; 1672;-;   98;-;    3;-;    8;-;    9;-;    5;-;    9;-;    9;-;    3;-
4607;5027;05;A;  52;100321; 7;s;21; 1534;-; 1498;-;   22;-;   18;-; 1498;-; 1417;-;   77;-;    4;-;    5;-;    3;-;    4;-;   15;-;    8;-;    9;-; 1467;-; 1396;-;   69;-;    2;-;    4;-;    3;-;    5;-;   10;-;    7;-;    9;-
4607;5027;05;A;  52;100321; 7;s;22; 1295;-; 1086;-;   20;-;   14;-; 1264;-; 1194;-;   68;-;    2;-;    2;-;    3;-;    5;-;   12;-;    9;-;    9;-; 1067;-; 1009;-;   58;-;    0;-;    3;-;    2;-;    3;-;    9;-;    7;-;    2;-
4607;5027;05;A;  52;100321; 7;s;23;  933;-; 1041;-;   36;-;   31;-;  888;-;  824;-;   62;-;    2;-;    3;-;    3;-;    5;-;   28;-;   24;-;    6;-; 1005;-;  957;-;   48;-;    0;-;    2;-;    3;-;    6;-;   22;-;   18;-;    3;-
4607;5027;05;A;  52;100321; 7;s;24;  545;-;  790;-;   39;-;   30;-;  497;-;  447;-;   47;-;    3;-;    3;-;    0;-;   13;-;   26;-;   21;-;    6;-;  758;-;  696;-;   62;-;    0;-;    0;-;    2;-;   12;-;   16;-;   12;-;    2;-
4607;5027;05;A;  52;100322; 1;w;01;  237;-;  353;-;   21;-;   28;-;  215;-;  186;-;   27;-;    2;-;    0;-;    3;-;    5;-;   13;-;   11;-;    1;-;  321;-;  303;-;   18;-;    0;-;    3;-;    3;-;    2;-;   23;-;   19;-;    1;-
4607;5027;05;A;  52;100322; 1;w;02;  148;-;  143;-;   38;-;   24;-;  110;-;   95;-;   14;-;    1;-;    0;-;    0;-;    8;-;   30;-;   20;-;    0;-;  119;-;  103;-;   15;-;    1;-;    0;-;    2;-;    7;-;   15;-;    8;-;    0;-
4607;5027;05;A;  52;100322; 1;w;03;  130;-;  117;-;   30;-;   28;-;   99;-;   90;-;    9;-;    0;-;    1;-;    0;-;   12;-;   18;-;   14;-;    0;-;   89;-;   74;-;   15;-;    0;-;    0;-;    0;-;    8;-;   20;-;   16;-;    0;-
4607;5027;05;A;  52;100322; 1;w;04;  321;-;  148;-;   40;-;   57;-;  278;-;  253;-;   25;-;    0;-;    2;-;    1;-;   11;-;   28;-;   24;-;    1;-;   89;-;   71;-;   17;-;    1;-;    0;-;    0;-;   31;-;   26;-;   22;-;    2;-
4607;5027;05;A;  52;100322; 1;w;05;  854;-;  329;-;   99;-;   73;-;  748;-;  700;-;   45;-;    3;-;    1;-;   10;-;   47;-;   42;-;   35;-;    6;-;  254;-;  227;-;   27;-;    0;-;    0;-;    2;-;   33;-;   38;-;   25;-;    2;-
4607;5027;05;A;  52;100322; 1;w;06; 2892;-;  896;-;  192;-;  105;-; 2682;-; 2559;-;  113;-;   10;-;    2;-;    2;-;   70;-;  120;-;   96;-;   16;-;  785;-;  714;-;   67;-;    4;-;    2;-;    2;-;   32;-;   71;-;   60;-;    4;-
4607;5027;05;A;  52;100322; 1;w;07; 5228;-; 2040;-;  246;-;  143;-; 4944;-; 4703;-;  230;-;   11;-;   11;-;    6;-;  108;-;  132;-;  102;-;   27;-; 1877;-; 1741;-;  131;-;    5;-;   10;-;    2;-;   57;-;   84;-;   65;-;   10;-
4607;5027;05;A;  52;100322; 1;w;08; 6725;-; 3520;-;  239;-;  186;-; 6385;-; 6147;-;  219;-;   19;-;   29;-;    7;-;   87;-;  145;-;  108;-;   72;-; 3300;-; 3110;-;  187;-;    3;-;   14;-;    4;-;   86;-;   96;-;   68;-;   20;-
4607;5027;05;A;  52;100322; 1;w;09; 6372;-; 3905;-;  279;-;  215;-; 6044;-; 5870;-;  162;-;   12;-;   29;-;    8;-;  124;-;  147;-;  114;-;   20;-; 3663;-; 3484;-;  174;-;    5;-;   11;-;    3;-;  106;-;  106;-;   82;-;   16;-
4607;5027;05;A;  52;100322; 1;w;10; 4784;-; 2879;-;  272;-;  257;-; 4454;-; 4255;-;  189;-;   10;-;   26;-;    6;-;   94;-;  172;-;  132;-;   32;-; 2606;-; 2412;-;  192;-;    2;-;    7;-;    4;-;  115;-;  138;-;  108;-;    9;-
4607;5027;05;A;  52;100322; 1;w;11; 3545;-; 2508;-;  264;-;  237;-; 3252;-; 3036;-;  209;-;    7;-;   20;-;    3;-;   91;-;  170;-;  126;-;    9;-; 2253;-; 2056;-;  194;-;    3;-;   13;-;    4;-;   95;-;  138;-;  109;-;    5;-
4607;5027;05;A;  52;100322; 1;w;12; 2977;-; 2515;-;  261;-;  233;-; 2670;-; 2481;-;  181;-;    8;-;   17;-;    4;-;  104;-;  153;-;  118;-;   29;-; 2257;-; 2067;-;  185;-;    5;-;   15;-;    2;-;   86;-;  145;-;  118;-;   10;-
4607;5027;05;A;  52;100322; 1;w;13; 3051;-; 2826;-;  249;-;  233;-; 2777;-; 2577;-;  190;-;   10;-;    9;-;    6;-;   95;-;  148;-;  115;-;   16;-; 2572;-; 2373;-;  193;-;    6;-;    9;-;    3;-;   90;-;  140;-;  106;-;   12;-
4607;5027;05;A;  52;100322; 1;w;14; 2976;-; 3296;-;  246;-;  246;-; 2702;-; 2513;-;  181;-;    8;-;   11;-;    6;-;   93;-;  147;-;  117;-;   17;-; 3031;-; 2836;-;  186;-;    9;-;    9;-;    5;-;   99;-;  142;-;  108;-;   10;-
4607;5027;05;A;  52;100322; 1;w;15; 2754;-; 3850;-;  218;-;  221;-; 2496;-; 2290;-;  197;-;    9;-;   14;-;    3;-;   95;-;  120;-;   89;-;   26;-; 3599;-; 3381;-;  206;-;   12;-;   18;-;    3;-;   91;-;  127;-;   93;-;   12;-
4607;5027;05;A;  52;100322; 1;w;16; 2866;-; 4223;-;  186;-;  204;-; 2649;-; 2457;-;  184;-;    8;-;   13;-;    2;-;   78;-;  106;-;   85;-;   18;-; 3961;-; 3761;-;  193;-;    7;-;   23;-;    6;-;   65;-;  133;-;   91;-;   35;-
4607;5027;05;A;  52;100322; 1;w;17; 3227;-; 4376;-;  149;-;  147;-; 3033;-; 2812;-;  208;-;   13;-;   16;-;    5;-;   50;-;   94;-;   72;-;   29;-; 4154;-; 3985;-;  157;-;   12;-;   33;-;    3;-;   56;-;   88;-;   70;-;   42;-
4607;5027;05;A;  52;100322; 1;w;18; 3635;-; 5924;-;  118;-;  122;-; 3470;-; 3321;-;  134;-;   15;-;   12;-;    5;-;   35;-;   78;-;   61;-;   35;-; 5774;-; 5590;-;  166;-;   18;-;   21;-;    7;-;   42;-;   73;-;   56;-;    7;-
4607;5027;05;A;  52;100322; 1;w;19; 3405;-; 4904;-;  103;-;   80;-; 3264;-; 3129;-;  126;-;    9;-;   12;-;    3;-;   24;-;   76;-;   56;-;   26;-; 4796;-; 4610;-;  175;-;   11;-;   11;-;    4;-;   22;-;   54;-;   46;-;   17;-
4607;5027;05;A;  52;100322; 1;w;20; 2504;-; 3396;-;   68;-;   94;-; 2412;-; 2275;-;  127;-;   10;-;    8;-;    2;-;   11;-;   55;-;   41;-;   16;-; 3282;-; 3163;-;  109;-;   10;-;   10;-;    2;-;   22;-;   70;-;   54;-;   10;-
4607;5027;05;A;  52;100322; 1;w;21; 1499;-; 2149;-;   68;-;   77;-; 1412;-; 1319;-;   84;-;    9;-;    8;-;    2;-;   21;-;   45;-;   34;-;   11;-; 2060;-; 1968;-;   90;-;    2;-;    7;-;    6;-;   19;-;   52;-;   31;-;    5;-
4607;5027;05;A;  52;100322; 1;w;22; 1208;-; 1634;-;   49;-;   51;-; 1146;-; 1074;-;   70;-;    2;-;    5;-;    0;-;    7;-;   42;-;   34;-;    8;-; 1571;-; 1474;-;   87;-;   10;-;    6;-;    1;-;   13;-;   37;-;   27;-;    6;-
4607;5027;05;A;  52;100322; 1;w;23;  762;-; 1801;-;   55;-;   49;-;  700;-;  635;-;   61;-;    4;-;    2;-;    4;-;   10;-;   41;-;   32;-;    5;-; 1746;-; 1635;-;  104;-;    7;-;    2;-;    2;-;    7;-;   40;-;   29;-;    4;-
4607;5027;05;A;  52;100322; 1;w;24;  419;-; 1076;-;   33;-;   55;-;  383;-;  340;-;   43;-;    0;-;    1;-;    1;-;    8;-;   24;-;   19;-;    2;-; 1011;-;  924;-;   84;-;    3;-;    4;-;    5;-;    3;-;   47;-;   34;-;    6;-
4607;5027;05;A;  52;100323; 2;w;01;  217;-;  376;-;   35;-;   41;-;  182;-;  157;-;   25;-;    0;-;    0;-;    0;-;    6;-;   29;-;   22;-;    0;-;  332;-;  297;-;   35;-;    0;-;    3;-;    4;-;    8;-;   29;-;   16;-;    0;-
4607;5027;05;A;  52;100323; 2;w;02;  166;-;  188;-;   40;-;   32;-;  124;-;  106;-;   17;-;    1;-;    1;-;    2;-;   12;-;   26;-;   18;-;    1;-;  154;-;  134;-;   19;-;    1;-;    1;-;    0;-;    5;-;   27;-;   22;-;    1;-
4607;5027;05;A;  52;100323; 2;w;03;  143;-;  139;-;   51;-;   39;-;   89;-;   75;-;   13;-;    1;-;    0;-;    0;-;   14;-;   37;-;   28;-;    3;-;   99;-;   74;-;   25;-;    0;-;    1;-;    1;-;    9;-;   29;-;   23;-;    0;-
4607;5027;05;A;  52;100323; 2;w;04;  333;-;  193;-;   66;-;   69;-;  266;-;  234;-;   30;-;    2;-;    1;-;    2;-;   20;-;   44;-;   28;-;    0;-;  123;-;  103;-;   20;-;    0;-;    1;-;    1;-;   29;-;   39;-;   27;-;    0;-
4607;5027;05;A;  52;100323; 2;w;05;  864;-;  333;-;  111;-;   81;-;  745;-;  694;-;   48;-;    3;-;    1;-;    7;-;   31;-;   73;-;   47;-;    7;-;  250;-;  211;-;   39;-;    0;-;    0;-;    1;-;   33;-;   47;-;   35;-;    2;-
4607;5027;05;A;  52;100323; 2;w;06; 2692;-;  826;-;  196;-;  136;-; 2467;-; 2335;-;  117;-;   15;-;    4;-;    3;-;   80;-;  113;-;   95;-;   25;-;  687;-;  611;-;   68;-;    8;-;    1;-;    1;-;   44;-;   91;-;   72;-;    2;-
4607;5027;05;A;  52;100323; 2;w;07; 5388;-; 2002;-;  240;-;  179;-; 5101;-; 4819;-;  259;-;   23;-;   15;-;    4;-;   88;-;  148;-;   96;-;   32;-; 1805;-; 1637;-;  161;-;    7;-;    7;-;    1;-;   76;-;  102;-;   75;-;   11;-
4607;5027;05;A;  52;100323; 2;w;08; 6795;-; 3557;-;  274;-;  191;-; 6421;-; 6178;-;  226;-;   17;-;   25;-;   14;-;  123;-;  137;-;  106;-;   75;-; 3337;-; 3142;-;  189;-;    6;-;   11;-;    7;-;   91;-;   93;-;   66;-;   18;-
4607;5027;05;A;  52;100323; 2;w;09; 6317;-; 3883;-;  256;-;  231;-; 6015;-; 5795;-;  207;-;   13;-;   23;-;    6;-;  101;-;  149;-;  115;-;   23;-; 3630;-; 3433;-;  193;-;    4;-;   11;-;    4;-;  109;-;  118;-;   80;-;   11;-
4607;5027;05;A;  52;100323; 2;w;10; 4203;-; 2770;-;  246;-;  247;-; 3916;-; 3733;-;  170;-;   13;-;   16;-;    5;-;  103;-;  138;-;  109;-;   25;-; 2502;-; 2304;-;  195;-;    3;-;   11;-;    4;-;   89;-;  154;-;  119;-;   10;-
4607;5027;05;A;  52;100323; 2;w;11; 3255;-; 2333;-;  255;-;  249;-; 2953;-; 2746;-;  199;-;    8;-;   18;-;    8;-;   95;-;  152;-;  119;-;   29;-; 2062;-; 1874;-;  183;-;    5;-;   13;-;    2;-;  103;-;  144;-;  112;-;    9;-
4607;5027;05;A;  52;100323; 2;w;12; 2875;-; 2427;-;  292;-;  229;-; 2557;-; 2336;-;  210;-;   11;-;   14;-;    5;-;  102;-;  185;-;  130;-;   12;-; 2163;-; 1952;-;  205;-;    6;-;   25;-;    5;-;   82;-;  142;-;  101;-;   10;-
4607;5027;05;A;  52;100323; 2;w;13; 2885;-; 2865;-;  231;-;  223;-; 2622;-; 2423;-;  188;-;   11;-;   10;-;    0;-;   91;-;  140;-;  107;-;   22;-; 2621;-; 2408;-;  205;-;    8;-;   15;-;    1;-;   88;-;  134;-;  108;-;    6;-
4607;5027;05;A;  52;100323; 2;w;14; 2987;-; 3574;-;  225;-;  263;-; 2728;-; 2539;-;  175;-;   14;-;   24;-;    4;-;   80;-;  141;-;  107;-;   10;-; 3286;-; 3061;-;  214;-;   11;-;   13;-;    6;-;   97;-;  160;-;  122;-;   12;-
4607;5027;05;A;  52;100323; 2;w;15; 2868;-; 3907;-;  243;-;  241;-; 2592;-; 2379;-;  203;-;   10;-;   18;-;    2;-;   89;-;  152;-;  121;-;   15;-; 3617;-; 3440;-;  163;-;   14;-;   25;-;    5;-;  109;-;  127;-;   90;-;   24;-
4607;5027;05;A;  52;100323; 2;w;16; 3080;-; 4191;-;  210;-;  216;-; 2826;-; 2604;-;  209;-;   13;-;   16;-;    4;-;   87;-;  119;-;   90;-;   28;-; 3903;-; 3716;-;  177;-;   10;-;   31;-;    8;-;   97;-;  111;-;   86;-;   41;-
4607;5027;05;A;  52;100323; 2;w;17; 3330;-; 4750;-;  159;-;  179;-; 3138;-; 2931;-;  189;-;   18;-;   11;-;    4;-;   69;-;   86;-;   72;-;   22;-; 4519;-; 4350;-;  155;-;   14;-;   26;-;    6;-;   48;-;  125;-;  102;-;   26;-
4607;5027;05;A;  52;100323; 2;w;18; 3752;-; 5904;-;  147;-;  135;-; 3566;-; 3382;-;  159;-;   25;-;   13;-;    1;-;   53;-;   93;-;   70;-;   26;-; 5738;-; 5527;-;  194;-;   17;-;   15;-;    5;-;   34;-;   96;-;   78;-;   16;-
4607;5027;05;A;  52;100323; 2;w;19; 3358;-; 5266;-;   96;-;  115;-; 3242;-; 3072;-;  149;-;   21;-;    6;-;    2;-;   26;-;   68;-;   47;-;   14;-; 5125;-; 4938;-;  172;-;   15;-;   10;-;    4;-;   27;-;   84;-;   71;-;   16;-
4607;5027;05;A;  52;100323; 2;w;20; 2391;-; 3373;-;   66;-;   82;-; 2302;-; 2190;-;  109;-;    3;-;    4;-;    2;-;   18;-;   46;-;   34;-;   19;-; 3277;-; 3107;-;  154;-;   16;-;    4;-;    5;-;   27;-;   50;-;   35;-;   10;-
4607;5027;05;A;  52;100323; 2;w;21; 1494;-; 2259;-;   62;-;   78;-; 1414;-; 1323;-;   88;-;    3;-;    4;-;    3;-;   16;-;   43;-;   31;-;   14;-; 2159;-; 2015;-;  136;-;    8;-;    9;-;    6;-;   25;-;   47;-;   29;-;   13;-
4607;5027;05;A;  52;100323; 2;w;22; 1353;-; 1647;-;   44;-;   46;-; 1295;-; 1211;-;   79;-;    5;-;    3;-;    3;-;    9;-;   32;-;   24;-;   11;-; 1586;-; 1477;-;   97;-;   12;-;    8;-;    0;-;   11;-;   35;-;   21;-;    7;-
4607;5027;05;A;  52;100323; 2;w;23;  942;-; 1575;-;   37;-;   55;-;  896;-;  821;-;   74;-;    1;-;    2;-;    2;-;    7;-;   28;-;   21;-;    7;-; 1513;-; 1399;-;  101;-;   13;-;    2;-;    1;-;   14;-;   40;-;   30;-;    5;-
4607;5027;05;A;  52;100323; 2;w;24;  440;-; 1004;-;   33;-;   59;-;  401;-;  359;-;   42;-;    0;-;    1;-;    0;-;    9;-;   24;-;   16;-;    5;-;  941;-;  857;-;   84;-;    0;-;    1;-;    1;-;   11;-;   47;-;   35;-;    3;-
4607;5027;05;A;  52;100324; 3;w;01;  230;-;  306;-;   36;-;   32;-;  193;-;  157;-;   35;-;    1;-;    0;-;    1;-;    5;-;   30;-;   20;-;    1;-;  273;-;  235;-;   37;-;    1;-;    1;-;    2;-;    8;-;   22;-;   17;-;    0;-
4607;5027;05;A;  52;100324; 3;w;02;  150;-;  187;-;   45;-;   35;-;  104;-;   84;-;   17;-;    3;-;    1;-;    2;-;   15;-;   28;-;   22;-;    0;-;  149;-;  126;-;   22;-;    1;-;    3;-;    0;-;    4;-;   31;-;   21;-;    0;-
4607;5027;05;A;  52;100324; 3;w;03;  131;-;  156;-;   41;-;   46;-;   89;-;   77;-;   12;-;    0;-;    0;-;    0;-;   13;-;   28;-;   16;-;    1;-;  110;-;   98;-;   12;-;    0;-;    0;-;    0;-;   11;-;   35;-;   22;-;    0;-
4607;5027;05;A;  52;100324; 3;w;04;  366;-;  184;-;   57;-;   67;-;  305;-;  280;-;   23;-;    2;-;    1;-;    1;-;   21;-;   35;-;   23;-;    3;-;  114;-;   88;-;   26;-;    0;-;    1;-;    0;-;   27;-;   40;-;   26;-;    2;-
4607;5027;05;A;  52;100324; 3;w;05;  867;-;  355;-;   96;-;   78;-;  760;-;  711;-;   43;-;    6;-;    3;-;    7;-;   43;-;   46;-;   32;-;    8;-;  275;-;  231;-;   43;-;    1;-;    2;-;    0;-;   28;-;   50;-;   30;-;    0;-
4607;5027;05;A;  52;100324; 3;w;06; 2584;-;  811;-;  177;-;  129;-; 2387;-; 2262;-;  103;-;   22;-;    0;-;    1;-;   66;-;  110;-;   85;-;   20;-;  681;-;  610;-;   58;-;   13;-;    0;-;    1;-;   47;-;   81;-;   64;-;    1;-
4607;5027;05;A;  52;100324; 3;w;07; 5370;-; 1967;-;  261;-;  166;-; 5066;-; 4774;-;  259;-;   33;-;   18;-;    7;-;   96;-;  158;-;  123;-;   25;-; 1774;-; 1597;-;  169;-;    8;-;   13;-;    6;-;   70;-;   90;-;   68;-;   14;-
4607;5027;05;A;  52;100324; 3;w;08; 6729;-; 3596;-;  269;-;  199;-; 6409;-; 6138;-;  240;-;   31;-;   18;-;   11;-;  102;-;  156;-;  124;-;   33;-; 3376;-; 3172;-;  196;-;    8;-;    7;-;    3;-;   85;-;  111;-;   86;-;   14;-
4607;5027;05;A;  52;100324; 3;w;09; 6133;-; 3835;-;  269;-;  249;-; 5803;-; 5593;-;  183;-;   27;-;   20;-;    8;-;  116;-;  145;-;  114;-;   41;-; 3559;-; 3366;-;  192;-;    1;-;   13;-;    7;-;  107;-;  135;-;   95;-;   14;-
4607;5027;05;A;  52;100324; 3;w;10; 4387;-; 2791;-;  282;-;  293;-; 4052;-; 3832;-;  203;-;   17;-;   18;-;   11;-;  111;-;  160;-;  130;-;   35;-; 2476;-; 2260;-;  209;-;    7;-;   15;-;    5;-;  125;-;  163;-;  121;-;    7;-
4607;5027;05;A;  52;100324; 3;w;11; 3266;-; 2388;-;  268;-;  252;-; 2958;-; 2711;-;  231;-;   16;-;   13;-;    8;-;  111;-;  149;-;  111;-;   27;-; 2120;-; 1925;-;  193;-;    2;-;   11;-;   13;-;  100;-;  139;-;  108;-;    5;-
4607;5027;05;A;  52;100324; 3;w;12; 3184;-; 2664;-;  282;-;  238;-; 2863;-; 2645;-;  198;-;   20;-;   15;-;    3;-;  104;-;  175;-;  144;-;   24;-; 2395;-; 2211;-;  175;-;    9;-;   21;-;    2;-;   91;-;  145;-;  118;-;   10;-
4607;5027;05;A;  52;100324; 3;w;13; 3095;-; 3277;-;  277;-;  247;-; 2797;-; 2587;-;  191;-;   19;-;   14;-;    3;-;   96;-;  178;-;  145;-;    7;-; 3005;-; 2780;-;  206;-;   19;-;   15;-;    5;-;   87;-;  155;-;  119;-;   10;-
4607;5027;05;A;  52;100324; 3;w;14; 3338;-; 3603;-;  286;-;  252;-; 3004;-; 2789;-;  193;-;   22;-;   14;-;    7;-;  114;-;  165;-;  129;-;   34;-; 3315;-; 3077;-;  219;-;   19;-;   20;-;    3;-;  117;-;  132;-;   94;-;   16;-
4607;5027;05;A;  52;100324; 3;w;15; 3202;-; 4221;-;  258;-;  275;-; 2887;-; 2675;-;  201;-;   11;-;   22;-;    4;-;   96;-;  158;-;  121;-;   35;-; 3906;-; 3691;-;  194;-;   21;-;   24;-;    3;-;  109;-;  163;-;  126;-;   16;-
4607;5027;05;A;  52;100324; 3;w;16; 3204;-; 5018;-;  212;-;  234;-; 2961;-; 2739;-;  200;-;   22;-;   11;-;    6;-;   78;-;  128;-;   96;-;   20;-; 4736;-; 4400;-;  291;-;   45;-;   25;-;    8;-;   94;-;  132;-;   95;-;   23;-
4607;5027;05;A;  52;100324; 3;w;17; 3413;-; 5727;-;  148;-;  195;-; 3245;-; 3050;-;  168;-;   27;-;    8;-;    4;-;   60;-;   84;-;   58;-;   12;-; 5499;-; 5200;-;  263;-;   36;-;   18;-;   10;-;   77;-;  108;-;   81;-;   15;-
4607;5027;05;A;  52;100324; 3;w;18; 3592;-; 5804;-;  130;-;  127;-; 3426;-; 3266;-;  146;-;   14;-;   12;-;    1;-;   40;-;   89;-;   67;-;   24;-; 5637;-; 5440;-;  173;-;   24;-;   16;-;    3;-;   34;-;   90;-;   68;-;   24;-
4607;5027;05;A;  52;100324; 3;w;19; 3549;-; 5285;-;  120;-;  107;-; 3400;-; 3249;-;  137;-;   14;-;    9;-;    2;-;   30;-;   88;-;   71;-;   20;-; 5145;-; 4970;-;  139;-;   36;-;   19;-;    2;-;   32;-;   73;-;   56;-;   14;-
4607;5027;05;A;  52;100324; 3;w;20; 2449;-; 3485;-;   59;-;   96;-; 2361;-; 2223;-;  121;-;   17;-;    7;-;    3;-;   18;-;   38;-;   29;-;   22;-; 3366;-; 3220;-;  128;-;   18;-;    8;-;    8;-;   31;-;   57;-;   42;-;   15;-
4607;5027;05;A;  52;100324; 3;w;21; 1607;-; 2264;-;   57;-;   74;-; 1527;-; 1403;-;  112;-;   12;-;    7;-;    3;-;   16;-;   38;-;   24;-;   16;-; 2177;-; 2023;-;  143;-;   11;-;    6;-;    5;-;   17;-;   52;-;   37;-;    7;-
4607;5027;05;A;  52;100324; 3;w;22; 1312;-; 1591;-;   61;-;   62;-; 1243;-; 1163;-;   70;-;   10;-;    2;-;    7;-;   10;-;   44;-;   33;-;    6;-; 1522;-; 1419;-;   93;-;   10;-;    2;-;    2;-;   15;-;   45;-;   31;-;    5;-
4607;5027;05;A;  52;100324; 3;w;23;  845;-; 1433;-;   40;-;   47;-;  798;-;  734;-;   59;-;    5;-;    2;-;    1;-;   13;-;   26;-;   19;-;    5;-; 1381;-; 1270;-;  102;-;    9;-;    2;-;    1;-;   13;-;   33;-;   23;-;    3;-
4607;5027;05;A;  52;100324; 3;w;24;  854;-; 1125;-;   38;-;   57;-;  806;-;  725;-;   80;-;    1;-;    1;-;    3;-;    6;-;   29;-;   23;-;    9;-; 1059;-;  980;-;   77;-;    2;-;    2;-;    4;-;   10;-;   43;-;   26;-;    7;-
4607;5027;05;A;  52;100325; 4;w;01;  606;-;  389;-;   47;-;   41;-;  556;-;  469;-;   85;-;    2;-;    0;-;    3;-;   16;-;   28;-;   17;-;    3;-;  347;-;  307;-;   39;-;    1;-;    1;-;    3;-;    4;-;   34;-;   23;-;    0;-
4607;5027;05;A;  52;100325; 4;w;02;  231;-;  229;-;   41;-;   37;-;  189;-;  153;-;   36;-;    0;-;    0;-;    3;-;   11;-;   27;-;   17;-;    1;-;  189;-;  159;-;   29;-;    1;-;    2;-;    1;-;    9;-;   27;-;   22;-;    1;-
4607;5027;05;A;  52;100325; 4;w;03;  164;-;  142;-;   48;-;   37;-;  116;-;   98;-;   18;-;    0;-;    0;-;    0;-;   13;-;   35;-;   23;-;    0;-;  102;-;   81;-;   21;-;    0;-;    2;-;    0;-;   12;-;   25;-;   16;-;    1;-
4607;5027;05;A;  52;100325; 4;w;04;  347;-;  196;-;   62;-;   67;-;  284;-;  242;-;   40;-;    2;-;    1;-;    0;-;   26;-;   36;-;   16;-;    0;-;  125;-;  102;-;   23;-;    0;-;    2;-;    0;-;   34;-;   33;-;   22;-;    2;-
4607;5027;05;A;  52;100325; 4;w;05;  884;-;  329;-;  108;-;   92;-;  765;-;  713;-;   47;-;    5;-;    3;-;    6;-;   34;-;   68;-;   46;-;    8;-;  234;-;  195;-;   38;-;    1;-;    1;-;    0;-;   36;-;   56;-;   41;-;    2;-
4607;5027;05;A;  52;100325; 4;w;06; 2539;-;  842;-;  197;-;  114;-; 2325;-; 2197;-;  109;-;   19;-;    4;-;    2;-;   68;-;  127;-;   98;-;   13;-;  718;-;  640;-;   69;-;    9;-;    2;-;    0;-;   33;-;   81;-;   63;-;    8;-
4607;5027;05;A;  52;100325; 4;w;07; 5304;-; 2003;-;  242;-;  148;-; 5006;-; 4736;-;  243;-;   27;-;   28;-;   10;-;  109;-;  123;-;   91;-;   28;-; 1832;-; 1653;-;  174;-;    5;-;   13;-;    4;-;   69;-;   75;-;   55;-;   10;-
4607;5027;05;A;  52;100325; 4;w;08; 6565;-; 3484;-;  267;-;  241;-; 6239;-; 5960;-;  261;-;   18;-;   35;-;   12;-;  113;-;  142;-;  109;-;   24;-; 3218;-; 2993;-;  217;-;    8;-;    8;-;    5;-;  112;-;  124;-;   84;-;   17;-
4607;5027;05;A;  52;100325; 4;w;09; 6012;-; 3773;-;  227;-;  234;-; 5707;-; 5472;-;  215;-;   20;-;   25;-;    8;-;  114;-;  105;-;   84;-;   53;-; 3513;-; 3296;-;  200;-;   17;-;    9;-;    5;-;  101;-;  128;-;   95;-;   17;-
4607;5027;05;A;  52;100325; 4;w;10; 4511;-; 2775;-;  272;-;  249;-; 4191;-; 3955;-;  227;-;    9;-;   16;-;    8;-;  102;-;  162;-;  124;-;   32;-; 2501;-; 2251;-;  235;-;   15;-;   17;-;    5;-;  114;-;  130;-;   93;-;    8;-
4607;5027;05;A;  52;100325; 4;w;11; 3250;-; 2447;-;  301;-;  244;-; 2909;-; 2674;-;  223;-;   12;-;   21;-;   11;-;   93;-;  197;-;  152;-;   19;-; 2172;-; 1937;-;  229;-;    6;-;   20;-;    5;-;  113;-;  126;-;   97;-;   11;-
4607;5027;05;A;  52;100325; 4;w;12; 2852;-; 2687;-;  266;-;  244;-; 2549;-; 2340;-;  200;-;    9;-;   10;-;    4;-;  105;-;  157;-;  121;-;   27;-; 2423;-; 2182;-;  235;-;    6;-;   13;-;    5;-;   98;-;  141;-;  104;-;    7;-
4607;5027;05;A;  52;100325; 4;w;13; 2915;-; 3114;-;  259;-;  258;-; 2616;-; 2406;-;  195;-;   15;-;   17;-;    3;-;   88;-;  168;-;  128;-;   23;-; 2831;-; 2589;-;  228;-;   14;-;   10;-;    2;-;  100;-;  156;-;  116;-;   15;-
4607;5027;05;A;  52;100325; 4;w;14; 3047;-; 3649;-;  233;-;  241;-; 2779;-; 2614;-;  161;-;    4;-;   18;-;    7;-;   87;-;  139;-;  104;-;   17;-; 3381;-; 3104;-;  266;-;   11;-;   12;-;    6;-;   90;-;  145;-;  108;-;   15;-
4607;5027;05;A;  52;100325; 4;w;15; 3029;-; 4207;-;  234;-;  270;-; 2768;-; 2544;-;  206;-;   18;-;   16;-;    2;-;   93;-;  139;-;  105;-;   11;-; 3893;-; 3613;-;  261;-;   19;-;   28;-;    5;-;  115;-;  150;-;  106;-;   16;-
4607;5027;05;A;  52;100325; 4;w;16; 3176;-; 4989;-;  216;-;  228;-; 2921;-; 2725;-;  189;-;    7;-;   15;-;    5;-;   86;-;  125;-;  101;-;   24;-; 4718;-; 4446;-;  257;-;   15;-;   33;-;    8;-;   88;-;  132;-;   91;-;   10;-
4607;5027;05;A;  52;100325; 4;w;17; 3472;-; 5822;-;  161;-;  235;-; 3273;-; 3098;-;  162;-;   13;-;   20;-;    6;-;   53;-;  102;-;   83;-;   18;-; 5540;-; 5282;-;  239;-;   19;-;   37;-;    9;-;   96;-;  130;-;   95;-;   10;-
4607;5027;05;A;  52;100325; 4;w;18; 3836;-; 5933;-;  141;-;  153;-; 3658;-; 3488;-;  153;-;   17;-;    7;-;    4;-;   45;-;   92;-;   72;-;   30;-; 5748;-; 5517;-;  208;-;   23;-;   18;-;   10;-;   43;-;  100;-;   78;-;   14;-
4607;5027;05;A;  52;100325; 4;w;19; 3518;-; 5288;-;   97;-;  108;-; 3375;-; 3230;-;  127;-;   18;-;    7;-;    5;-;   26;-;   66;-;   52;-;   39;-; 5155;-; 4986;-;  152;-;   17;-;   13;-;    4;-;   30;-;   74;-;   62;-;   12;-
4607;5027;05;A;  52;100325; 4;w;20; 2544;-; 3457;-;   77;-;   81;-; 2440;-; 2320;-;  106;-;   14;-;    8;-;    4;-;   26;-;   47;-;   39;-;   19;-; 3352;-; 3209;-;  134;-;    9;-;   10;-;    5;-;   26;-;   50;-;   39;-;   14;-
4607;5027;05;A;  52;100325; 4;w;21; 1699;-; 2429;-;   73;-;   76;-; 1607;-; 1508;-;   95;-;    4;-;    7;-;    5;-;   13;-;   55;-;   43;-;   12;-; 2334;-; 2204;-;  128;-;    2;-;    7;-;    7;-;   21;-;   48;-;   32;-;   12;-
4607;5027;05;A;  52;100325; 4;w;22; 1404;-; 1784;-;   55;-;   67;-; 1340;-; 1252;-;   87;-;    1;-;    0;-;    5;-;   16;-;   34;-;   21;-;    9;-; 1704;-; 1591;-;  105;-;    8;-;    2;-;    7;-;   10;-;   50;-;   33;-;   11;-
4607;5027;05;A;  52;100325; 4;w;23;  987;-; 1613;-;   45;-;   38;-;  934;-;  860;-;   73;-;    1;-;    1;-;    7;-;   12;-;   26;-;   19;-;    7;-; 1566;-; 1438;-;  122;-;    6;-;    2;-;    0;-;   14;-;   24;-;   16;-;    7;-
4607;5027;05;A;  52;100325; 4;w;24;  548;-; 1107;-;   34;-;   57;-;  509;-;  466;-;   41;-;    2;-;    0;-;    0;-;    5;-;   29;-;   23;-;    5;-; 1043;-;  975;-;   68;-;    0;-;    3;-;    4;-;   10;-;   43;-;   29;-;    4;-
4607;5027;05;A;  52;100326; 5;w;01;  265;-;  388;-;   32;-;   41;-;  228;-;  190;-;   37;-;    1;-;    2;-;    2;-;   11;-;   19;-;    9;-;    3;-;  345;-;  305;-;   38;-;    2;-;    1;-;    3;-;    5;-;   33;-;   24;-;    1;-
4607;5027;05;A;  52;100326; 5;w;02;  137;-;  182;-;   34;-;   29;-;  103;-;   88;-;   15;-;    0;-;    0;-;    1;-;    8;-;   25;-;   20;-;    0;-;  151;-;  132;-;   18;-;    1;-;    0;-;    0;-;    7;-;   22;-;   18;-;    2;-
4607;5027;05;A;  52;100326; 5;w;03;  171;-;  147;-;   57;-;   45;-;  111;-;   97;-;   14;-;    0;-;    0;-;    1;-;   18;-;   38;-;   27;-;    3;-;  102;-;   82;-;   20;-;    0;-;    0;-;    0;-;   16;-;   29;-;   21;-;    0;-
4607;5027;05;A;  52;100326; 5;w;04;  440;-;  215;-;   70;-;   63;-;  367;-;  328;-;   39;-;    0;-;    1;-;    3;-;   20;-;   47;-;   26;-;    2;-;  151;-;  119;-;   32;-;    0;-;    1;-;    0;-;   21;-;   42;-;   30;-;    0;-
4607;5027;05;A;  52;100326; 5;w;05;  925;-;  426;-;  105;-;   95;-;  812;-;  744;-;   66;-;    2;-;    4;-;    9;-;   38;-;   58;-;   44;-;    4;-;  330;-;  279;-;   50;-;    1;-;    0;-;    3;-;   38;-;   54;-;   40;-;    1;-
4607;5027;05;A;  52;100326; 5;w;06; 2430;-;  862;-;  200;-;  133;-; 2211;-; 2091;-;  109;-;   11;-;    2;-;    0;-;   72;-;  128;-;  107;-;   17;-;  723;-;  657;-;   61;-;    5;-;    4;-;    0;-;   39;-;   94;-;   67;-;    2;-
4607;5027;05;A;  52;100326; 5;w;07; 5159;-; 1930;-;  284;-;  187;-; 4835;-; 4565;-;  256;-;   14;-;   11;-;    6;-;  120;-;  158;-;  112;-;   29;-; 1722;-; 1564;-;  156;-;    2;-;   12;-;    1;-;   69;-;  117;-;   84;-;    9;-
4607;5027;05;A;  52;100326; 5;w;08; 6381;-; 3446;-;  264;-;  224;-; 6010;-; 5760;-;  237;-;   13;-;   28;-;   13;-;  117;-;  134;-;   98;-;   79;-; 3193;-; 2955;-;  232;-;    6;-;   14;-;    5;-;   96;-;  123;-;   94;-;   15;-
4607;5027;05;A;  52;100326; 5;w;09; 5848;-; 3482;-;  279;-;  250;-; 5529;-; 5328;-;  191;-;   10;-;   14;-;    6;-;  110;-;  163;-;  119;-;   26;-; 3207;-; 3000;-;  203;-;    4;-;    8;-;    7;-;  107;-;  136;-;  104;-;   17;-
4607;5027;05;A;  52;100326; 5;w;10; 4400;-; 2602;-;  260;-;  296;-; 4099;-; 3886;-;  205;-;    8;-;   11;-;   10;-;   97;-;  153;-;  120;-;   30;-; 2286;-; 2055;-;  228;-;    3;-;   12;-;    9;-;  124;-;  163;-;  128;-;    8;-
4607;5027;05;A;  52;100326; 5;w;11; 3314;-; 2483;-;  273;-;  268;-; 2999;-; 2802;-;  187;-;   10;-;   16;-;    5;-;  103;-;  165;-;  125;-;   26;-; 2176;-; 1970;-;  200;-;    6;-;   21;-;    3;-;  107;-;  158;-;  124;-;   18;-
4607;5027;05;A;  52;100326; 5;w;12; 3064;-; 2916;-;  266;-;  273;-; 2755;-; 2572;-;  177;-;    6;-;   11;-;    8;-;   91;-;  167;-;  134;-;   32;-; 2615;-; 2348;-;  265;-;    2;-;   23;-;    2;-;  128;-;  143;-;  116;-;    5;-
4607;5027;05;A;  52;100326; 5;w;13; 3108;-; 3736;-;  246;-;  252;-; 2822;-; 2651;-;  169;-;    2;-;   21;-;    5;-;   83;-;  158;-;  126;-;   19;-; 3450;-; 3196;-;  252;-;    2;-;   22;-;    6;-;  117;-;  129;-;  103;-;   12;-
4607;5027;05;A;  52;100326; 5;w;14; 3212;-; 4275;-;  204;-;  233;-; 2962;-; 2769;-;  187;-;    6;-;   18;-;    6;-;   90;-;  108;-;   83;-;   28;-; 4003;-; 3815;-;  181;-;    7;-;   27;-;    7;-;   82;-;  144;-;  109;-;   12;-
4607;5027;05;A;  52;100326; 5;w;15; 3790;-; 4685;-;  245;-;  202;-; 3500;-; 3296;-;  199;-;    5;-;   16;-;    2;-;   87;-;  156;-;  131;-;   29;-; 4450;-; 4284;-;  159;-;    7;-;   25;-;    4;-;   80;-;  118;-;   96;-;    8;-
4607;5027;05;A;  52;100326; 5;w;16; 3774;-; 4980;-;  225;-;  217;-; 3489;-; 3302;-;  179;-;    8;-;   22;-;    4;-;   98;-;  123;-;   91;-;   38;-; 4729;-; 4543;-;  177;-;    9;-;   19;-;   10;-;   87;-;  120;-;   89;-;   15;-
4607;5027;05;A;  52;100326; 5;w;17; 3687;-; 5466;-;  159;-;  193;-; 3474;-; 3286;-;  179;-;    9;-;   16;-;    8;-;   60;-;   91;-;   71;-;   38;-; 5245;-; 5049;-;  190;-;    6;-;   18;-;   10;-;   67;-;  116;-;   85;-;   10;-
4607;5027;05;A;  52;100326; 5;w;18; 3566;-; 5641;-;  126;-;  160;-; 3393;-; 3238;-;  147;-;    8;-;    6;-;    9;-;   45;-;   72;-;   53;-;   41;-; 5450;-; 5281;-;  164;-;    5;-;   19;-;   13;-;   41;-;  106;-;   81;-;   12;-
4607;5027;05;A;  52;100326; 5;w;19; 3436;-; 4636;-;   93;-;  116;-; 3296;-; 3147;-;  142;-;    7;-;   12;-;    4;-;   28;-;   61;-;   50;-;   35;-; 4483;-; 4318;-;  155;-;   10;-;   17;-;    8;-;   31;-;   77;-;   59;-;   20;-
4607;5027;05;A;  52;100326; 5;w;20; 2634;-; 3452;-;   74;-;   83;-; 2524;-; 2402;-;  117;-;    5;-;    8;-;    6;-;   20;-;   48;-;   33;-;   28;-; 3347;-; 3198;-;  143;-;    6;-;    8;-;    7;-;   26;-;   50;-;   37;-;   14;-
4607;5027;05;A;  52;100326; 5;w;21; 1699;-; 2514;-;   57;-;   78;-; 1630;-; 1538;-;   89;-;    3;-;    3;-;    8;-;    8;-;   41;-;   28;-;    9;-; 2420;-; 2277;-;  139;-;    4;-;    7;-;   10;-;    7;-;   61;-;   45;-;    9;-
4607;5027;05;A;  52;100326; 5;w;22; 1305;-; 1713;-;   48;-;   62;-; 1247;-; 1173;-;   71;-;    3;-;    0;-;    4;-;   16;-;   28;-;   18;-;   10;-; 1640;-; 1554;-;   79;-;    7;-;    5;-;    3;-;   15;-;   44;-;   27;-;    6;-
4607;5027;05;A;  52;100326; 5;w;23; 1046;-; 1462;-;   47;-;   49;-;  992;-;  930;-;   61;-;    1;-;    2;-;    9;-;   11;-;   27;-;   24;-;    5;-; 1408;-; 1325;-;   77;-;    6;-;    2;-;    2;-;   12;-;   35;-;   24;-;    3;-
4607;5027;05;A;  52;100326; 5;w;24; 1007;-; 1360;-;   41;-;   56;-;  957;-;  894;-;   63;-;    0;-;    2;-;    5;-;   14;-;   22;-;   16;-;    7;-; 1299;-; 1218;-;   78;-;    3;-;    1;-;    5;-;    8;-;   43;-;   32;-;    4;-
4607;5027;05;A;  52;100327; 6;u;01;  482;-;  952;-;   35;-;   32;-;  442;-;  399;-;   42;-;    1;-;    3;-;    2;-;   15;-;   18;-;   13;-;    2;-;  913;-;  865;-;   47;-;    1;-;    0;-;    3;-;    6;-;   23;-;   17;-;    7;-
4607;5027;05;A;  52;100327; 6;u;02;  288;-;  446;-;   31;-;   17;-;  254;-;  225;-;   27;-;    2;-;    1;-;    1;-;   12;-;   18;-;   13;-;    2;-;  425;-;  392;-;   33;-;    0;-;    0;-;    1;-;    6;-;   10;-;    3;-;    4;-
4607;5027;05;A;  52;100327; 6;u;03;  248;-;  289;-;   46;-;   32;-;  200;-;  174;-;   26;-;    0;-;    1;-;    4;-;   15;-;   27;-;   14;-;    1;-;  252;-;  227;-;   24;-;    1;-;    3;-;    1;-;   14;-;   17;-;   13;-;    2;-
4607;5027;05;A;  52;100327; 6;u;04;  428;-;  277;-;   42;-;   43;-;  383;-;  347;-;   36;-;    0;-;    1;-;    4;-;   13;-;   25;-;   13;-;    2;-;  233;-;  202;-;   31;-;    0;-;    1;-;    2;-;   20;-;   21;-;   12;-;    0;-
4607;5027;05;A;  52;100327; 6;u;05;  673;-;  457;-;   48;-;   62;-;  621;-;  573;-;   47;-;    1;-;    3;-;    2;-;   18;-;   28;-;   24;-;    1;-;  391;-;  327;-;   64;-;    0;-;    3;-;    3;-;   34;-;   25;-;   17;-;    1;-
4607;5027;05;A;  52;100327; 6;u;06;  999;-;  597;-;   72;-;   45;-;  913;-;  835;-;   77;-;    1;-;   10;-;    4;-;   29;-;   39;-;   32;-;    4;-;  542;-;  462;-;   80;-;    0;-;    6;-;    1;-;   19;-;   25;-;   19;-;    4;-
4607;5027;05;A;  52;100327; 6;u;07; 1068;-;  807;-;   77;-;   48;-;  971;-;  843;-;  125;-;    3;-;   12;-;    9;-;   31;-;   37;-;   33;-;    8;-;  748;-;  668;-;   79;-;    1;-;    7;-;    5;-;   18;-;   25;-;   18;-;    4;-
4607;5027;05;A;  52;100327; 6;u;08; 1310;-;  980;-;   75;-;   57;-; 1214;-; 1070;-;  138;-;    6;-;   14;-;    7;-;   38;-;   30;-;   26;-;    7;-;  912;-;  814;-;   98;-;    0;-;    8;-;    6;-;   20;-;   31;-;   23;-;    3;-
4607;5027;05;A;  52;100327; 6;u;09; 2274;-; 1527;-;   62;-;   80;-; 2193;-; 2050;-;  140;-;    3;-;   11;-;    6;-;   24;-;   32;-;   26;-;    8;-; 1428;-; 1290;-;  136;-;    2;-;   11;-;    5;-;   44;-;   31;-;   25;-;    8;-
4607;5027;05;A;  52;100327; 6;u;10; 3106;-; 2004;-;   75;-;   61;-; 2978;-; 2836;-;  134;-;    8;-;   21;-;    7;-;   34;-;   34;-;   31;-;   32;-; 1927;-; 1776;-;  145;-;    6;-;    8;-;    3;-;   32;-;   26;-;   22;-;    8;-
4607;5027;05;A;  52;100327; 6;u;11; 3252;-; 2320;-;   54;-;   56;-; 3168;-; 3014;-;  144;-;   10;-;   19;-;    1;-;   30;-;   23;-;   20;-;   11;-; 2234;-; 2087;-;  140;-;    7;-;   24;-;    5;-;   25;-;   26;-;   19;-;    6;-
4607;5027;05;A;  52;100327; 6;u;12; 3030;-; 2537;-;   58;-;   45;-; 2930;-; 2789;-;  125;-;   16;-;   22;-;    3;-;   26;-;   29;-;   23;-;   20;-; 2475;-; 2298;-;  166;-;   11;-;    9;-;    1;-;   21;-;   23;-;   19;-;    8;-
4607;5027;05;A;  52;100327; 6;u;13; 2913;-; 2819;-;   42;-;   43;-; 2839;-; 2702;-;  126;-;   11;-;   16;-;    4;-;   18;-;   20;-;   16;-;   16;-; 2752;-; 2555;-;  184;-;   13;-;   16;-;    5;-;   28;-;   10;-;    8;-;    8;-
4607;5027;05;A;  52;100327; 6;u;14; 2740;-; 3220;-;   43;-;   33;-; 2661;-; 2520;-;  128;-;   13;-;   16;-;    3;-;   25;-;   15;-;   11;-;   20;-; 3153;-; 2971;-;  172;-;   10;-;   25;-;    3;-;   19;-;   11;-;    9;-;    9;-
4607;5027;05;A;  52;100327; 6;u;15; 2855;-; 3143;-;   31;-;   43;-; 2779;-; 2639;-;  127;-;   13;-;   19;-;    1;-;   18;-;   12;-;   11;-;   26;-; 3070;-; 2905;-;  152;-;   13;-;   22;-;    3;-;   22;-;   18;-;   11;-;    8;-
4607;5027;05;A;  52;100327; 6;u;16; 2562;-; 3092;-;   33;-;   30;-; 2497;-; 2364;-;  118;-;   15;-;   15;-;    4;-;   17;-;   12;-;   10;-;   17;-; 3033;-; 2867;-;  150;-;   16;-;   20;-;    4;-;   17;-;    9;-;    8;-;    9;-
4607;5027;05;A;  52;100327; 6;u;17; 2364;-; 2890;-;   20;-;   20;-; 2310;-; 2163;-;  135;-;   12;-;   19;-;    2;-;   12;-;    6;-;    5;-;   15;-; 2848;-; 2696;-;  139;-;   13;-;   15;-;    2;-;   11;-;    7;-;    7;-;    7;-
4607;5027;05;A;  52;100327; 6;u;18; 2532;-; 2971;-;   14;-;   28;-; 2486;-; 2353;-;  123;-;   10;-;   15;-;    4;-;   10;-;    0;-;    0;-;   17;-; 2916;-; 2776;-;  127;-;   13;-;   12;-;    7;-;   17;-;    4;-;    3;-;   15;-
4607;5027;05;A;  52;100327; 6;u;19; 2313;-; 3217;-;   24;-;   26;-; 2267;-; 2141;-;  121;-;    5;-;    9;-;    7;-;    6;-;   11;-;    8;-;   13;-; 3171;-; 3027;-;  135;-;    9;-;    9;-;    4;-;   13;-;    9;-;    8;-;   11;-
4607;5027;05;A;  52;100327; 6;u;20; 1694;-; 2239;-;   22;-;   18;-; 1656;-; 1570;-;   81;-;    5;-;    8;-;    2;-;   15;-;    5;-;    4;-;    8;-; 2204;-; 2092;-;  105;-;    7;-;    8;-;    3;-;   11;-;    4;-;    3;-;    9;-
4607;5027;05;A;  52;100327; 6;u;21; 1340;-; 1518;-;   11;-;   16;-; 1317;-; 1240;-;   76;-;    1;-;    3;-;    3;-;    6;-;    2;-;    0;-;    9;-; 1491;-; 1409;-;   77;-;    5;-;    5;-;    4;-;    6;-;    6;-;    5;-;    6;-
4607;5027;05;A;  52;100327; 6;u;22; 1084;-; 1103;-;   10;-;   12;-; 1057;-; 1007;-;   47;-;    3;-;    4;-;    3;-;    4;-;    3;-;    2;-;   13;-; 1078;-; 1016;-;   58;-;    4;-;    7;-;    2;-;    8;-;    2;-;    2;-;    6;-
4607;5027;05;A;  52;100327; 6;u;23; 1107;-; 1152;-;   10;-;    7;-; 1086;-; 1021;-;   63;-;    2;-;    1;-;    1;-;    5;-;    4;-;    4;-;   10;-; 1135;-; 1086;-;   46;-;    3;-;    1;-;    2;-;    4;-;    1;-;    1;-;    9;-
4607;5027;05;A;  52;100327; 6;u;24;  854;-; 1201;-;    3;-;    5;-;  845;-;  794;-;   49;-;    2;-;    2;-;    0;-;    3;-;    0;-;    0;-;    4;-; 1186;-; 1133;-;   52;-;    1;-;    1;-;    1;-;    2;-;    2;-;    2;-;    9;-
4607;5027;05;A;  52;100328; 7;s;01;  674;-;  707;-;    7;-;    5;-;  664;-;  621;-;   39;-;    4;-;    1;-;    3;-;    3;-;    1;-;    1;-;    2;-;  696;-;  676;-;   18;-;    2;-;    1;-;    2;-;    2;-;    1;-;    1;-;    5;-
4607;5027;05;A;  52;100328; 7;s;02;  474;-;  478;-;   10;-;    4;-;  463;-;  438;-;   24;-;    1;-;    0;-;    1;-;    7;-;    2;-;    2;-;    1;-;  473;-;  451;-;   22;-;    0;-;    0;-;    1;-;    2;-;    1;-;    0;-;    1;-
4607;5027;05;A;  52;100328; 7;s;03;    0;z;    0;z;    0;z;    0;z;    0;z;    0;z;    0;z;    0;z;    0;z;    0;z;    0;z;    0;z;    0;z;    0;z;    0;z;    0;z;    0;z;    0;z;    0;z;    0;z;    0;z;    0;z;    0;z;    0;z
4607;5027;05;A;  52;100328; 7;s;04;  526;-;  383;-;   16;-;    4;-;  504;-;  468;-;   33;-;    3;-;    2;-;    3;-;   10;-;    3;-;    3;-;    4;-;  378;-;  356;-;   22;-;    0;-;    0;-;    2;-;    0;-;    2;-;    2;-;    1;-
4607;5027;05;A;  52;100328; 7;s;05;  728;s;  495;s;    7;s;   16;s;  719;s;  673;s;   46;s;    0;s;    0;s;    2;s;    1;s;    4;s;    3;s;    2;s;  478;s;  437;s;   41;s;    0;s;    1;s;   12;s;    4;s;    0;s;    0;s;    0;s
4607;5027;05;A;  52;100328; 7;s;06;  679;-;  502;-;   16;-;    9;-;  656;-;  626;-;   29;-;    1;-;    1;-;    4;-;    6;-;    6;-;    3;-;    6;-;  488;-;  454;-;   34;-;    0;-;    1;-;    6;-;    2;-;    1;-;    1;-;    4;-
4607;5027;05;A;  52;100328; 7;s;07;  620;-;  571;-;   13;-;   13;-;  598;-;  557;-;   41;-;    0;-;    6;-;    2;-;    5;-;    6;-;    6;-;    3;-;  556;-;  500;-;   56;-;    0;-;    1;-;    3;-;   10;-;    0;-;    0;-;    1;-
4607;5027;05;A;  52;100328; 7;s;08;  722;-;  625;-;   13;-;    9;-;  694;-;  617;-;   74;-;    3;-;   11;-;    2;-;    9;-;    2;-;    2;-;    4;-;  610;-;  528;-;   78;-;    4;-;    6;-;    4;-;    5;-;    0;-;    0;-;    0;-
4607;5027;05;A;  52;100328; 7;s;09; 1327;-;  735;-;   13;-;   11;-; 1289;-; 1174;-;  113;-;    2;-;   17;-;    0;-;    9;-;    4;-;    4;-;    8;-;  721;-;  662;-;   59;-;    0;-;    2;-;    6;-;    3;-;    2;-;    0;-;    1;-
4607;5027;05;A;  52;100328; 7;s;10; 2053;-; 1144;-;   24;-;   15;-; 1996;-; 1896;-;  100;-;    0;-;   20;-;    5;-;   12;-;    7;-;    6;-;   13;-; 1122;-; 1023;-;   98;-;    1;-;    4;-;    4;-;    5;-;    6;-;    6;-;    3;-
4607;5027;05;A;  52;100328; 7;s;11; 2037;-; 1395;-;   17;-;   15;-; 1996;-; 1921;-;   70;-;    5;-;   11;-;    7;-;    2;-;    8;-;    8;-;   13;-; 1370;-; 1273;-;   92;-;    5;-;    7;-;    6;-;    5;-;    4;-;    3;-;    3;-
4607;5027;05;A;  52;100328; 7;s;12; 2086;-; 1660;-;   22;-;   19;-; 2044;-; 1944;-;   93;-;    7;-;    8;-;    2;-;   15;-;    5;-;    5;-;   12;-; 1624;-; 1500;-;  118;-;    6;-;   10;-;    2;-;   11;-;    6;-;    6;-;    7;-
4607;5027;05;A;  52;100328; 7;s;13; 2352;-; 2144;-;   19;-;   13;-; 2302;-; 2189;-;   98;-;   15;-;   14;-;    1;-;   12;-;    6;-;    5;-;   17;-; 2119;-; 2014;-;   95;-;   10;-;    8;-;    2;-;    6;-;    5;-;    4;-;    4;-
4607;5027;05;A;  52;100328; 7;s;14; 2635;-; 2383;-;   13;-;    9;-; 2593;-; 2476;-;   99;-;   18;-;    8;-;    1;-;   10;-;    2;-;    2;-;   21;-; 2364;-; 2248;-;  106;-;   10;-;    4;-;    0;-;    5;-;    4;-;    4;-;    6;-
4607;5027;05;A;  52;100328; 7;s;15; 2783;-; 2965;-;   30;-;   16;-; 2729;-; 2630;-;   84;-;   15;-;   11;-;   10;-;    9;-;   11;-;   11;-;   13;-; 2925;-; 2810;-;  102;-;   13;-;   14;-;    3;-;    7;-;    6;-;    2;-;   10;-
4607;5027;05;A;  52;100328; 7;s;16; 2862;-; 2735;-;   25;-;   17;-; 2806;-; 2645;-;  145;-;   16;-;    6;-;   11;-;    9;-;    5;-;    5;-;   25;-; 2707;-; 2573;-;  128;-;    6;-;    7;-;    6;-;    7;-;    4;-;    4;-;    4;-
4607;5027;05;A;  52;100328; 7;s;17; 2558;-; 2857;-;   35;-;   19;-; 2504;-; 2362;-;  137;-;    5;-;    7;-;   10;-;   15;-;   10;-;    7;-;   12;-; 2818;-; 2704;-;  108;-;    6;-;   10;-;    3;-;    8;-;    8;-;    7;-;   10;-
4607;5027;05;A;  52;100328; 7;s;18; 2681;-; 3042;-;   27;-;   43;-; 2634;-; 2536;-;   95;-;    3;-;    8;-;    5;-;   14;-;    8;-;    7;-;   12;-; 2961;-; 2848;-;  105;-;    8;-;   29;-;   19;-;   16;-;    8;-;    5;-;    9;-
4607;5027;05;A;  52;100328; 7;s;19; 2178;-; 3396;-;   30;-;   30;-; 2122;-; 2034;-;   83;-;    5;-;    7;-;    7;-;   12;-;   11;-;   10;-;   19;-; 3325;-; 3210;-;  108;-;    7;-;   29;-;    3;-;   16;-;   11;-;   11;-;   12;-
4607;5027;05;A;  52;100328; 7;s;20; 1861;-; 2287;-;   14;-;   38;-; 1826;-; 1739;-;   83;-;    4;-;    5;-;    3;-;    6;-;    5;-;    3;-;   16;-; 2230;-; 2094;-;  135;-;    1;-;   14;-;   10;-;   18;-;   10;-;    9;-;    5;-
4607;5027;05;A;  52;100328; 7;s;21; 1379;-; 1931;-;   22;-;   44;-; 1337;-; 1286;-;   48;-;    3;-;    9;-;    5;-;    9;-;    8;-;    6;-;   11;-; 1873;-; 1798;-;   73;-;    2;-;   10;-;   17;-;   20;-;    7;-;    6;-;    4;-
4607;5027;05;A;  52;100328; 7;s;22; 1218;-; 1604;-;   17;-;   30;-; 1193;-; 1138;-;   50;-;    5;-;    0;-;    0;-;    8;-;    9;-;    7;-;    8;-; 1557;-; 1484;-;   70;-;    3;-;    7;-;    9;-;   12;-;    9;-;    7;-;   10;-
4607;5027;05;A;  52;100328; 7;s;23;  980;-;  955;-;   35;-;   41;-;  936;-;  874;-;   58;-;    4;-;    2;-;    2;-;    9;-;   24;-;   18;-;    7;-;  904;-;  850;-;   54;-;    0;-;    4;-;    2;-;   18;-;   21;-;   19;-;    6;-
4607;5027;05;A;  52;100328; 7;s;24;  590;-;  984;-;   31;-;   45;-;  553;-;  498;-;   55;-;    0;-;    3;-;    2;-;    9;-;   20;-;   15;-;    3;-;  937;-;  874;-;   63;-;    0;-;    1;-;    2;-;   20;-;   23;-;   17;-;    1;-
4607;5027;05;A;  52;100329; 1;u;01;  290;-;  360;-;   30;-;   31;-;  254;-;  221;-;   33;-;    0;-;    5;-;    4;-;   13;-;   13;-;   10;-;    1;-;  328;-;  307;-;   21;-;    0;-;    1;-;    4;-;    4;-;   23;-;   16;-;    0;-
4607;5027;05;A;  52;100329; 1;u;02;  160;-;  181;-;   27;-;   36;-;  131;-;  116;-;   15;-;    0;-;    2;-;    4;-;    6;-;   17;-;   13;-;    0;-;  144;-;  132;-;   11;-;    1;-;    0;-;    4;-;   10;-;   22;-;   16;-;    1;-
4607;5027;05;A;  52;100329; 1;u;03;  166;-;  144;-;   42;-;   37;-;  124;-;  108;-;   16;-;    0;-;    0;-;    2;-;   13;-;   27;-;   21;-;    0;-;  107;-;   98;-;    9;-;    0;-;    0;-;    1;-;   12;-;   24;-;   17;-;    0;-
4607;5027;05;A;  52;100329; 1;u;04;  353;-;  177;-;   53;-;   39;-;  297;-;  268;-;   29;-;    0;-;    1;-;    1;-;   14;-;   38;-;   29;-;    2;-;  136;-;  107;-;   29;-;    0;-;    1;-;    1;-;   23;-;   15;-;   12;-;    1;-
4607;5027;05;A;  52;100329; 1;u;05;  940;-;  341;-;   84;-;   73;-;  852;-;  808;-;   43;-;    1;-;    1;-;    7;-;   32;-;   45;-;   34;-;    3;-;  266;-;  234;-;   31;-;    1;-;    1;-;    0;-;   35;-;   38;-;   28;-;    1;-
4607;5027;05;A;  52;100329; 1;u;06; 2604;-;  782;-;  202;-;  105;-; 2385;-; 2303;-;   74;-;    8;-;    0;-;    5;-;   77;-;  120;-;   98;-;   17;-;  675;-;  617;-;   58;-;    0;-;    1;-;    4;-;   31;-;   70;-;   57;-;    1;-
4607;5027;05;A;  52;100329; 1;u;07; 4508;-; 1787;-;  201;-;  137;-; 4271;-; 4075;-;  192;-;    4;-;   14;-;    2;-;   77;-;  122;-;   99;-;   22;-; 1645;-; 1516;-;  125;-;    4;-;    2;-;    1;-;   58;-;   78;-;   60;-;    3;-
4607;5027;05;A;  52;100329; 1;u;08; 5724;-; 3137;-;  240;-;  220;-; 5433;-; 5187;-;  235;-;   11;-;   18;-;    1;-;  120;-;  119;-;   88;-;   33;-; 2889;-; 2728;-;  158;-;    3;-;   13;-;    3;-;  106;-;  111;-;   86;-;   15;-
4607;5027;05;A;  52;100329; 1;u;09; 5517;-; 3486;-;  293;-;  272;-; 5152;-; 4928;-;  219;-;    5;-;   29;-;    7;-;  136;-;  150;-;  114;-;   43;-; 3193;-; 2992;-;  198;-;    3;-;   14;-;    7;-;  133;-;  132;-;   90;-;    7;-
4607;5027;05;A;  52;100329; 1;u;10; 4489;-; 2587;-;  273;-;  232;-; 4148;-; 3941;-;  203;-;    4;-;   27;-;    9;-;  103;-;  161;-;  126;-;   41;-; 2331;-; 2156;-;  168;-;    7;-;   14;-;    1;-;  125;-;  106;-;   75;-;   10;-
4607;5027;05;A;  52;100329; 1;u;11; 3409;-; 2478;-;  280;-;  267;-; 3089;-; 2890;-;  195;-;    4;-;   17;-;    2;-;  113;-;  165;-;  132;-;   23;-; 2176;-; 1970;-;  204;-;    2;-;   23;-;    5;-;  114;-;  148;-;  118;-;   12;-
4607;5027;05;A;  52;100329; 1;u;12; 2982;-; 2445;-;  282;-;  256;-; 2663;-; 2444;-;  208;-;   11;-;   18;-;    0;-;  116;-;  166;-;  127;-;   19;-; 2155;-; 1958;-;  193;-;    4;-;   20;-;    2;-;   92;-;  162;-;  132;-;   14;-
4607;5027;05;A;  52;100329; 1;u;13; 2984;-; 2945;-;  244;-;  264;-; 2704;-; 2513;-;  185;-;    6;-;   14;-;    5;-;   85;-;  154;-;  127;-;   22;-; 2653;-; 2419;-;  231;-;    3;-;   11;-;    2;-;  120;-;  142;-;  101;-;   17;-
4607;5027;05;A;  52;100329; 1;u;14; 3020;-; 3207;-;  267;-;  271;-; 2718;-; 2515;-;  200;-;    3;-;   15;-;    4;-;   99;-;  164;-;  125;-;   20;-; 2904;-; 2654;-;  247;-;    3;-;   17;-;    2;-;  102;-;  167;-;  131;-;   15;-
4607;5027;05;A;  52;100329; 1;u;15; 2643;-; 3754;-;  238;-;  241;-; 2385;-; 2222;-;  154;-;    9;-;   11;-;    3;-;   97;-;  138;-;  108;-;    9;-; 3476;-; 3203;-;  265;-;    8;-;   20;-;    4;-;  101;-;  136;-;  107;-;   17;-
4607;5027;05;A;  52;100329; 1;u;16; 2744;-; 4628;-;  197;-;  227;-; 2508;-; 2316;-;  188;-;    4;-;   25;-;    2;-;   70;-;  125;-;   96;-;   14;-; 4366;-; 4083;-;  274;-;    9;-;   19;-;    2;-;   98;-;  127;-;  101;-;   16;-
4607;5027;05;A;  52;100329; 1;u;17; 2625;-; 5303;-;  167;-;  191;-; 2430;-; 2267;-;  156;-;    7;-;    8;-;    4;-;   60;-;  103;-;   81;-;   20;-; 5076;-; 4818;-;  252;-;    6;-;   20;-;    2;-;   78;-;  111;-;   85;-;   16;-
4607;5027;05;A;  52;100329; 1;u;18; 3611;-; 5652;-;  160;-;  152;-; 3413;-; 3246;-;  161;-;    6;-;   17;-;    2;-;   56;-;  102;-;   81;-;   21;-; 5460;-; 5262;-;  182;-;   16;-;   20;-;    4;-;   60;-;   88;-;   68;-;   20;-
4607;5027;05;A;  52;100329; 1;u;19; 3008;-; 4707;-;   96;-;  112;-; 2875;-; 2716;-;  149;-;   10;-;   13;-;    3;-;   25;-;   68;-;   54;-;   24;-; 4564;-; 4352;-;  202;-;   10;-;   11;-;    2;-;   31;-;   79;-;   65;-;   20;-
4607;5027;05;A;  52;100329; 1;u;20; 2238;-; 3113;-;   65;-;  111;-; 2145;-; 2004;-;  133;-;    8;-;   10;-;    1;-;   17;-;   47;-;   36;-;   18;-; 2980;-; 2772;-;  200;-;    8;-;    7;-;    3;-;   28;-;   80;-;   63;-;   15;-
4607;5027;05;A;  52;100329; 1;u;21; 1400;-; 2021;-;   60;-;   82;-; 1314;-; 1216;-;   89;-;    9;-;    4;-;    2;-;   11;-;   47;-;   36;-;   22;-; 1920;-; 1791;-;  122;-;    7;-;    9;-;    5;-;   18;-;   59;-;   43;-;   10;-
4607;5027;05;A;  52;100329; 1;u;22; 1076;-; 1573;-;   60;-;   60;-; 1002;-;  915;-;   85;-;    2;-;    5;-;    3;-;   14;-;   43;-;   28;-;    9;-; 1500;-; 1403;-;   93;-;    4;-;    4;-;    0;-;   16;-;   44;-;   30;-;    9;-
4607;5027;05;A;  52;100329; 1;u;23;  797;-; 1237;-;   38;-;   42;-;  752;-;  697;-;   53;-;    2;-;    1;-;    1;-;    9;-;   28;-;   21;-;    6;-; 1189;-; 1102;-;   83;-;    4;-;    2;-;    0;-;   12;-;   30;-;   21;-;    4;-
4607;5027;05;A;  52;100329; 1;u;24;  433;-;  831;-;   53;-;   49;-;  376;-;  336;-;   40;-;    0;-;    0;-;    3;-;   10;-;   40;-;   30;-;    4;-;  779;-;  723;-;   56;-;    0;-;    0;-;    3;-;    7;-;   39;-;   26;-;    3;-
4607;5027;05;A;  52;100330; 2;u;01;  227;-;  370;-;   35;-;   44;-;  190;-;  155;-;   35;-;    0;-;    1;-;    1;-;   11;-;   23;-;   15;-;    1;-;  324;-;  296;-;   27;-;    1;-;    0;-;    3;-;    8;-;   33;-;   21;-;    2;-
4607;5027;05;A;  52;100330; 2;u;02;  163;-;  169;-;   45;-;   41;-;  116;-;   97;-;   18;-;    1;-;    1;-;    1;-;   13;-;   31;-;   24;-;    1;-;  128;-;  108;-;   20;-;    0;-;    0;-;    0;-;    6;-;   35;-;   30;-;    0;-
4607;5027;05;A;  52;100330; 2;u;03;  140;-;  143;-;   43;-;   50;-;   97;-;   82;-;   15;-;    0;-;    0;-;    0;-;   16;-;   27;-;   18;-;    0;-;   92;-;   74;-;   18;-;    0;-;    0;-;    0;-;   10;-;   40;-;   27;-;    1;-
4607;5027;05;A;  52;100330; 2;u;04;  394;-;  182;-;   61;-;   55;-;  329;-;  301;-;   28;-;    0;-;    1;-;    1;-;   22;-;   38;-;   23;-;    3;-;  127;-;  106;-;   21;-;    0;-;    0;-;    0;-;   28;-;   27;-;   18;-;    0;-
4607;5027;05;A;  52;100330; 2;u;05;  918;-;  348;-;   94;-;   77;-;  817;-;  771;-;   45;-;    1;-;    0;-;    7;-;   37;-;   50;-;   31;-;    7;-;  268;-;  225;-;   43;-;    0;-;    1;-;    1;-;   32;-;   44;-;   31;-;    2;-
4607;5027;05;A;  52;100330; 2;u;06; 2417;-;  741;-;  184;-;  115;-; 2216;-; 2098;-;  106;-;   12;-;    3;-;    1;-;   69;-;  114;-;   95;-;   14;-;  617;-;  546;-;   65;-;    6;-;    1;-;    4;-;   42;-;   69;-;   53;-;    8;-
4607;5027;05;A;  52;100330; 2;u;07; 5117;-; 1711;-;  261;-;  149;-; 4811;-; 4498;-;  303;-;   10;-;   13;-;    2;-;  113;-;  146;-;  115;-;   32;-; 1549;-; 1395;-;  146;-;    8;-;    9;-;    0;-;   71;-;   78;-;   59;-;    4;-
4607;5027;05;A;  52;100330; 2;u;08; 6145;-; 2975;-;  289;-;  227;-; 5806;-; 5523;-;  266;-;   17;-;   29;-;    6;-;  134;-;  149;-;  112;-;   21;-; 2717;-; 2529;-;  186;-;    2;-;    8;-;    2;-;   83;-;  142;-;  113;-;   23;-
4607;5027;05;A;  52;100330; 2;u;09; 5467;-; 3439;-;  245;-;  265;-; 5175;-; 4928;-;  238;-;    9;-;   20;-;    2;-;  109;-;  134;-;  100;-;   27;-; 3141;-; 2935;-;  202;-;    4;-;   19;-;    5;-;  116;-;  144;-;  109;-;   14;-
4607;5027;05;A;  52;100330; 2;u;10; 3612;-; 2686;-;  270;-;  265;-; 3299;-; 3113;-;  180;-;    6;-;   13;-;    7;-;  100;-;  163;-;  127;-;   30;-; 2395;-; 2167;-;  222;-;    6;-;   18;-;    2;-;  124;-;  139;-;  100;-;    8;-
4607;5027;05;A;  52;100330; 2;u;11; 3111;-; 2444;-;  226;-;  268;-; 2827;-; 2622;-;  200;-;    5;-;   16;-;    3;-;   84;-;  139;-;  111;-;   42;-; 2152;-; 1944;-;  204;-;    4;-;   16;-;    4;-;  118;-;  146;-;  119;-;    8;-
4607;5027;05;A;  52;100330; 2;u;12; 2870;-; 2640;-;  256;-;  279;-; 2578;-; 2406;-;  166;-;    6;-;   14;-;    0;-;   92;-;  164;-;  132;-;   22;-; 2339;-; 2096;-;  241;-;    2;-;   11;-;    3;-;   96;-;  180;-;  140;-;   11;-
4607;5027;05;A;  52;100330; 2;u;13; 3057;-; 2914;-;  271;-;  246;-; 2752;-; 2547;-;  200;-;    5;-;    7;-;    4;-;  104;-;  163;-;  130;-;   27;-; 2647;-; 2413;-;  225;-;    9;-;   11;-;    1;-;  103;-;  142;-;  112;-;   10;-
4607;5027;05;A;  52;100330; 2;u;14; 3053;-; 3285;-;  265;-;  255;-; 2749;-; 2539;-;  200;-;   10;-;   14;-;    2;-;   87;-;  176;-;  142;-;   25;-; 3010;-; 2755;-;  248;-;    7;-;   10;-;    3;-;  106;-;  146;-;  114;-;   10;-
4607;5027;05;A;  52;100330; 2;u;15; 2762;-; 3936;-;  234;-;  262;-; 2492;-; 2280;-;  204;-;    8;-;   16;-;    2;-;   89;-;  143;-;  112;-;   20;-; 3628;-; 3343;-;  273;-;   12;-;   30;-;    6;-;  112;-;  144;-;  111;-;   16;-
4607;5027;05;A;  52;100330; 2;u;16; 2876;-; 4883;-;  227;-;  221;-; 2612;-; 2399;-;  204;-;    9;-;   21;-;    4;-;   92;-;  131;-;  101;-;   16;-; 4614;-; 4339;-;  265;-;   10;-;   29;-;    6;-;   95;-;  120;-;   97;-;   19;-
4607;5027;05;A;  52;100330; 2;u;17; 3168;-; 5243;-;  154;-;  167;-; 2978;-; 2785;-;  182;-;   11;-;   14;-;    4;-;   52;-;   98;-;   75;-;   22;-; 5041;-; 4804;-;  228;-;    9;-;   22;-;    3;-;   57;-;  107;-;   78;-;   13;-
4607;5027;05;A;  52;100330; 2;u;18; 3453;-; 5549;-;  157;-;  145;-; 3265;-; 3107;-;  155;-;    3;-;    6;-;    1;-;   42;-;  114;-;   88;-;   25;-; 5373;-; 5192;-;  172;-;    9;-;   15;-;    5;-;   35;-;  105;-;   82;-;   16;-
4607;5027;05;A;  52;100330; 2;u;19; 3169;-; 4498;-;  119;-;   98;-; 3017;-; 2887;-;  122;-;    8;-;    9;-;    5;-;   24;-;   90;-;   70;-;   24;-; 4371;-; 4197;-;  163;-;   11;-;   13;-;    0;-;   29;-;   69;-;   53;-;   16;-
4607;5027;05;A;  52;100330; 2;u;20; 2210;-; 2928;-;   71;-;   87;-; 2115;-; 1981;-;  128;-;    6;-;    4;-;    3;-;   18;-;   50;-;   42;-;   20;-; 2808;-; 2616;-;  184;-;    8;-;    6;-;    5;-;   24;-;   58;-;   44;-;   27;-
4607;5027;05;A;  52;100330; 2;u;21; 1516;-; 2073;-;   77;-;   61;-; 1416;-; 1315;-;   97;-;    4;-;    7;-;    6;-;   15;-;   56;-;   38;-;   16;-; 1989;-; 1856;-;  124;-;    9;-;    8;-;    5;-;    6;-;   50;-;   33;-;   15;-
4607;5027;05;A;  52;100330; 2;u;22; 1158;-; 1604;-;   52;-;   71;-; 1099;-; 1040;-;   55;-;    4;-;    3;-;    5;-;   11;-;   36;-;   26;-;    4;-; 1516;-; 1425;-;   83;-;    8;-;    6;-;    2;-;   14;-;   55;-;   37;-;   11;-
4607;5027;05;A;  52;100330; 2;u;23;  822;-; 1412;-;   39;-;   44;-;  774;-;  709;-;   65;-;    0;-;    2;-;    1;-;    8;-;   30;-;   24;-;    7;-; 1361;-; 1265;-;   91;-;    5;-;    1;-;    0;-;    9;-;   35;-;   25;-;    6;-
4607;5027;05;A;  52;100330; 2;u;24;  495;-;  894;-;   33;-;   49;-;  460;-;  405;-;   53;-;    2;-;    0;-;    1;-;    8;-;   24;-;   20;-;    2;-;  837;-;  775;-;   62;-;    0;-;    2;-;    4;-;    7;-;   38;-;   26;-;    6;-
4607;5027;05;A;  52;100331; 3;u;01;  278;-;  379;-;   37;-;   40;-;  239;-;  208;-;   31;-;    0;-;    1;-;    1;-;   11;-;   25;-;   17;-;    1;-;  336;-;  297;-;   38;-;    1;-;    0;-;    2;-;    5;-;   33;-;   23;-;    3;-
4607;5027;05;A;  52;100331; 3;u;02;  157;-;  152;-;   38;-;   22;-;  115;-;   91;-;   24;-;    0;-;    3;-;    2;-;   10;-;   26;-;   20;-;    1;-;  129;-;  109;-;   18;-;    2;-;    1;-;    0;-;    6;-;   16;-;   12;-;    0;-
4607;5027;05;A;  52;100331; 3;u;03;  162;-;  143;-;   47;-;   47;-;  113;-;   96;-;   17;-;    0;-;    1;-;    1;-;   16;-;   30;-;   17;-;    1;-;   96;-;   82;-;   14;-;    0;-;    0;-;    2;-;   17;-;   28;-;   16;-;    0;-
4607;5027;05;A;  52;100331; 3;u;04;  393;-;  199;-;   68;-;   52;-;  323;-;  291;-;   32;-;    0;-;    1;-;    0;-;   22;-;   46;-;   29;-;    1;-;  144;-;  106;-;   38;-;    0;-;    1;-;    0;-;   20;-;   32;-;   20;-;    2;-
4607;5027;05;A;  52;100331; 3;u;05;  858;-;  374;-;   98;-;   91;-;  754;-;  708;-;   42;-;    4;-;    1;-;    5;-;   35;-;   58;-;   36;-;    5;-;  281;-;  241;-;   40;-;    0;-;    1;-;    2;-;   36;-;   53;-;   37;-;    1;-
4607;5027;05;A;  52;100331; 3;u;06; 2264;-;  690;-;  182;-;  133;-; 2056;-; 1941;-;  106;-;    9;-;    3;-;    4;-;   67;-;  111;-;   88;-;   23;-;  552;-;  482;-;   68;-;    2;-;    2;-;    4;-;   40;-;   89;-;   72;-;    3;-
4607;5027;05;A;  52;100331; 3;u;07; 4854;-; 1690;-;  275;-;  161;-; 4546;-; 4274;-;  263;-;    9;-;   14;-;    3;-;  122;-;  150;-;  110;-;   19;-; 1514;-; 1371;-;  142;-;    1;-;    7;-;    0;-;   68;-;   93;-;   70;-;    8;-
4607;5027;05;A;  52;100331; 3;u;08; 5821;-; 2987;-;  259;-;  210;-; 5506;-; 5273;-;  222;-;   11;-;   23;-;    3;-;  118;-;  138;-;  103;-;   33;-; 2751;-; 2543;-;  199;-;    9;-;   11;-;    7;-;   94;-;  109;-;   86;-;   15;-
4607;5027;05;A;  52;100331; 3;u;09; 5066;-; 3275;-;  214;-;  221;-; 4816;-; 4594;-;  213;-;    9;-;   16;-;    3;-;   83;-;  128;-;   96;-;   20;-; 3025;-; 2806;-;  216;-;    3;-;   12;-;    5;-;  101;-;  115;-;   81;-;   17;-
4607;5027;05;A;  52;100331; 3;u;10; 4049;-; 2664;-;  264;-;  282;-; 3742;-; 3553;-;  185;-;    4;-;   16;-;    3;-;   96;-;  165;-;  135;-;   27;-; 2363;-; 2135;-;  221;-;    7;-;    8;-;    6;-;  129;-;  147;-;  107;-;   11;-
4607;5027;05;A;  52;100331; 3;u;11; 3240;-; 2499;-;  279;-;  250;-; 2934;-; 2729;-;  203;-;    2;-;   14;-;    4;-;  111;-;  164;-;  130;-;   13;-; 2227;-; 1996;-;  224;-;    7;-;   12;-;    4;-;  100;-;  146;-;  119;-;   10;-
4607;5027;05;A;  52;100331; 3;u;12; 2907;-; 2768;-;  244;-;  290;-; 2639;-; 2442;-;  186;-;   11;-;    7;-;    3;-;   90;-;  151;-;  117;-;   17;-; 2445;-; 2215;-;  227;-;    3;-;   20;-;    2;-;  117;-;  171;-;  129;-;   13;-
4607;5027;05;A;  52;100331; 3;u;13; 3035;-; 3054;-;  247;-;  238;-; 2761;-; 2577;-;  180;-;    4;-;   13;-;    2;-;   88;-;  157;-;  125;-;   14;-; 2784;-; 2554;-;  225;-;    5;-;   21;-;    5;-;   94;-;  139;-;  104;-;   11;-
4607;5027;05;A;  52;100331; 3;u;14; 3011;-; 3517;-;  252;-;  248;-; 2719;-; 2545;-;  168;-;    6;-;   21;-;    2;-;  105;-;  145;-;  113;-;   19;-; 3238;-; 2951;-;  275;-;   12;-;   20;-;    2;-;   88;-;  158;-;  123;-;   11;-
4607;5027;05;A;  52;100331; 3;u;15; 2949;-; 3928;-;  235;-;  263;-; 2688;-; 2512;-;  168;-;    8;-;   15;-;    4;-;   84;-;  147;-;  114;-;   11;-; 3640;-; 3346;-;  284;-;   10;-;   15;-;    7;-;  100;-;  156;-;  118;-;   10;-
4607;5027;05;A;  52;100331; 3;u;16; 2965;-; 4755;-;  209;-;  220;-; 2718;-; 2533;-;  180;-;    5;-;    4;-;    5;-;   82;-;  122;-;   88;-;   34;-; 4499;-; 4204;-;  286;-;    9;-;   17;-;    2;-;   88;-;  130;-;  101;-;   19;-
4607;5027;05;A;  52;100331; 3;u;17; 3201;-; 5454;-;  145;-;  195;-; 3032;-; 2816;-;  204;-;   12;-;   12;-;    1;-;   55;-;   89;-;   76;-;   12;-; 5216;-; 4970;-;  235;-;   11;-;   31;-;    4;-;   74;-;  117;-;   89;-;   12;-
4607;5027;05;A;  52;100331; 3;u;18; 3493;-; 5435;-;  158;-;  151;-; 3293;-; 3157;-;  132;-;    4;-;   12;-;    4;-;   43;-;  111;-;   80;-;   30;-; 5257;-; 5105;-;  145;-;    7;-;   14;-;    5;-;   42;-;  104;-;   81;-;   13;-
4607;5027;05;A;  52;100331; 3;u;19; 3191;-; 4890;-;  112;-;  105;-; 3049;-; 2938;-;  109;-;    2;-;   10;-;    3;-;   20;-;   89;-;   67;-;   20;-; 4757;-; 4628;-;  123;-;    6;-;    6;-;    3;-;   32;-;   70;-;   52;-;   22;-
4607;5027;05;A;  52;100331; 3;u;20; 2338;-; 3262;-;   72;-;   88;-; 2228;-; 2108;-;  112;-;    8;-;    7;-;    3;-;   13;-;   56;-;   41;-;   31;-; 3153;-; 2967;-;  177;-;    9;-;   10;-;    3;-;   17;-;   68;-;   52;-;   11;-
4607;5027;05;A;  52;100331; 3;u;21; 1636;-; 2144;-;   58;-;   85;-; 1559;-; 1466;-;   89;-;    4;-;    6;-;    1;-;   14;-;   43;-;   29;-;   13;-; 2041;-; 1897;-;  139;-;    5;-;    4;-;    5;-;   13;-;   67;-;   49;-;   14;-
4607;5027;05;A;  52;100331; 3;u;22; 1252;-; 1745;-;   59;-;   58;-; 1184;-; 1118;-;   61;-;    5;-;    1;-;    2;-;   12;-;   45;-;   37;-;    8;-; 1675;-; 1572;-;   93;-;   10;-;    5;-;    2;-;    7;-;   49;-;   27;-;    7;-
4607;5027;05;A;  52;100331; 3;u;23; 1021;-; 1403;-;   54;-;   46;-;  956;-;  892;-;   62;-;    2;-;    2;-;    4;-;   15;-;   35;-;   24;-;    9;-; 1347;-; 1260;-;   85;-;    2;-;    3;-;    3;-;   11;-;   32;-;   25;-;    7;-
4607;5027;05;A;  52;100331; 3;u;24;  558;-; 1073;-;   48;-;   54;-;  500;-;  448;-;   51;-;    1;-;    6;-;    3;-;   10;-;   35;-;   25;-;    4;-; 1010;-;  932;-;   77;-;    1;-;    5;-;    1;-;   14;-;   39;-;   26;-;    4;-
4607;5027;05;A;  52;100401; 4;u;01;  336;-;  487;-;   43;-;   47;-;  293;-;  253;-;   40;-;    0;-;    0;-;    3;-;   14;-;   26;-;   18;-;    0;-;  439;-;  400;-;   38;-;    1;-;    1;-;    3;-;    6;-;   38;-;   24;-;    0;-
4607;5027;05;A;  52;100401; 4;u;02;  172;-;  210;-;   54;-;   30;-;  117;-;   92;-;   24;-;    1;-;    0;-;    2;-;   16;-;   36;-;   27;-;    1;-;  179;-;  161;-;   18;-;    0;-;    0;-;    0;-;    5;-;   25;-;   21;-;    1;-
4607;5027;05;A;  52;100401; 4;u;03;  160;-;  189;-;   47;-;   51;-;  111;-;   91;-;   20;-;    0;-;    2;-;    0;-;   18;-;   29;-;   19;-;    0;-;  138;-;  109;-;   29;-;    0;-;    0;-;    1;-;   12;-;   38;-;   26;-;    0;-
4607;5027;05;A;  52;100401; 4;u;04;  341;-;  198;-;   66;-;   57;-;  272;-;  241;-;   31;-;    0;-;    0;-;    0;-;   23;-;   43;-;   22;-;    3;-;  139;-;  111;-;   27;-;    1;-;    2;-;    0;-;   26;-;   31;-;   23;-;    0;-
4607;5027;05;A;  52;100401; 4;u;05;  855;-;  362;-;  106;-;   95;-;  739;-;  695;-;   43;-;    1;-;    2;-;    6;-;   35;-;   65;-;   50;-;    8;-;  263;-;  229;-;   33;-;    1;-;    0;-;    1;-;   46;-;   48;-;   33;-;    4;-
4607;5027;05;A;  52;100401; 4;u;06; 2221;-;  745;-;  184;-;  133;-; 2026;-; 1906;-;  113;-;    7;-;    1;-;    7;-;   63;-;  114;-;   90;-;   10;-;  607;-;  532;-;   74;-;    1;-;    4;-;    1;-;   41;-;   91;-;   58;-;    1;-
4607;5027;05;A;  52;100401; 4;u;07; 4526;-; 1671;-;  267;-;  162;-; 4195;-; 3923;-;  261;-;   11;-;   12;-;    1;-;  113;-;  153;-;  110;-;   52;-; 1494;-; 1350;-;  140;-;    4;-;    7;-;    2;-;   59;-;  101;-;   72;-;    8;-
4607;5027;05;A;  52;100401; 4;u;08; 5496;-; 2834;-;  267;-;  188;-; 5172;-; 4930;-;  229;-;   13;-;   22;-;    4;-;  123;-;  140;-;  110;-;   35;-; 2616;-; 2414;-;  198;-;    4;-;   14;-;    2;-;   88;-;   98;-;   73;-;   16;-
4607;5027;05;A;  52;100401; 4;u;09; 5032;-; 3257;-;  242;-;  258;-; 4702;-; 4456;-;  232;-;   14;-;   19;-;    3;-;  115;-;  124;-;   92;-;   69;-; 2974;-; 2749;-;  219;-;    6;-;   12;-;    4;-;  124;-;  130;-;   97;-;   13;-
4607;5027;05;A;  52;100401; 4;u;10; 3611;-; 2568;-;  293;-;  271;-; 3271;-; 3088;-;  180;-;    3;-;   20;-;   12;-;  108;-;  173;-;  137;-;   27;-; 2266;-; 2048;-;  216;-;    2;-;   20;-;    7;-;  120;-;  144;-;  105;-;   11;-
4607;5027;05;A;  52;100401; 4;u;11; 2812;-; 2445;-;  256;-;  282;-; 2506;-; 2318;-;  182;-;    6;-;   15;-;    5;-;  101;-;  150;-;  117;-;   35;-; 2135;-; 1889;-;  242;-;    4;-;   18;-;    5;-;  115;-;  162;-;  122;-;   10;-
4607;5027;05;A;  52;100401; 4;u;12; 2932;-; 2659;-;  249;-;  263;-; 2645;-; 2466;-;  176;-;    3;-;   14;-;    5;-;   99;-;  145;-;  106;-;   24;-; 2368;-; 2108;-;  258;-;    2;-;   15;-;    3;-;  101;-;  159;-;  126;-;   13;-
4607;5027;05;A;  52;100401; 4;u;13; 3633;-; 3126;-;  325;-;  228;-; 3245;-; 3017;-;  219;-;    9;-;   24;-;    2;-;  120;-;  203;-;  169;-;   39;-; 2866;-; 2604;-;  258;-;    4;-;   19;-;    4;-;   92;-;  132;-;   99;-;   13;-
4607;5027;05;A;  52;100401; 4;u;14; 4375;-; 3526;-;  369;-;  236;-; 3953;-; 3674;-;  262;-;   17;-;   33;-;    6;-;  133;-;  230;-;  185;-;   20;-; 3263;-; 3008;-;  249;-;    6;-;   16;-;    1;-;  104;-;  131;-;   96;-;   11;-
4607;5027;05;A;  52;100401; 4;u;15; 4107;-; 4309;-;  332;-;  235;-; 3728;-; 3485;-;  236;-;    7;-;   26;-;    3;-;  122;-;  207;-;  157;-;   21;-; 4026;-; 3755;-;  261;-;   10;-;   38;-;    5;-;   88;-;  142;-;  119;-;   10;-
4607;5027;05;A;  52;100401; 4;u;16; 4481;-; 4841;-;  301;-;  210;-; 4147;-; 3878;-;  260;-;    9;-;   15;-;    8;-;   95;-;  198;-;  161;-;   18;-; 4594;-; 4301;-;  284;-;    9;-;   21;-;   11;-;   77;-;  122;-;  100;-;   16;-
4607;5027;05;A;  52;100401; 4;u;17; 4727;-; 5467;-;  241;-;  193;-; 4411;-; 4188;-;  213;-;   10;-;   28;-;    4;-;  104;-;  133;-;  115;-;   47;-; 5240;-; 5015;-;  208;-;   17;-;   20;-;    3;-;   66;-;  124;-;   92;-;   14;-
4607;5027;05;A;  52;100401; 4;u;18; 4755;-; 5373;-;  209;-;  164;-; 4507;-; 4316;-;  178;-;   13;-;   24;-;    3;-;   56;-;  150;-;  116;-;   15;-; 5177;-; 4995;-;  176;-;    6;-;   19;-;    3;-;   51;-;  110;-;   87;-;   13;-
4607;5027;05;A;  52;100401; 4;u;19; 4731;-; 4685;-;  164;-;  118;-; 4518;-; 4341;-;  167;-;   10;-;   21;-;    7;-;   49;-;  108;-;   83;-;   28;-; 4546;-; 4358;-;  180;-;    8;-;   10;-;    5;-;   35;-;   78;-;   65;-;   11;-
4607;5027;05;A;  52;100401; 4;u;20; 2944;-; 3320;-;   83;-;   73;-; 2831;-; 2686;-;  141;-;    4;-;   11;-;    3;-;   26;-;   54;-;   41;-;   19;-; 3226;-; 3054;-;  164;-;    8;-;    9;-;    2;-;   13;-;   58;-;   38;-;   12;-
4607;5027;05;A;  52;100401; 4;u;21; 1627;-; 2321;-;   42;-;   76;-; 1564;-; 1477;-;   82;-;    5;-;    6;-;    2;-;   15;-;   25;-;   17;-;   15;-; 2227;-; 2091;-;  128;-;    8;-;    6;-;    7;-;   13;-;   56;-;   36;-;   12;-
4607;5027;05;A;  52;100401; 4;u;22; 1253;-; 1914;-;   47;-;   45;-; 1188;-; 1126;-;   60;-;    2;-;    4;-;    1;-;   12;-;   34;-;   24;-;   14;-; 1852;-; 1759;-;   87;-;    6;-;    7;-;    4;-;   12;-;   29;-;   21;-;   10;-
4607;5027;05;A;  52;100401; 4;u;23; 1062;-; 1560;-;   34;-;   45;-; 1011;-;  924;-;   84;-;    3;-;    6;-;    7;-;    6;-;   21;-;   17;-;   11;-; 1505;-; 1421;-;   82;-;    2;-;    3;-;    2;-;   11;-;   32;-;   22;-;    7;-
4607;5027;05;A;  52;100401; 4;u;24;  824;-; 1254;-;   27;-;   31;-;  793;-;  759;-;   33;-;    1;-;    1;-;    2;-;    6;-;   19;-;   11;-;    3;-; 1216;-; 1142;-;   72;-;    2;-;    1;-;    3;-;    4;-;   24;-;   14;-;    6;-
4607;5027;05;A;  52;100402; 5;s;01;  427;-;  563;-;   10;-;   18;-;  414;-;  381;-;   32;-;    1;-;    1;-;    0;-;    2;-;    8;-;    8;-;    2;-;  539;-;  500;-;   37;-;    2;-;    3;-;    3;-;    4;-;   11;-;    8;-;    3;-
4607;5027;05;A;  52;100402; 5;s;02;  255;-;  292;-;   19;-;   17;-;  233;-;  213;-;   20;-;    0;-;    1;-;    2;-;    4;-;   13;-;    8;-;    2;-;  271;-;  252;-;   19;-;    0;-;    2;-;    0;-;    0;-;   17;-;   12;-;    2;-
4607;5027;05;A;  52;100402; 5;s;03;  191;-;  211;-;   11;-;    7;-;  177;-;  164;-;   13;-;    0;-;    0;-;    1;-;    0;-;   10;-;    6;-;    3;-;  203;-;  190;-;   13;-;    0;-;    0;-;    0;-;    2;-;    5;-;    5;-;    1;-
4607;5027;05;A;  52;100402; 5;s;04;  377;-;  245;-;   14;-;   10;-;  360;-;  324;-;   35;-;    1;-;    1;-;    2;-;    4;-;    8;-;    5;-;    2;-;  231;-;  210;-;   20;-;    1;-;    0;-;    1;-;    3;-;    6;-;    3;-;    4;-
4607;5027;05;A;  52;100402; 5;s;05;  547;-;  351;-;   13;-;    8;-;  527;-;  486;-;   39;-;    2;-;    2;-;    2;-;    2;-;    9;-;    6;-;    5;-;  340;-;  301;-;   39;-;    0;-;    2;-;    1;-;    2;-;    5;-;    3;-;    1;-
4607;5027;05;A;  52;100402; 5;s;06;  716;-;  473;-;   15;-;   13;-;  690;-;  651;-;   38;-;    1;-;    4;-;    3;-;    5;-;    7;-;    6;-;    7;-;  458;-;  426;-;   32;-;    0;-;    2;-;    6;-;    2;-;    5;-;    4;-;    0;-
4607;5027;05;A;  52;100402; 5;s;07;  453;-;  550;-;    9;-;   16;-;  435;-;  390;-;   45;-;    0;-;    3;-;    1;-;    3;-;    5;-;    3;-;    6;-;  527;-;  490;-;   36;-;    1;-;    4;-;    4;-;    5;-;    7;-;    4;-;    3;-
4607;5027;05;A;  52;100402; 5;s;08;  524;-;  596;-;   27;-;   16;-;  489;-;  437;-;   47;-;    5;-;    4;-;    9;-;    6;-;   12;-;   11;-;    4;-;  571;-;  525;-;   45;-;    1;-;    5;-;    4;-;    5;-;    7;-;    7;-;    4;-
4607;5027;05;A;  52;100402; 5;s;09;  753;-;  997;-;   13;-;   17;-;  734;-;  665;-;   68;-;    1;-;    0;-;    3;-;    6;-;    4;-;    4;-;    6;-;  970;-;  899;-;   63;-;    8;-;    7;-;    3;-;    6;-;    8;-;    5;-;    3;-
4607;5027;05;A;  52;100402; 5;s;10; 1238;-; 1316;-;   15;-;   17;-; 1207;-; 1151;-;   53;-;    3;-;    9;-;    5;-;    4;-;    6;-;    6;-;    7;-; 1284;-; 1184;-;   93;-;    7;-;    8;-;    1;-;    9;-;    7;-;    7;-;    7;-
4607;5027;05;A;  52;100402; 5;s;11; 1525;-; 1881;-;   18;-;   16;-; 1482;-; 1389;-;   79;-;   14;-;   12;-;    0;-;    6;-;   12;-;   11;-;   13;-; 1848;-; 1732;-;  109;-;    7;-;    8;-;    4;-;    6;-;    6;-;    5;-;    9;-
4607;5027;05;A;  52;100402; 5;s;12; 1889;-; 2184;-;   14;-;   13;-; 1850;-; 1764;-;   73;-;   13;-;    9;-;    2;-;    5;-;    7;-;    6;-;   16;-; 2150;-; 2014;-;  116;-;   20;-;   11;-;    1;-;    5;-;    7;-;    5;-;   10;-
4607;5027;05;A;  52;100402; 5;s;13; 1976;-; 2087;-;   10;-;   20;-; 1943;-; 1848;-;   83;-;   12;-;    9;-;    1;-;    4;-;    5;-;    5;-;   14;-; 2057;-; 1939;-;  101;-;   17;-;    7;-;    2;-;    8;-;   10;-;    9;-;    3;-
4607;5027;05;A;  52;100402; 5;s;14; 2246;-; 2239;-;   13;-;   13;-; 2210;-; 2106;-;   77;-;   27;-;    3;-;    2;-;   10;-;    1;-;    1;-;   20;-; 2212;-; 2076;-;  115;-;   21;-;    6;-;    2;-;    9;-;    2;-;    2;-;    8;-
4607;5027;05;A;  52;100402; 5;s;15; 2106;-; 2364;-;   18;-;   12;-; 2061;-; 1964;-;   68;-;   29;-;   16;-;    2;-;    9;-;    7;-;    7;-;   11;-; 2331;-; 2222;-;   91;-;   18;-;   10;-;    3;-;    6;-;    3;-;    2;-;   11;-
4607;5027;05;A;  52;100402; 5;s;16; 2104;-; 2109;-;   14;-;   18;-; 2072;-; 1967;-;   84;-;   21;-;    9;-;    1;-;    4;-;    9;-;    9;-;    9;-; 2079;-; 1961;-;   95;-;   23;-;   10;-;    4;-;    9;-;    5;-;    3;-;    2;-
4607;5027;05;A;  52;100402; 5;s;17; 1869;-; 1954;-;   17;-;    9;-; 1838;-; 1717;-;   99;-;   22;-;    6;-;    2;-;   10;-;    5;-;    5;-;    8;-; 1931;-; 1827;-;   90;-;   14;-;    6;-;    2;-;    3;-;    4;-;    4;-;    8;-
4607;5027;05;A;  52;100402; 5;s;18; 1882;-; 2043;-;   17;-;   12;-; 1853;-; 1765;-;   74;-;   14;-;    6;-;    1;-;   10;-;    6;-;    5;-;    6;-; 2014;-; 1913;-;   84;-;   17;-;    7;-;    4;-;    3;-;    5;-;    5;-;   10;-
4607;5027;05;A;  52;100402; 5;s;19; 1771;-; 2089;-;   21;-;   10;-; 1735;-; 1633;-;   93;-;    9;-;    5;-;    4;-;    5;-;   12;-;   10;-;   10;-; 2067;-; 1951;-;   99;-;   17;-;    3;-;    3;-;    3;-;    4;-;    4;-;    9;-
4607;5027;05;A;  52;100402; 5;s;20; 1455;-; 1760;-;   16;-;   17;-; 1425;-; 1343;-;   72;-;   10;-;    3;-;    3;-;    8;-;    5;-;    4;-;   11;-; 1735;-; 1653;-;   71;-;   11;-;    3;-;    2;-;    5;-;   10;-;    9;-;    5;-
4607;5027;05;A;  52;100402; 5;s;21; 1094;-; 1172;-;   15;-;    9;-; 1070;-; 1007;-;   61;-;    2;-;    1;-;    3;-;    3;-;    9;-;    7;-;    8;-; 1154;-; 1092;-;   59;-;    3;-;    6;-;    1;-;    5;-;    3;-;    2;-;    3;-
4607;5027;05;A;  52;100402; 5;s;22;  910;-;  983;-;   25;-;   17;-;  878;-;  835;-;   41;-;    2;-;    4;-;    7;-;    6;-;   12;-;   10;-;    3;-;  960;-;  922;-;   37;-;    1;-;    1;-;    3;-;    7;-;    7;-;    5;-;    5;-
4607;5027;05;A;  52;100402; 5;s;23;  760;-;  918;-;   23;-;   30;-;  736;-;  694;-;   40;-;    2;-;    0;-;    2;-;    4;-;   17;-;   12;-;    1;-;  885;-;  851;-;   32;-;    2;-;    3;-;    1;-;    5;-;   24;-;   20;-;    0;-
4607;5027;05;A;  52;100402; 5;s;24;  559;-;  795;-;   20;-;   22;-;  534;-;  505;-;   27;-;    2;-;    1;-;    0;-;    3;-;   17;-;   12;-;    4;-;  771;-;  730;-;   40;-;    1;-;    0;-;    1;-;    5;-;   16;-;   11;-;    2;-
4607;5027;05;A;  52;100403; 6;u;01;  357;-;  390;-;   25;-;   21;-;  326;-;  308;-;   18;-;    0;-;    3;-;    0;-;   10;-;   15;-;   12;-;    3;-;  366;-;  341;-;   24;-;    1;-;    2;-;    2;-;    0;-;   19;-;   16;-;    1;-
4607;5027;05;A;  52;100403; 6;u;02;  224;-;  289;-;   22;-;   30;-;  199;-;  184;-;   15;-;    0;-;    1;-;    1;-;    6;-;   15;-;    9;-;    2;-;  258;-;  240;-;   18;-;    0;-;    0;-;    0;-;    6;-;   24;-;   17;-;    1;-
4607;5027;05;A;  52;100403; 6;u;03;  201;-;  159;-;   37;-;   22;-;  158;-;  148;-;   10;-;    0;-;    2;-;    2;-;   11;-;   24;-;   16;-;    4;-;  136;-;  125;-;   11;-;    0;-;    0;-;    0;-;   10;-;   12;-;    9;-;    1;-
4607;5027;05;A;  52;100403; 6;u;04;  336;-;  187;-;   31;-;   45;-;  304;-;  283;-;   20;-;    1;-;    0;-;    0;-;   11;-;   20;-;   12;-;    1;-;  139;-;  122;-;   16;-;    1;-;    3;-;    0;-;   25;-;   20;-;   15;-;    0;-
4607;5027;05;A;  52;100403; 6;u;05;  461;-;  297;-;   44;-;   51;-;  417;-;  382;-;   30;-;    5;-;    0;-;    2;-;   27;-;   15;-;   14;-;    0;-;  244;-;  216;-;   28;-;    0;-;    1;-;    0;-;   28;-;   23;-;   19;-;    1;-
4607;5027;05;A;  52;100403; 6;u;06;  770;-;  351;-;   65;-;   35;-;  699;-;  658;-;   41;-;    0;-;    3;-;    3;-;   28;-;   34;-;   23;-;    3;-;  314;-;  277;-;   37;-;    0;-;    2;-;    0;-;   20;-;   15;-;   10;-;    0;-
4607;5027;05;A;  52;100403; 6;u;07;  680;-;  525;-;   54;-;   43;-;  613;-;  556;-;   57;-;    0;-;    8;-;    4;-;   21;-;   29;-;   19;-;    5;-;  470;-;  430;-;   40;-;    0;-;    7;-;    2;-;   18;-;   23;-;   19;-;    5;-
4607;5027;05;A;  52;100403; 6;u;08;  743;-;  672;-;   33;-;   53;-;  698;-;  609;-;   84;-;    5;-;    7;-;    4;-;   19;-;   10;-;    7;-;    5;-;  611;-;  532;-;   79;-;    0;-;    6;-;    2;-;   20;-;   31;-;   25;-;    2;-
4607;5027;05;A;  52;100403; 6;u;09; 1124;-;  919;-;   44;-;   56;-; 1075;-;  980;-;   91;-;    4;-;    2;-;    5;-;   16;-;   23;-;   22;-;    3;-;  853;-;  774;-;   79;-;    0;-;    7;-;    3;-;   30;-;   23;-;   18;-;    3;-
4607;5027;05;A;  52;100403; 6;u;10; 1867;-; 1498;-;   63;-;   58;-; 1779;-; 1679;-;   99;-;    1;-;   10;-;    3;-;   38;-;   22;-;   17;-;   15;-; 1423;-; 1315;-;  105;-;    3;-;   10;-;    2;-;   31;-;   25;-;   23;-;    7;-
4607;5027;05;A;  52;100403; 6;u;11; 2209;-; 2070;-;   54;-;   44;-; 2134;-; 2007;-;  117;-;   10;-;    7;-;    1;-;   37;-;   16;-;   14;-;   14;-; 2012;-; 1881;-;  123;-;    8;-;    9;-;    4;-;   20;-;   20;-;   17;-;    5;-
4607;5027;05;A;  52;100403; 6;u;12; 2330;-; 2316;-;   37;-;   43;-; 2260;-; 2135;-;  117;-;    8;-;   12;-;    2;-;   20;-;   15;-;   14;-;   21;-; 2249;-; 2121;-;  122;-;    6;-;   11;-;    5;-;   24;-;   14;-;   13;-;   13;-
4607;5027;05;A;  52;100403; 6;u;13; 2260;-; 2556;-;   21;-;   35;-; 2212;-; 2094;-;  111;-;    7;-;   11;-;    0;-;   10;-;   11;-;    7;-;   16;-; 2489;-; 2341;-;  139;-;    9;-;   16;-;    2;-;   15;-;   18;-;   18;-;   16;-
4607;5027;05;A;  52;100403; 6;u;14; 2389;-; 2838;-;   37;-;   34;-; 2314;-; 2206;-;  102;-;    6;-;   16;-;    0;-;   20;-;   17;-;   15;-;   22;-; 2777;-; 2654;-;  120;-;    3;-;   15;-;    3;-;   21;-;   10;-;   10;-;   12;-
4607;5027;05;A;  52;100403; 6;u;15; 2155;-; 2828;-;   21;-;   33;-; 2108;-; 2008;-;  100;-;    0;-;   11;-;    1;-;    8;-;   12;-;   11;-;   15;-; 2765;-; 2648;-;  111;-;    6;-;   15;-;    0;-;   16;-;   17;-;   11;-;   15;-
4607;5027;05;A;  52;100403; 6;u;16; 1972;-; 2422;-;   23;-;   23;-; 1917;-; 1817;-;   93;-;    7;-;   17;-;    2;-;   10;-;   11;-;   10;-;   15;-; 2373;-; 2241;-;  128;-;    4;-;   11;-;    1;-;   10;-;   12;-;   10;-;   15;-
4607;5027;05;A;  52;100403; 6;u;17; 1626;-; 2048;-;   21;-;   20;-; 1590;-; 1501;-;   84;-;    5;-;    5;-;    3;-;   11;-;    7;-;    6;-;   10;-; 2009;-; 1889;-;  115;-;    5;-;   12;-;    1;-;    9;-;   10;-;    9;-;    7;-
4607;5027;05;A;  52;100403; 6;u;18; 1773;-; 1972;-;   10;-;    8;-; 1744;-; 1650;-;   85;-;    9;-;    7;-;    1;-;    6;-;    3;-;    2;-;   12;-; 1943;-; 1832;-;  109;-;    2;-;   12;-;    1;-;    4;-;    3;-;    3;-;    9;-
4607;5027;05;A;  52;100403; 6;u;19; 2023;-; 1852;-;   10;-;    9;-; 1996;-; 1901;-;   93;-;    2;-;    4;-;    1;-;    4;-;    5;-;    5;-;   13;-; 1825;-; 1721;-;   99;-;    5;-;    8;-;    2;-;    4;-;    3;-;    2;-;   10;-
4607;5027;05;A;  52;100403; 6;u;20; 1603;-; 1544;-;   15;-;    9;-; 1576;-; 1476;-;   93;-;    7;-;    5;-;    6;-;    9;-;    0;-;    0;-;    7;-; 1523;-; 1422;-;   99;-;    2;-;    3;-;    4;-;    3;-;    2;-;    2;-;    9;-
4607;5027;05;A;  52;100403; 6;u;21; 1103;-; 1254;-;   11;-;    8;-; 1069;-; 1007;-;   59;-;    3;-;    4;-;    5;-;    4;-;    2;-;    2;-;   19;-; 1235;-; 1162;-;   69;-;    4;-;    7;-;    4;-;    2;-;    2;-;    1;-;    4;-
4607;5027;05;A;  52;100403; 6;u;22;  941;-;  964;-;   10;-;    6;-;  919;-;  882;-;   37;-;    0;-;    1;-;    3;-;    5;-;    2;-;    1;-;   11;-;  951;-;  893;-;   56;-;    2;-;    4;-;    1;-;    4;-;    1;-;    1;-;    3;-
4607;5027;05;A;  52;100403; 6;u;23;  828;-; 1015;-;    6;-;    6;-;  813;-;  768;-;   43;-;    2;-;    2;-;    2;-;    4;-;    0;-;    0;-;    7;-; 1005;-;  962;-;   41;-;    2;-;    0;-;    2;-;    1;-;    3;-;    3;-;    4;-
4607;5027;05;A;  52;100403; 6;u;24;  743;-;  956;-;    3;-;    5;-;  735;-;  706;-;   27;-;    2;-;    1;-;    1;-;    1;-;    1;-;    1;-;    4;-;  951;-;  893;-;   58;-;    0;-;    0;-;    0;-;    3;-;    2;-;    1;-;    0;-
4607;5027;05;A;  52;100404; 7;s;01;  563;-;  585;-;    7;-;    5;-;  549;-;  517;-;   32;-;    0;-;    1;-;    3;-;    3;-;    1;-;    1;-;    6;-;  576;-;  553;-;   22;-;    1;-;    0;-;    3;-;    2;-;    0;-;    0;-;    4;-
4607;5027;05;A;  52;100404; 7;s;02;  338;-;  392;-;    5;-;    2;-;  329;-;  305;-;   23;-;    1;-;    1;-;    2;-;    3;-;    0;-;    0;-;    3;-;  387;-;  369;-;   17;-;    1;-;    1;-;    1;-;    1;-;    0;-;    0;-;    2;-
4607;5027;05;A;  52;100404; 7;s;03;  317;-;  282;-;    6;-;    3;-;  310;-;  299;-;   10;-;    1;-;    0;-;    1;-;    5;-;    0;-;    0;-;    1;-;  276;-;  259;-;   16;-;    1;-;    2;-;    0;-;    3;-;    0;-;    0;-;    1;-
4607;5027;05;A;  52;100404; 7;s;04;  424;-;  252;-;    1;-;   10;-;  421;-;  387;-;   33;-;    1;-;    0;-;    0;-;    0;-;    1;-;    0;-;    2;-;  242;-;  215;-;   26;-;    1;-;    0;-;    6;-;    3;-;    1;-;    1;-;    0;-
4607;5027;05;A;  52;100404; 7;s;05;  425;-;  324;-;    3;-;    2;-;  422;-;  403;-;   19;-;    0;-;    0;-;    2;-;    1;-;    0;-;    0;-;    0;-;  321;-;  295;-;   26;-;    0;-;    1;-;    0;-;    2;-;    0;-;    0;-;    0;-
4607;5027;05;A;  52;100404; 7;s;06;  534;-;  379;-;    4;-;   14;-;  525;-;  500;-;   24;-;    1;-;    3;-;    1;-;    3;-;    0;-;    0;-;    2;-;  363;-;  331;-;   32;-;    0;-;    2;-;    4;-;    9;-;    1;-;    1;-;    0;-
4607;5027;05;A;  52;100404; 7;s;07;  406;-;  370;-;    4;-;    3;-;  387;-;  360;-;   27;-;    0;-;    9;-;    1;-;    2;-;    1;-;    1;-;    6;-;  365;-;  340;-;   23;-;    2;-;    1;-;    2;-;    1;-;    0;-;    0;-;    1;-
4607;5027;05;A;  52;100404; 7;s;08;  384;-;  397;-;   10;-;    5;-;  369;-;  322;-;   44;-;    3;-;    3;-;    1;-;    6;-;    3;-;    2;-;    2;-;  386;-;  339;-;   44;-;    3;-;    3;-;    3;-;    0;-;    2;-;    1;-;    3;-
4607;5027;05;A;  52;100404; 7;s;09;  475;-;  620;-;    2;-;    6;-;  468;-;  423;-;   43;-;    2;-;    1;-;    1;-;    1;-;    0;-;    0;-;    4;-;  608;-;  556;-;   50;-;    2;-;    4;-;    3;-;    1;-;    2;-;    2;-;    2;-
4607;5027;05;A;  52;100404; 7;s;10; 1046;-; 1032;-;    5;-;    7;-; 1034;-;  986;-;   44;-;    4;-;    4;-;    1;-;    1;-;    3;-;    3;-;    3;-; 1024;-;  959;-;   59;-;    6;-;    0;-;    3;-;    2;-;    2;-;    1;-;    1;-
4607;5027;05;A;  52;100404; 7;s;11; 1466;-; 1698;-;    3;-;   10;-; 1450;-; 1409;-;   37;-;    4;-;    3;-;    1;-;    1;-;    1;-;    1;-;   10;-; 1677;-; 1609;-;   61;-;    7;-;    2;-;    4;-;    4;-;    2;-;    2;-;    9;-
4607;5027;05;A;  52;100404; 7;s;12; 1628;-; 1965;-;    6;-;    4;-; 1600;-; 1542;-;   49;-;    9;-;    6;-;    0;-;    6;-;    0;-;    0;-;   16;-; 1950;-; 1890;-;   56;-;    4;-;    3;-;    2;-;    2;-;    0;-;    0;-;    8;-
4607;5027;05;A;  52;100404; 7;s;13; 1831;-; 2152;-;    6;-;    3;-; 1807;-; 1748;-;   54;-;    5;-;    1;-;    2;-;    2;-;    2;-;    2;-;   17;-; 2138;-; 2052;-;   82;-;    4;-;    2;-;    0;-;    2;-;    1;-;    1;-;    9;-
4607;5027;05;A;  52;100404; 7;s;14; 1913;-; 2113;-;    3;-;    7;-; 1893;-; 1823;-;   63;-;    7;-;    2;-;    0;-;    1;-;    2;-;    2;-;   15;-; 2093;-; 2007;-;   81;-;    5;-;    5;-;    3;-;    3;-;    1;-;    0;-;    8;-
4607;5027;05;A;  52;100404; 7;s;15; 1971;-; 2326;-;    7;-;    6;-; 1950;-; 1882;-;   64;-;    4;-;    3;-;    2;-;    4;-;    1;-;    1;-;   11;-; 2309;-; 2209;-;   95;-;    5;-;    3;-;    0;-;    4;-;    2;-;    2;-;    8;-
4607;5027;05;A;  52;100404; 7;s;16; 1980;-; 2064;-;    5;-;    7;-; 1957;-; 1888;-;   68;-;    1;-;    2;-;    1;-;    4;-;    0;-;    0;-;   16;-; 2046;-; 1959;-;   82;-;    5;-;    3;-;    0;-;    5;-;    2;-;    2;-;    8;-
4607;5027;05;A;  52;100404; 7;s;17; 1918;-; 1746;-;    7;-;    8;-; 1889;-; 1818;-;   67;-;    4;-;    7;-;    4;-;    3;-;    0;-;    0;-;   15;-; 1729;-; 1651;-;   76;-;    2;-;    2;-;    2;-;    3;-;    3;-;    2;-;    7;-
4607;5027;05;A;  52;100404; 7;s;18; 2229;-; 1871;-;    7;-;    7;-; 2200;-; 2138;-;   59;-;    3;-;    6;-;    0;-;    5;-;    2;-;    2;-;   16;-; 1847;-; 1766;-;   76;-;    5;-;    7;-;    2;-;    4;-;    1;-;    1;-;   10;-
4607;5027;05;A;  52;100404; 7;s;19; 2286;-; 1844;-;    9;-;    5;-; 2250;-; 2165;-;   82;-;    3;-;    5;-;    2;-;    4;-;    3;-;    3;-;   22;-; 1819;-; 1754;-;   63;-;    2;-;    9;-;    0;-;    2;-;    3;-;    3;-;   11;-
4607;5027;05;A;  52;100404; 7;s;20; 1951;-; 1572;-;   12;-;    5;-; 1923;-; 1839;-;   84;-;    0;-;    4;-;    2;-;    6;-;    4;-;    4;-;   12;-; 1558;-; 1502;-;   51;-;    5;-;    2;-;    1;-;    2;-;    2;-;    2;-;    7;-
4607;5027;05;A;  52;100404; 7;s;21; 1563;-; 1331;-;    7;-;    7;-; 1540;-; 1471;-;   64;-;    5;-;    2;-;    2;-;    3;-;    2;-;    1;-;   14;-; 1320;-; 1278;-;   41;-;    1;-;    0;-;    0;-;    2;-;    5;-;    3;-;    4;-
4607;5027;05;A;  52;100404; 7;s;22; 1434;-; 1191;-;    7;-;    9;-; 1414;-; 1348;-;   64;-;    2;-;    3;-;    2;-;    3;-;    2;-;    1;-;   10;-; 1175;-; 1120;-;   55;-;    0;-;    5;-;    4;-;    2;-;    3;-;    3;-;    2;-
4607;5027;05;A;  52;100404; 7;s;23; 1134;-; 1013;-;    7;-;    3;-; 1117;-; 1076;-;   41;-;    0;-;    1;-;    3;-;    0;-;    4;-;    4;-;    9;-; 1009;-;  964;-;   42;-;    3;-;    0;-;    2;-;    0;-;    1;-;    1;-;    1;-
4607;5027;05;A;  52;100404; 7;s;24;  771;-;  879;-;    7;-;    6;-;  758;-;  727;-;   31;-;    0;-;    0;-;    0;-;    2;-;    5;-;    4;-;    6;-;  865;-;  832;-;   31;-;    2;-;    0;-;    1;-;    3;-;    2;-;    2;-;    8;-
4607;5027;05;A;  52;100405; 1;s;01;  506;-;  457;-;    6;-;    6;-;  496;-;  464;-;   31;-;    1;-;    0;-;    1;-;    1;-;    4;-;    3;-;    4;-;  451;-;  430;-;   20;-;    1;-;    0;-;    3;-;    0;-;    3;-;    3;-;    0;-
4607;5027;05;A;  52;100405; 1;s;02;  307;-;  248;-;    4;-;    5;-;  303;-;  288;-;   15;-;    0;-;    0;-;    1;-;    0;-;    3;-;    3;-;    0;-;  243;-;  227;-;   16;-;    0;-;    0;-;    1;-;    0;-;    4;-;    2;-;    0;-
4607;5027;05;A;  52;100405; 1;s;03;  185;-;  216;-;    4;-;    5;-;  180;-;  168;-;   12;-;    0;-;    0;-;    1;-;    1;-;    2;-;    2;-;    1;-;  209;-;  199;-;   10;-;    0;-;    0;-;    0;-;    1;-;    4;-;    4;-;    2;-
4607;5027;05;A;  52;100405; 1;s;04;  280;-;  233;-;    7;-;    2;-;  271;-;  251;-;   20;-;    0;-;    0;-;    0;-;    2;-;    5;-;    5;-;    2;-;  229;-;  209;-;   20;-;    0;-;    0;-;    0;-;    0;-;    2;-;    2;-;    2;-
4607;5027;05;A;  52;100405; 1;s;05;  442;-;  372;-;    7;-;    6;-;  433;-;  407;-;   24;-;    2;-;    2;-;    3;-;    2;-;    2;-;    0;-;    0;-;  363;-;  334;-;   29;-;    0;-;    0;-;    3;-;    0;-;    3;-;    2;-;    3;-
4607;5027;05;A;  52;100405; 1;s;06;  566;-;  407;-;    9;-;    8;-;  553;-;  521;-;   32;-;    0;-;    1;-;    2;-;    0;-;    7;-;    5;-;    3;-;  395;-;  363;-;   32;-;    0;-;    1;-;    6;-;    1;-;    1;-;    1;-;    3;-
4607;5027;05;A;  52;100405; 1;s;07;  407;-;  382;-;   11;-;    9;-;  390;-;  352;-;   38;-;    0;-;    4;-;    5;-;    2;-;    4;-;    4;-;    2;-;  372;-;  346;-;   26;-;    0;-;    1;-;    3;-;    2;-;    4;-;    3;-;    0;-
4607;5027;05;A;  52;100405; 1;s;08;  393;-;  372;-;   19;-;    8;-;  363;-;  320;-;   39;-;    4;-;    9;-;    6;-;    8;-;    5;-;    5;-;    2;-;  360;-;  332;-;   28;-;    0;-;    4;-;    2;-;    2;-;    4;-;    3;-;    0;-
4607;5027;05;A;  52;100405; 1;s;09;  565;-;  539;-;   10;-;   15;-;  553;-;  502;-;   47;-;    4;-;    0;-;    1;-;    5;-;    4;-;    2;-;    2;-;  518;-;  475;-;   43;-;    0;-;    6;-;    7;-;    2;-;    6;-;    6;-;    0;-
4607;5027;05;A;  52;100405; 1;s;10; 1057;-;  961;-;   11;-;   15;-; 1039;-;  960;-;   69;-;   10;-;    3;-;    3;-;    2;-;    6;-;    5;-;    4;-;  937;-;  884;-;   50;-;    3;-;    4;-;    3;-;    3;-;    9;-;    9;-;    5;-
4607;5027;05;A;  52;100405; 1;s;11; 1553;-; 1586;-;   10;-;   19;-; 1535;-; 1457;-;   62;-;   16;-;    3;-;    0;-;    7;-;    3;-;    3;-;    5;-; 1559;-; 1454;-;   85;-;   20;-;    3;-;    7;-;    5;-;    7;-;    7;-;    5;-
4607;5027;05;A;  52;100405; 1;s;12; 2087;-; 1930;-;   14;-;   10;-; 2052;-; 1959;-;   78;-;   15;-;    8;-;    2;-;    7;-;    5;-;    5;-;   13;-; 1911;-; 1797;-;   93;-;   21;-;    7;-;    0;-;    2;-;    8;-;    7;-;    2;-
4607;5027;05;A;  52;100405; 1;s;13; 2386;-; 2172;-;   12;-;   15;-; 2349;-; 2251;-;   78;-;   20;-;    9;-;    2;-;    5;-;    5;-;    5;-;   16;-; 2146;-; 2028;-;  101;-;   17;-;    5;-;    2;-;    6;-;    7;-;    7;-;    6;-
4607;5027;05;A;  52;100405; 1;s;14; 2575;-; 2220;-;   15;-;    9;-; 2533;-; 2429;-;   75;-;   29;-;    9;-;    1;-;   10;-;    4;-;    4;-;   18;-; 2194;-; 2078;-;   94;-;   22;-;    8;-;    2;-;    4;-;    3;-;    1;-;    9;-
4607;5027;05;A;  52;100405; 1;s;15; 2654;-; 2671;-;   18;-;    7;-; 2609;-; 2517;-;   61;-;   31;-;   10;-;    4;-;    8;-;    6;-;    5;-;   17;-; 2647;-; 2530;-;   88;-;   29;-;   12;-;    0;-;    4;-;    3;-;    3;-;    5;-
4607;5027;05;A;  52;100405; 1;s;16; 2800;-; 2341;-;   17;-;   12;-; 2755;-; 2649;-;   87;-;   19;-;   10;-;    3;-;    8;-;    6;-;    6;-;   18;-; 2305;-; 2199;-;   93;-;   13;-;   17;-;    5;-;    4;-;    3;-;    3;-;    7;-
4607;5027;05;A;  52;100405; 1;s;17; 2665;-; 2153;-;   15;-;   19;-; 2615;-; 2495;-;   88;-;   32;-;   12;-;    3;-;    6;-;    6;-;    5;-;   23;-; 2122;-; 2008;-;   95;-;   19;-;    7;-;    2;-;    9;-;    8;-;    6;-;    5;-
4607;5027;05;A;  52;100405; 1;s;18; 3001;-; 2345;-;   23;-;   14;-; 2951;-; 2844;-;   92;-;   15;-;   12;-;    3;-;    6;-;   14;-;   13;-;   15;-; 2312;-; 2197;-;  100;-;   15;-;   15;-;    5;-;    5;-;    4;-;    4;-;    4;-
4607;5027;05;A;  52;100405; 1;s;19; 3104;-; 2363;-;   35;-;   13;-; 3038;-; 2921;-;  103;-;   14;-;    6;-;    8;-;   10;-;   17;-;   13;-;   25;-; 2329;-; 2208;-;  110;-;   11;-;   14;-;    2;-;    3;-;    8;-;    8;-;    7;-
4607;5027;05;A;  52;100405; 1;s;20; 2533;-; 1813;-;   26;-;   23;-; 2472;-; 2388;-;   75;-;    9;-;    5;-;    6;-;    8;-;   12;-;    9;-;   30;-; 1776;-; 1662;-;  107;-;    7;-;    9;-;    6;-;    9;-;    8;-;    7;-;    5;-
4607;5027;05;A;  52;100405; 1;s;21; 1818;-; 1370;-;   27;-;   15;-; 1766;-; 1698;-;   64;-;    4;-;   10;-;    3;-;    5;-;   19;-;   13;-;   15;-; 1346;-; 1261;-;   75;-;   10;-;    4;-;    3;-;    5;-;    7;-;    5;-;    5;-
4607;5027;05;A;  52;100405; 1;s;22; 1493;-; 1138;-;   25;-;   17;-; 1453;-; 1376;-;   72;-;    5;-;    7;-;    2;-;    8;-;   15;-;   13;-;    8;-; 1111;-; 1045;-;   64;-;    2;-;    5;-;    4;-;    7;-;    6;-;    5;-;    5;-
4607;5027;05;A;  52;100405; 1;s;23; 1010;-; 1703;-;   29;-;   28;-;  974;-;  910;-;   62;-;    2;-;    0;-;    1;-;    4;-;   24;-;   19;-;    7;-; 1670;-; 1579;-;   89;-;    2;-;    2;-;    5;-;    2;-;   21;-;   15;-;    3;-
4607;5027;05;A;  52;100405; 1;s;24;  610;-; 1199;-;   31;-;   45;-;  578;-;  535;-;   43;-;    0;-;    0;-;    1;-;    7;-;   23;-;   16;-;    1;-; 1150;-; 1073;-;   72;-;    5;-;    2;-;    6;-;    8;-;   31;-;   27;-;    2;-
4607;5027;05;A;  52;100406; 2;u;01;  282;-;  327;-;   23;-;   32;-;  258;-;  230;-;   28;-;    0;-;    0;-;    0;-;    7;-;   16;-;   14;-;    1;-;  292;-;  267;-;   24;-;    1;-;    1;-;    4;-;    6;-;   22;-;   16;-;    2;-
4607;5027;05;A;  52;100406; 2;u;02;  182;-;  163;-;   27;-;   27;-;  154;-;  138;-;   16;-;    0;-;    0;-;    0;-;    7;-;   20;-;   14;-;    1;-;  135;-;  122;-;   12;-;    1;-;    1;-;    0;-;    4;-;   23;-;   14;-;    0;-
4607;5027;05;A;  52;100406; 2;u;03;  145;-;  106;-;   33;-;   25;-;  110;-;   98;-;   12;-;    0;-;    2;-;    1;-;    4;-;   28;-;   23;-;    0;-;   80;-;   68;-;   12;-;    0;-;    1;-;    1;-;    8;-;   16;-;   10;-;    0;-
4607;5027;05;A;  52;100406; 2;u;04;  394;-;  199;-;   52;-;   62;-;  339;-;  303;-;   36;-;    0;-;    1;-;    0;-;   18;-;   34;-;   22;-;    2;-;  135;-;  105;-;   30;-;    0;-;    1;-;    0;-;   25;-;   37;-;   30;-;    1;-
4607;5027;05;A;  52;100406; 2;u;05;  946;-;  394;-;   99;-;   66;-;  842;-;  786;-;   52;-;    4;-;    0;-;    5;-;   33;-;   61;-;   43;-;    5;-;  326;-;  287;-;   39;-;    0;-;    1;-;    2;-;   30;-;   34;-;   26;-;    1;-
4607;5027;05;A;  52;100406; 2;u;06; 2536;-;  823;-;  195;-;  136;-; 2325;-; 2216;-;   95;-;   14;-;    1;-;    1;-;   67;-;  127;-;  100;-;   15;-;  683;-;  618;-;   60;-;    5;-;    0;-;    3;-;   42;-;   91;-;   71;-;    4;-
4607;5027;05;A;  52;100406; 2;u;07; 4771;-; 1780;-;  239;-;  163;-; 4474;-; 4190;-;  262;-;   22;-;   10;-;    4;-;   87;-;  148;-;  111;-;   48;-; 1604;-; 1455;-;  141;-;    8;-;    4;-;    2;-;   71;-;   90;-;   73;-;    9;-
4607;5027;05;A;  52;100406; 2;u;08; 5857;-; 3056;-;  285;-;  188;-; 5506;-; 5247;-;  240;-;   19;-;   24;-;    2;-;  120;-;  163;-;  133;-;   42;-; 2845;-; 2664;-;  171;-;   10;-;    4;-;    2;-;   65;-;  121;-;   94;-;   19;-
4607;5027;05;A;  52;100406; 2;u;09; 5295;-; 3384;-;  214;-;  232;-; 4998;-; 4771;-;  205;-;   22;-;   17;-;    2;-;   95;-;  117;-;   91;-;   66;-; 3120;-; 2891;-;  220;-;    9;-;   13;-;    7;-;  109;-;  116;-;   79;-;   19;-
4607;5027;05;A;  52;100406; 2;u;10; 3891;-; 2631;-;  263;-;  284;-; 3593;-; 3387;-;  195;-;   11;-;   13;-;    5;-;  110;-;  148;-;  113;-;   22;-; 2334;-; 2130;-;  195;-;    9;-;    5;-;    2;-;  126;-;  156;-;  125;-;    8;-
4607;5027;05;A;  52;100406; 2;u;11; 3251;-; 2439;-;  250;-;  229;-; 2963;-; 2773;-;  185;-;    5;-;   18;-;    8;-;   96;-;  146;-;  114;-;   20;-; 2183;-; 1977;-;  197;-;    9;-;   15;-;    1;-;  106;-;  122;-;   93;-;   12;-
4607;5027;05;A;  52;100406; 2;u;12; 2796;-; 2657;-;  236;-;  248;-; 2530;-; 2343;-;  172;-;   15;-;   14;-;    3;-;  102;-;  131;-;  108;-;   16;-; 2389;-; 2176;-;  204;-;    9;-;   12;-;    6;-;  102;-;  140;-;  107;-;    8;-
4607;5027;05;A;  52;100406; 2;u;13; 2892;-; 2829;-;  217;-;  256;-; 2644;-; 2459;-;  170;-;   15;-;   14;-;    1;-;   82;-;  134;-;  104;-;   17;-; 2544;-; 2313;-;  223;-;    8;-;   20;-;    8;-;  108;-;  140;-;  103;-;    9;-
4607;5027;05;A;  52;100406; 2;u;14; 3010;-; 3096;-;  251;-;  220;-; 2723;-; 2540;-;  164;-;   19;-;   15;-;    0;-;   92;-;  159;-;  131;-;   21;-; 2846;-; 2614;-;  216;-;   16;-;   13;-;    2;-;   89;-;  129;-;   95;-;   17;-
4607;5027;05;A;  52;100406; 2;u;15; 2779;-; 3691;-;  228;-;  223;-; 2515;-; 2337;-;  170;-;    8;-;   20;-;    1;-;   89;-;  138;-;  106;-;   16;-; 3438;-; 3183;-;  237;-;   18;-;   16;-;    4;-;   94;-;  125;-;  101;-;   14;-
4607;5027;05;A;  52;100406; 2;u;16; 2829;-; 4525;-;  173;-;  204;-; 2622;-; 2415;-;  190;-;   17;-;   14;-;    1;-;   69;-;  103;-;   83;-;   20;-; 4298;-; 4006;-;  271;-;   21;-;   13;-;    6;-;   81;-;  117;-;   83;-;   10;-
4607;5027;05;A;  52;100406; 2;u;17; 3244;-; 5375;-;  177;-;  179;-; 3038;-; 2849;-;  171;-;   18;-;   16;-;    1;-;   78;-;   98;-;   79;-;   13;-; 5155;-; 4893;-;  235;-;   27;-;   29;-;    1;-;   77;-;  101;-;   79;-;   12;-
4607;5027;05;A;  52;100406; 2;u;18; 3515;-; 5421;-;  142;-;  128;-; 3338;-; 3190;-;  128;-;   20;-;    8;-;    4;-;   41;-;   97;-;   77;-;   27;-; 5268;-; 5058;-;  187;-;   23;-;   14;-;    1;-;   45;-;   82;-;   63;-;   11;-
4607;5027;05;A;  52;100406; 2;u;19; 3086;-; 4517;-;   99;-;  106;-; 2957;-; 2808;-;  129;-;   20;-;   10;-;    1;-;   32;-;   66;-;   47;-;   20;-; 4389;-; 4194;-;  177;-;   18;-;    8;-;    1;-;   24;-;   81;-;   63;-;   14;-
4607;5027;05;A;  52;100406; 2;u;20; 2273;-; 2770;-;   71;-;   80;-; 2161;-; 2038;-;  111;-;   12;-;   13;-;    0;-;   18;-;   53;-;   36;-;   28;-; 2666;-; 2451;-;  194;-;   21;-;    7;-;    0;-;   27;-;   53;-;   38;-;   17;-
4607;5027;05;A;  52;100406; 2;u;21; 1541;-; 1993;-;   76;-;   72;-; 1447;-; 1347;-;   92;-;    8;-;    8;-;    3;-;   19;-;   54;-;   38;-;   10;-; 1903;-; 1770;-;  126;-;    7;-;    6;-;    4;-;   14;-;   54;-;   33;-;   12;-
4607;5027;05;A;  52;100406; 2;u;22; 1295;-; 1421;-;   57;-;   53;-; 1228;-; 1141;-;   81;-;    6;-;    5;-;    4;-;   15;-;   38;-;   29;-;    5;-; 1361;-; 1262;-;   83;-;   16;-;    1;-;    2;-;   13;-;   38;-;   28;-;    6;-
4607;5027;05;A;  52;100406; 2;u;23;  882;-; 1307;-;   54;-;   39;-;  814;-;  733;-;   78;-;    3;-;    3;-;    3;-;    8;-;   43;-;   31;-;   11;-; 1257;-; 1161;-;   87;-;    9;-;    2;-;    1;-;    7;-;   31;-;   21;-;    9;-
4607;5027;05;A;  52;100406; 2;u;24;  469;-;  851;-;   31;-;   62;-;  431;-;  394;-;   32;-;    5;-;    0;-;    2;-;    7;-;   22;-;   14;-;    7;-;  786;-;  718;-;   65;-;    3;-;    1;-;    4;-;   13;-;   45;-;   32;-;    2;-
4607;5027;05;A;  52;100407; 3;u;01;  244;-;  323;-;   45;-;   36;-;  195;-;  168;-;   27;-;    0;-;    1;-;    1;-;   13;-;   31;-;   23;-;    3;-;  287;-;  261;-;   25;-;    1;-;    0;-;    2;-;    3;-;   31;-;   22;-;    0;-
4607;5027;05;A;  52;100407; 3;u;02;  159;-;  192;-;   47;-;   41;-;  109;-;   93;-;   16;-;    0;-;    0;-;    1;-;   14;-;   32;-;   24;-;    3;-;  151;-;  127;-;   23;-;    1;-;    0;-;    0;-;   11;-;   30;-;   22;-;    0;-
4607;5027;05;A;  52;100407; 3;u;03;  156;-;  142;-;   45;-;   44;-;  110;-;   88;-;   22;-;    0;-;    1;-;    0;-;    9;-;   36;-;   22;-;    0;-;   94;-;   76;-;   18;-;    0;-;    1;-;    0;-;   13;-;   31;-;   19;-;    3;-
4607;5027;05;A;  52;100407; 3;u;04;  416;-;  196;-;   61;-;   59;-;  354;-;  312;-;   41;-;    1;-;    1;-;    0;-;   23;-;   38;-;   26;-;    0;-;  136;-;  110;-;   25;-;    1;-;    0;-;    0;-;   24;-;   35;-;   24;-;    1;-
4607;5027;05;A;  52;100407; 3;u;05;  852;-;  379;-;  106;-;   81;-;  738;-;  673;-;   58;-;    7;-;    7;-;    8;-;   45;-;   53;-;   37;-;    1;-;  296;-;  252;-;   43;-;    1;-;    2;-;    3;-;   35;-;   43;-;   33;-;    0;-
4607;5027;05;A;  52;100407; 3;u;06; 2231;-;  672;-;  179;-;  128;-; 2028;-; 1915;-;   95;-;   18;-;   12;-;    2;-;   58;-;  119;-;  105;-;   12;-;  538;-;  462;-;   71;-;    5;-;    3;-;    2;-;   40;-;   86;-;   65;-;    3;-
4607;5027;05;A;  52;100407; 3;u;07; 4824;-; 1633;-;  262;-;  144;-; 4518;-; 4218;-;  276;-;   24;-;   16;-;    3;-;   99;-;  160;-;  120;-;   28;-; 1463;-; 1316;-;  140;-;    7;-;    9;-;    2;-;   66;-;   76;-;   51;-;   17;-
4607;5027;05;A;  52;100407; 3;u;08; 6454;-; 2897;-;  294;-;  164;-; 6109;-; 5780;-;  309;-;   20;-;   25;-;    4;-;  118;-;  172;-;  125;-;   26;-; 2702;-; 2467;-;  223;-;   12;-;   16;-;    4;-;   64;-;   96;-;   79;-;   15;-
4607;5027;05;A;  52;100407; 3;u;09; 6231;-; 3421;-;  311;-;  204;-; 5856;-; 5597;-;  237;-;   22;-;   25;-;    9;-;  106;-;  196;-;  160;-;   39;-; 3189;-; 2971;-;  208;-;   10;-;   13;-;    2;-;  104;-;   98;-;   70;-;   15;-
4607;5027;05;A;  52;100407; 3;u;10; 4861;-; 2628;-;  331;-;  250;-; 4476;-; 4223;-;  235;-;   18;-;   35;-;    8;-;  137;-;  186;-;  134;-;   19;-; 2347;-; 2134;-;  201;-;   12;-;   18;-;    7;-;  106;-;  137;-;  108;-;   13;-
4607;5027;05;A;  52;100407; 3;u;11; 3557;-; 2646;-;  300;-;  269;-; 3216;-; 3003;-;  205;-;    8;-;   18;-;    4;-;  123;-;  173;-;  127;-;   23;-; 2341;-; 2125;-;  202;-;   14;-;   23;-;   11;-;  113;-;  145;-;  111;-;   13;-
4607;5027;05;A;  52;100407; 3;u;12; 3030;-; 2743;-;  258;-;  250;-; 2737;-; 2538;-;  180;-;   19;-;   12;-;    1;-;  109;-;  148;-;  111;-;   23;-; 2466;-; 2235;-;  221;-;   10;-;   19;-;    4;-;   91;-;  155;-;  122;-;    8;-
4607;5027;05;A;  52;100407; 3;u;13; 2990;-; 3093;-;  246;-;  237;-; 2709;-; 2493;-;  188;-;   28;-;   18;-;    4;-;   81;-;  161;-;  127;-;   17;-; 2818;-; 2553;-;  254;-;   11;-;   31;-;    3;-;   94;-;  140;-;  110;-;    7;-
4607;5027;05;A;  52;100407; 3;u;14; 3126;-; 3308;-;  207;-;  239;-; 2891;-; 2677;-;  194;-;   20;-;   15;-;    4;-;   65;-;  138;-;  114;-;   13;-; 3038;-; 2778;-;  240;-;   20;-;   17;-;    3;-;   93;-;  143;-;  100;-;   14;-
4607;5027;05;A;  52;100407; 3;u;15; 2858;-; 3888;-;  209;-;  226;-; 2615;-; 2408;-;  189;-;   18;-;   19;-;    1;-;   90;-;  118;-;   89;-;   15;-; 3641;-; 3355;-;  264;-;   22;-;   15;-;    5;-;   83;-;  138;-;  110;-;    6;-
4607;5027;05;A;  52;100407; 3;u;16; 2978;-; 4788;-;  201;-;  233;-; 2748;-; 2528;-;  200;-;   20;-;   15;-;    6;-;   81;-;  114;-;   89;-;   14;-; 4514;-; 4198;-;  283;-;   33;-;   27;-;    3;-;   95;-;  135;-;  110;-;   14;-
4607;5027;05;A;  52;100407; 3;u;17; 3103;-; 5590;-;  155;-;  197;-; 2904;-; 2700;-;  188;-;   16;-;   17;-;    7;-;   48;-;  100;-;   76;-;   27;-; 5360;-; 5101;-;  235;-;   24;-;   25;-;    1;-;   90;-;  106;-;   73;-;    8;-
4607;5027;05;A;  52;100407; 3;u;18; 3535;-; 5650;-;  131;-;  143;-; 3362;-; 3208;-;  137;-;   17;-;   19;-;    1;-;   42;-;   88;-;   67;-;   23;-; 5470;-; 5234;-;  201;-;   35;-;   20;-;    5;-;   54;-;   84;-;   65;-;   17;-
4607;5027;05;A;  52;100407; 3;u;19; 3041;-; 4596;-;   84;-;  107;-; 2927;-; 2796;-;  118;-;   13;-;   14;-;    1;-;   22;-;   61;-;   43;-;   16;-; 4458;-; 4234;-;  197;-;   27;-;   18;-;    0;-;   32;-;   75;-;   59;-;   13;-
4607;5027;05;A;  52;100407; 3;u;20; 2049;-; 3090;-;   56;-;   73;-; 1974;-; 1827;-;  132;-;   15;-;    6;-;    2;-;   17;-;   37;-;   31;-;   13;-; 2990;-; 2826;-;  147;-;   17;-;   14;-;    5;-;   14;-;   54;-;   41;-;   13;-
4607;5027;05;A;  52;100407; 3;u;21; 1654;-; 2093;-;   61;-;   76;-; 1575;-; 1453;-;  109;-;   13;-;    7;-;    3;-;   11;-;   47;-;   36;-;   11;-; 1997;-; 1852;-;  134;-;   11;-;    7;-;    5;-;   16;-;   55;-;   40;-;   13;-
4607;5027;05;A;  52;100407; 3;u;22; 1176;-; 1609;-;   41;-;   57;-; 1120;-; 1037;-;   76;-;    7;-;    3;-;    1;-;   11;-;   29;-;   19;-;   12;-; 1548;-; 1440;-;   95;-;   13;-;    2;-;    3;-;   12;-;   42;-;   28;-;    2;-
4607;5027;05;A;  52;100407; 3;u;23;  843;-; 1350;-;   44;-;   50;-;  789;-;  711;-;   73;-;    5;-;    1;-;    3;-;    8;-;   33;-;   24;-;    9;-; 1296;-; 1195;-;   96;-;    5;-;    0;-;    3;-;   14;-;   33;-;   24;-;    4;-
4607;5027;05;A;  52;100407; 3;u;24;  581;-;  906;-;   43;-;   46;-;  531;-;  493;-;   38;-;    0;-;    1;-;    0;-;   10;-;   33;-;   24;-;    6;-;  856;-;  775;-;   77;-;    4;-;    1;-;    2;-;    5;-;   39;-;   27;-;    3;-
4607;5027;05;A;  52;100408; 4;u;01;  307;-;  345;-;   32;-;   41;-;  271;-;  232;-;   39;-;    0;-;    1;-;    1;-;    8;-;   23;-;   16;-;    3;-;  304;-;  274;-;   28;-;    2;-;    0;-;    2;-;    9;-;   30;-;   22;-;    0;-
4607;5027;05;A;  52;100408; 4;u;02;  183;-;  176;-;   46;-;   36;-;  136;-;  110;-;   26;-;    0;-;    0;-;    1;-;   13;-;   32;-;   25;-;    1;-;  140;-;  123;-;   17;-;    0;-;    0;-;    1;-;    6;-;   29;-;   22;-;    0;-
4607;5027;05;A;  52;100408; 4;u;03;  192;-;  155;-;   59;-;   36;-;  133;-;  117;-;   15;-;    1;-;    0;-;    0;-;   15;-;   44;-;   29;-;    0;-;  119;-;   95;-;   24;-;    0;-;    0;-;    0;-;   11;-;   25;-;   17;-;    0;-
4607;5027;05;A;  52;100408; 4;u;04;  352;-;  168;-;   67;-;   51;-;  282;-;  248;-;   32;-;    2;-;    1;-;    0;-;   20;-;   47;-;   34;-;    2;-;  117;-;   95;-;   22;-;    0;-;    0;-;    0;-;   29;-;   22;-;   10;-;    0;-
4607;5027;05;A;  52;100408; 4;u;05;  845;-;  346;-;  114;-;   79;-;  725;-;  676;-;   47;-;    2;-;    2;-;    7;-;   35;-;   72;-;   45;-;    4;-;  265;-;  221;-;   43;-;    1;-;    1;-;    5;-;   30;-;   44;-;   29;-;    1;-
4607;5027;05;A;  52;100408; 4;u;06; 2240;-;  701;-;  178;-;  112;-; 2038;-; 1907;-;  117;-;   14;-;    4;-;    4;-;   56;-;  118;-;   94;-;   20;-;  586;-;  516;-;   65;-;    5;-;    0;-;    3;-;   35;-;   74;-;   57;-;    3;-
4607;5027;05;A;  52;100408; 4;u;07; 4649;-; 1598;-;  252;-;  133;-; 4350;-; 4064;-;  264;-;   22;-;   14;-;    4;-;  107;-;  141;-;  105;-;   33;-; 1453;-; 1326;-;  121;-;    6;-;    7;-;    2;-;   59;-;   72;-;   53;-;    5;-
4607;5027;05;A;  52;100408; 4;u;08; 5826;-; 2941;-;  263;-;  196;-; 5505;-; 5234;-;  258;-;   13;-;   24;-;    5;-;   99;-;  159;-;  114;-;   34;-; 2733;-; 2546;-;  179;-;    8;-;    5;-;    2;-;   80;-;  114;-;   83;-;    7;-
4607;5027;05;A;  52;100408; 4;u;09; 5360;-; 3514;-;  242;-;  239;-; 5062;-; 4869;-;  181;-;   12;-;   20;-;    3;-;   99;-;  140;-;  117;-;   36;-; 3248;-; 3056;-;  182;-;   10;-;   12;-;    4;-;  115;-;  120;-;   84;-;   15;-
4607;5027;05;A;  52;100408; 4;u;10; 3793;-; 3098;-;  245;-;  238;-; 3507;-; 3290;-;  210;-;    7;-;   15;-;    9;-;   99;-;  137;-;  109;-;   26;-; 2837;-; 2641;-;  193;-;    3;-;   13;-;    7;-;  103;-;  128;-;  100;-;   10;-
4607;5027;05;A;  52;100408; 4;u;11; 3030;-; 3020;-;  257;-;  286;-; 2736;-; 2564;-;  166;-;    6;-;   15;-;    9;-;  113;-;  135;-;  107;-;   22;-; 2709;-; 2478;-;  224;-;    7;-;   14;-;    8;-;  115;-;  163;-;  126;-;   11;-
4607;5027;05;A;  52;100408; 4;u;12; 2866;-; 2971;-;  272;-;  266;-; 2559;-; 2384;-;  173;-;    2;-;   13;-;    4;-;  115;-;  153;-;  123;-;   22;-; 2680;-; 2466;-;  210;-;    4;-;   15;-;    5;-;  115;-;  146;-;  113;-;   10;-
4607;5027;05;A;  52;100408; 4;u;13; 2873;-; 2919;-;  239;-;  245;-; 2599;-; 2417;-;  173;-;    9;-;   13;-;    3;-;   80;-;  156;-;  128;-;   22;-; 2639;-; 2428;-;  209;-;    2;-;   18;-;    1;-;   91;-;  153;-;  122;-;   17;-
4607;5027;05;A;  52;100408; 4;u;14; 2999;-; 3245;-;  222;-;  243;-; 2741;-; 2598;-;  136;-;    7;-;   13;-;    0;-;   88;-;  134;-;  102;-;   23;-; 2972;-; 2767;-;  195;-;   10;-;   21;-;    6;-;   95;-;  142;-;  106;-;    9;-
4607;5027;05;A;  52;100408; 4;u;15; 2868;-; 3919;-;  232;-;  245;-; 2596;-; 2408;-;  182;-;    6;-;   17;-;    5;-;   83;-;  144;-;  105;-;   23;-; 3642;-; 3397;-;  237;-;    8;-;   24;-;    8;-;   93;-;  144;-;  119;-;    8;-
4607;5027;05;A;  52;100408; 4;u;16; 3100;-; 4716;-;  200;-;  226;-; 2864;-; 2657;-;  196;-;   11;-;   19;-;    2;-;   74;-;  124;-;   98;-;   17;-; 4459;-; 4179;-;  271;-;    9;-;   17;-;    6;-;  103;-;  117;-;   91;-;   14;-
4607;5027;05;A;  52;100408; 4;u;17; 3319;-; 5541;-;  188;-;  200;-; 3098;-; 2931;-;  157;-;   10;-;   13;-;    3;-;   66;-;  119;-;   97;-;   20;-; 5311;-; 5075;-;  220;-;   16;-;   20;-;    2;-;   67;-;  131;-;   95;-;   10;-
4607;5027;05;A;  52;100408; 4;u;18; 3766;-; 5729;-;  155;-;  168;-; 3575;-; 3412;-;  150;-;   13;-;    4;-;    5;-;   43;-;  107;-;   81;-;   32;-; 5533;-; 5338;-;  187;-;    8;-;   18;-;    3;-;   39;-;  126;-;   96;-;   10;-
4607;5027;05;A;  52;100408; 4;u;19; 3721;-; 5077;-;  105;-;  137;-; 3578;-; 3417;-;  153;-;    8;-;    8;-;    4;-;   21;-;   80;-;   61;-;   30;-; 4914;-; 4740;-;  161;-;   13;-;   10;-;    5;-;   31;-;  101;-;   76;-;   16;-
4607;5027;05;A;  52;100408; 4;u;20; 2542;-; 3156;-;   74;-;   88;-; 2432;-; 2267;-;  157;-;    8;-;   10;-;    2;-;   17;-;   55;-;   40;-;   26;-; 3047;-; 2871;-;  167;-;    9;-;    6;-;    4;-;   33;-;   51;-;   37;-;   15;-
4607;5027;05;A;  52;100408; 4;u;21; 1556;-; 2252;-;   53;-;   76;-; 1486;-; 1373;-;  111;-;    2;-;    6;-;    4;-;   11;-;   38;-;   19;-;   11;-; 2160;-; 2035;-;  123;-;    2;-;    6;-;    4;-;   16;-;   56;-;   35;-;   10;-
4607;5027;05;A;  52;100408; 4;u;22; 1196;-; 1715;-;   51;-;   53;-; 1129;-; 1048;-;   76;-;    5;-;    3;-;    4;-;    7;-;   40;-;   34;-;   13;-; 1655;-; 1541;-;  109;-;    5;-;    3;-;    1;-;   17;-;   35;-;   26;-;    4;-
4607;5027;05;A;  52;100408; 4;u;23;  909;-; 1479;-;   63;-;   55;-;  837;-;  773;-;   63;-;    1;-;    0;-;    2;-;   13;-;   48;-;   28;-;    9;-; 1417;-; 1316;-;   99;-;    2;-;    3;-;    1;-;   13;-;   41;-;   29;-;    4;-
4607;5027;05;A;  52;100408; 4;u;24;  542;-;  909;-;   43;-;   51;-;  493;-;  456;-;   36;-;    1;-;    2;-;    3;-;    7;-;   33;-;   25;-;    4;-;  852;-;  797;-;   54;-;    1;-;    4;-;    3;-;    9;-;   39;-;   26;-;    2;-
4607;5027;05;A;  52;100409; 5;u;01;  305;-;  329;-;   29;-;   34;-;  269;-;  228;-;   41;-;    0;-;    2;-;    1;-;    8;-;   20;-;   13;-;    5;-;  291;-;  260;-;   30;-;    1;-;    2;-;    2;-;    7;-;   25;-;   19;-;    2;-
4607;5027;05;A;  52;100409; 5;u;02;  190;-;  206;-;   42;-;   36;-;  148;-;  130;-;   18;-;    0;-;    0;-;    1;-;   10;-;   31;-;   26;-;    0;-;  169;-;  147;-;   22;-;    0;-;    0;-;    0;-;    6;-;   30;-;   20;-;    1;-
4607;5027;05;A;  52;100409; 5;u;03;  160;-;  139;-;   45;-;   35;-;  114;-;  100;-;   14;-;    0;-;    1;-;    0;-;   16;-;   29;-;   20;-;    0;-;  102;-;   81;-;   20;-;    1;-;    1;-;    0;-;   10;-;   25;-;   18;-;    1;-
4607;5027;05;A;  52;100409; 5;u;04;  437;-;  208;-;   69;-;   58;-;  366;-;  333;-;   33;-;    0;-;    1;-;    1;-;   28;-;   40;-;   22;-;    1;-;  148;-;  123;-;   25;-;    0;-;    1;-;    0;-;   28;-;   30;-;   19;-;    1;-
4607;5027;05;A;  52;100409; 5;u;05;  855;-;  428;-;  118;-;   88;-;  726;-;  682;-;   41;-;    3;-;    3;-;    7;-;   35;-;   76;-;   57;-;    8;-;  335;-;  285;-;   48;-;    2;-;    4;-;    2;-;   35;-;   51;-;   38;-;    1;-
4607;5027;05;A;  52;100409; 5;u;06; 2041;-;  696;-;  194;-;  128;-; 1825;-; 1714;-;   98;-;   13;-;    3;-;    4;-;   63;-;  127;-;   90;-;   19;-;  560;-;  491;-;   63;-;    6;-;    4;-;    2;-;   46;-;   80;-;   59;-;    4;-
4607;5027;05;A;  52;100409; 5;u;07; 4577;-; 1651;-;  262;-;  169;-; 4256;-; 4003;-;  236;-;   17;-;   16;-;    3;-;  100;-;  159;-;  106;-;   43;-; 1466;-; 1314;-;  147;-;    5;-;    6;-;    3;-;   60;-;  106;-;   70;-;   10;-
4607;5027;05;A;  52;100409; 5;u;08; 5631;-; 2863;-;  220;-;  207;-; 5338;-; 5074;-;  244;-;   20;-;   20;-;    6;-;   97;-;  117;-;   91;-;   53;-; 2626;-; 2394;-;  227;-;    5;-;   15;-;    3;-;   85;-;  119;-;   80;-;   15;-
4607;5027;05;A;  52;100409; 5;u;09; 5123;-; 3378;-;  270;-;  273;-; 4787;-; 4556;-;  217;-;   14;-;   22;-;    2;-;  112;-;  156;-;  119;-;   44;-; 3078;-; 2870;-;  203;-;    5;-;    7;-;    8;-;  117;-;  148;-;  105;-;   20;-
4607;5027;05;A;  52;100409; 5;u;10; 3481;-; 3003;-;  274;-;  286;-; 3162;-; 2972;-;  178;-;   12;-;   15;-;    2;-;  108;-;  164;-;  128;-;   30;-; 2690;-; 2452;-;  228;-;   10;-;   15;-;   10;-;  123;-;  153;-;  123;-;   12;-
4607;5027;05;A;  52;100409; 5;u;11; 3032;-; 2786;-;  287;-;  256;-; 2721;-; 2514;-;  200;-;    7;-;   11;-;    6;-;  116;-;  165;-;  131;-;   13;-; 2502;-; 2250;-;  240;-;   12;-;   18;-;    5;-;   88;-;  163;-;  127;-;   10;-
4607;5027;05;A;  52;100409; 5;u;12; 2789;-; 2886;-;  232;-;  261;-; 2517;-; 2304;-;  203;-;   10;-;   17;-;    2;-;  100;-;  130;-;  100;-;   23;-; 2599;-; 2356;-;  236;-;    7;-;   12;-;    3;-;   80;-;  178;-;  143;-;   14;-
4607;5027;05;A;  52;100409; 5;u;13; 3115;-; 3414;-;  246;-;  239;-; 2831;-; 2606;-;  215;-;   10;-;   11;-;    2;-;   94;-;  150;-;  118;-;   27;-; 3149;-; 2877;-;  262;-;   10;-;   18;-;    4;-;   90;-;  145;-;  112;-;    8;-
4607;5027;05;A;  52;100409; 5;u;14; 3253;-; 4174;-;  198;-;  230;-; 3015;-; 2835;-;  174;-;    6;-;   20;-;    0;-;   74;-;  124;-;   92;-;   20;-; 3907;-; 3641;-;  252;-;   14;-;   21;-;    3;-;   90;-;  137;-;  108;-;   16;-
4607;5027;05;A;  52;100409; 5;u;15; 3233;-; 5085;-;  193;-;  224;-; 2998;-; 2776;-;  206;-;   16;-;   13;-;    5;-;   79;-;  109;-;   82;-;   29;-; 4830;-; 4578;-;  238;-;   14;-;   22;-;    3;-;   91;-;  130;-;  101;-;    9;-
4607;5027;05;A;  52;100409; 5;u;16; 3493;-; 5234;-;  185;-;  225;-; 3264;-; 3057;-;  195;-;   12;-;   22;-;    7;-;   51;-;  127;-;  104;-;   22;-; 4964;-; 4669;-;  277;-;   18;-;   31;-;    4;-;   81;-;  140;-;  109;-;   14;-
4607;5027;05;A;  52;100409; 5;u;17; 3744;-; 5167;-;  155;-;  182;-; 3546;-; 3354;-;  175;-;   17;-;   14;-;    3;-;   55;-;   97;-;   73;-;   29;-; 4955;-; 4715;-;  221;-;   19;-;   16;-;    5;-;   58;-;  119;-;   88;-;   14;-
4607;5027;05;A;  52;100409; 5;u;18; 3828;-; 4702;-;  122;-;  127;-; 3660;-; 3509;-;  133;-;   18;-;   10;-;    4;-;   32;-;   86;-;   68;-;   36;-; 4540;-; 4333;-;  196;-;   11;-;   19;-;    6;-;   46;-;   75;-;   61;-;   16;-
4607;5027;05;A;  52;100409; 5;u;19; 3572;-; 4129;-;  113;-;  101;-; 3420;-; 3271;-;  130;-;   19;-;   15;-;   14;-;   31;-;   68;-;   49;-;   24;-; 3997;-; 3823;-;  157;-;   17;-;   18;-;    3;-;   38;-;   60;-;   49;-;   13;-
4607;5027;05;A;  52;100409; 5;u;20; 2723;-; 2912;-;   62;-;   79;-; 2621;-; 2481;-;  124;-;   16;-;   11;-;    5;-;   16;-;   41;-;   28;-;   29;-; 2814;-; 2654;-;  149;-;   11;-;    9;-;    2;-;   25;-;   52;-;   39;-;   10;-
4607;5027;05;A;  52;100409; 5;u;21; 1696;-; 2126;-;   52;-;   97;-; 1621;-; 1520;-;   92;-;    9;-;    4;-;    3;-;   11;-;   38;-;   30;-;   19;-; 2008;-; 1884;-;  111;-;   13;-;    7;-;    5;-;   20;-;   72;-;   46;-;   14;-
4607;5027;05;A;  52;100409; 5;u;22; 1414;-; 1694;-;   51;-;   55;-; 1352;-; 1282;-;   65;-;    5;-;    6;-;    2;-;   12;-;   37;-;   28;-;    5;-; 1622;-; 1545;-;   70;-;    7;-;    3;-;    3;-;   11;-;   41;-;   29;-;   14;-
4607;5027;05;A;  52;100409; 5;u;23; 1063;-; 1528;-;   39;-;   50;-; 1016;-;  942;-;   73;-;    1;-;    3;-;    4;-;    9;-;   26;-;   20;-;    5;-; 1461;-; 1380;-;   75;-;    6;-;    4;-;    0;-;   18;-;   32;-;   26;-;   13;-
4607;5027;05;A;  52;100409; 5;u;24;  788;-; 1560;-;   23;-;   52;-;  757;-;  712;-;   42;-;    3;-;    3;-;    4;-;    5;-;   14;-;   10;-;    5;-; 1499;-; 1413;-;   82;-;    4;-;    2;-;    7;-;    9;-;   36;-;   25;-;    7;-
4607;5027;05;A;  52;100410; 6;u;01;  519;-;  740;-;   33;-;   29;-;  480;-;  437;-;   43;-;    0;-;    1;-;    1;-;   11;-;   21;-;   11;-;    5;-;  702;-;  658;-;   43;-;    1;-;    3;-;    3;-;    5;-;   21;-;   15;-;    6;-
4607;5027;05;A;  52;100410; 6;u;02;  346;-;  361;-;   36;-;   28;-;  306;-;  279;-;   27;-;    0;-;    2;-;    2;-;   14;-;   20;-;   11;-;    2;-;  330;-;  301;-;   28;-;    1;-;    1;-;    2;-;    5;-;   21;-;   16;-;    2;-
4607;5027;05;A;  52;100410; 6;u;03;  233;-;  273;-;   35;-;   28;-;  193;-;  175;-;   16;-;    2;-;    3;-;    1;-;    7;-;   27;-;   17;-;    2;-;  245;-;  219;-;   26;-;    0;-;    0;-;    1;-;   11;-;   16;-;   12;-;    0;-
4607;5027;05;A;  52;100410; 6;u;04;  347;-;  279;-;   39;-;   46;-;  304;-;  270;-;   34;-;    0;-;    1;-;    0;-;   13;-;   26;-;   14;-;    3;-;  229;-;  211;-;   18;-;    0;-;    4;-;    2;-;   24;-;   20;-;   15;-;    0;-
4607;5027;05;A;  52;100410; 6;u;05;  602;-;  364;-;   51;-;   38;-;  548;-;  511;-;   34;-;    3;-;    0;-;    5;-;   22;-;   24;-;   17;-;    3;-;  325;-;  275;-;   49;-;    1;-;    0;-;    2;-;   22;-;   14;-;   11;-;    1;-
4607;5027;05;A;  52;100410; 6;u;06;  900;-;  490;-;   63;-;   44;-;  819;-;  753;-;   61;-;    5;-;    8;-;    6;-;   26;-;   31;-;   20;-;   10;-;  440;-;  401;-;   39;-;    0;-;    5;-;    3;-;   19;-;   22;-;    9;-;    1;-
4607;5027;05;A;  52;100410; 6;u;07; 1017;-;  738;-;   55;-;   51;-;  942;-;  822;-;  115;-;    5;-;   11;-;    3;-;   31;-;   21;-;   18;-;    9;-;  676;-;  602;-;   72;-;    2;-;    9;-;    3;-;   22;-;   26;-;   19;-;    2;-
4607;5027;05;A;  52;100410; 6;u;08; 1139;-;  950;-;   61;-;   40;-; 1055;-;  897;-;  153;-;    5;-;   18;-;    3;-;   32;-;   26;-;   21;-;    5;-;  900;-;  800;-;  100;-;    0;-;    8;-;    0;-;   21;-;   19;-;   13;-;    2;-
4607;5027;05;A;  52;100410; 6;u;09; 1520;-; 1647;-;   67;-;   83;-; 1435;-; 1293;-;  133;-;    9;-;   12;-;    5;-;   39;-;   23;-;   17;-;    6;-; 1550;-; 1401;-;  143;-;    6;-;    9;-;    4;-;   47;-;   32;-;   28;-;    5;-
4607;5027;05;A;  52;100410; 6;u;10; 2461;-; 2220;-;   64;-;   68;-; 2375;-; 2222;-;  138;-;   15;-;   10;-;    3;-;   32;-;   29;-;   24;-;   12;-; 2133;-; 1979;-;  136;-;   18;-;   10;-;   11;-;   25;-;   32;-;   23;-;    9;-
4607;5027;05;A;  52;100410; 6;u;11; 2699;-; 2641;-;   54;-;   59;-; 2609;-; 2465;-;  129;-;   15;-;   20;-;    4;-;   37;-;   13;-;    9;-;   16;-; 2555;-; 2403;-;  138;-;   14;-;   15;-;    1;-;   31;-;   27;-;   23;-;   12;-
4607;5027;05;A;  52;100410; 6;u;12; 2656;-; 2643;-;   43;-;   36;-; 2544;-; 2420;-;  113;-;   11;-;   19;-;    3;-;   29;-;   11;-;    7;-;   50;-; 2583;-; 2396;-;  174;-;   13;-;   16;-;    3;-;   19;-;   14;-;   11;-;    8;-
4607;5027;05;A;  52;100410; 6;u;13; 2653;-; 2764;-;   37;-;   31;-; 2584;-; 2405;-;  158;-;   21;-;   12;-;    8;-;   16;-;   13;-;   12;-;   20;-; 2709;-; 2553;-;  138;-;   18;-;   13;-;    4;-;   16;-;   11;-;    8;-;   11;-
4607;5027;05;A;  52;100410; 6;u;14; 2934;-; 2913;-;   38;-;   47;-; 2864;-; 2702;-;  141;-;   21;-;   17;-;    6;-;   22;-;   10;-;    8;-;   15;-; 2847;-; 2643;-;  186;-;   18;-;   13;-;    4;-;   28;-;   15;-;   12;-;    6;-
4607;5027;05;A;  52;100410; 6;u;15; 2947;-; 3123;-;   36;-;   44;-; 2871;-; 2724;-;  131;-;   16;-;   14;-;    3;-;   18;-;   15;-;   12;-;   26;-; 3045;-; 2882;-;  149;-;   14;-;   27;-;    3;-;   24;-;   17;-;   14;-;    7;-
4607;5027;05;A;  52;100410; 6;u;16; 2703;-; 2899;-;   26;-;   29;-; 2643;-; 2486;-;  133;-;   24;-;   18;-;    4;-;    7;-;   15;-;   12;-;   16;-; 2842;-; 2688;-;  134;-;   20;-;   22;-;    3;-;   17;-;    9;-;    9;-;    6;-
4607;5027;05;A;  52;100410; 6;u;17; 2457;-; 2518;-;   27;-;   27;-; 2403;-; 2259;-;  118;-;   26;-;   13;-;    6;-;   13;-;    8;-;    5;-;   14;-; 2469;-; 2306;-;  140;-;   23;-;   13;-;    1;-;   14;-;   12;-;    9;-;    9;-
4607;5027;05;A;  52;100410; 6;u;18; 2547;-; 2550;-;   20;-;   27;-; 2501;-; 2375;-;   98;-;   28;-;   12;-;    2;-;    9;-;    9;-;    7;-;   14;-; 2504;-; 2367;-;  126;-;   11;-;    8;-;   11;-;   11;-;    5;-;    5;-;   11;-
4607;5027;05;A;  52;100410; 6;u;19; 2733;-; 2419;-;   26;-;   24;-; 2679;-; 2523;-;  140;-;   16;-;   13;-;    7;-;    7;-;   12;-;    7;-;   15;-; 2376;-; 2243;-;  112;-;   21;-;    8;-;    6;-;   13;-;    5;-;    4;-;   11;-
4607;5027;05;A;  52;100410; 6;u;20; 1948;-; 1995;-;   16;-;   19;-; 1910;-; 1788;-;  101;-;   21;-;    8;-;    3;-;    4;-;    9;-;    8;-;   14;-; 1962;-; 1824;-;  126;-;   12;-;   10;-;    4;-;   10;-;    5;-;    4;-;    4;-
4607;5027;05;A;  52;100410; 6;u;21; 1483;-; 1585;-;   10;-;   17;-; 1458;-; 1357;-;   98;-;    3;-;    4;-;    4;-;    4;-;    2;-;    2;-;   11;-; 1553;-; 1458;-;   86;-;    9;-;    9;-;    6;-;    8;-;    3;-;    3;-;    6;-
4607;5027;05;A;  52;100410; 6;u;22; 1161;-; 1248;-;   15;-;    5;-; 1132;-; 1066;-;   56;-;   10;-;    4;-;    2;-;    9;-;    4;-;    4;-;   10;-; 1237;-; 1153;-;   79;-;    5;-;    3;-;    1;-;    3;-;    1;-;    1;-;    3;-
4607;5027;05;A;  52;100410; 6;u;23; 1056;-; 1108;-;   10;-;    7;-; 1036;-;  978;-;   52;-;    6;-;    4;-;    2;-;    7;-;    1;-;    1;-;    6;-; 1092;-; 1026;-;   62;-;    4;-;    3;-;    2;-;    5;-;    0;-;    0;-;    6;-
4607;5027;05;A;  52;100410; 6;u;24;  908;-; 1163;-;    7;-;    7;-;  888;-;  818;-;   60;-;   10;-;    6;-;    2;-;    2;-;    3;-;    2;-;    7;-; 1151;-; 1067;-;   83;-;    1;-;    1;-;    3;-;    4;-;    0;-;    0;-;    4;-
4607;5027;05;A;  52;100411; 7;s;01;  732;-;  773;-;   10;-;    4;-;  709;-;  665;-;   43;-;    1;-;    6;-;    1;-;    5;-;    4;-;    2;-;    7;-;  765;-;  724;-;   39;-;    2;-;    2;-;    1;-;    2;-;    1;-;    1;-;    2;-
4607;5027;05;A;  52;100411; 7;s;02;  477;-;  501;-;    8;-;    7;-;  463;-;  439;-;   23;-;    1;-;    1;-;    3;-;    5;-;    0;-;    0;-;    5;-;  493;-;  462;-;   28;-;    3;-;    1;-;    2;-;    3;-;    2;-;    1;-;    0;-
4607;5027;05;A;  52;100411; 7;s;03;  312;-;  321;-;    7;-;    2;-;  298;-;  280;-;   18;-;    0;-;    1;-;    0;-;    5;-;    2;-;    2;-;    6;-;  318;-;  298;-;   20;-;    0;-;    0;-;    2;-;    0;-;    0;-;    0;-;    1;-
4607;5027;05;A;  52;100411; 7;s;04;  492;-;  344;-;    8;-;   16;-;  479;-;  436;-;   40;-;    3;-;    1;-;    2;-;    4;-;    2;-;    1;-;    4;-;  324;-;  283;-;   41;-;    0;-;    1;-;    5;-;    7;-;    4;-;    4;-;    3;-
4607;5027;05;A;  52;100411; 7;s;05;  589;-;  461;-;    3;-;    6;-;  578;-;  533;-;   42;-;    3;-;    6;-;    2;-;    1;-;    0;-;    0;-;    2;-;  452;-;  408;-;   42;-;    2;-;    0;-;    4;-;    0;-;    2;-;    2;-;    3;-
4607;5027;05;A;  52;100411; 7;s;06;  797;-;  433;-;   16;-;    6;-;  753;-;  701;-;   50;-;    2;-;   20;-;    1;-;   11;-;    4;-;    3;-;    8;-;  424;-;  396;-;   26;-;    2;-;    1;-;    2;-;    2;-;    2;-;    2;-;    2;-
4607;5027;05;A;  52;100411; 7;s;07;  730;-;  421;-;    9;-;    5;-;  692;-;  604;-;   84;-;    4;-;   24;-;    0;-;    8;-;    1;-;    1;-;    5;-;  411;-;  379;-;   31;-;    1;-;    4;-;    2;-;    1;-;    2;-;    2;-;    1;-
4607;5027;05;A;  52;100411; 7;s;08;  855;-;  480;-;   22;-;   11;-;  807;-;  711;-;   91;-;    5;-;   16;-;    5;-;   12;-;    5;-;    4;-;   10;-;  461;-;  408;-;   51;-;    2;-;    4;-;    4;-;    3;-;    4;-;    4;-;    4;-
4607;5027;05;A;  52;100411; 7;s;09; 1140;-;  976;-;   19;-;   15;-; 1089;-;  994;-;   92;-;    3;-;   15;-;    4;-;    9;-;    6;-;    6;-;   17;-;  946;-;  853;-;   85;-;    8;-;    7;-;    6;-;    5;-;    4;-;    4;-;    8;-
4607;5027;05;A;  52;100411; 7;s;10; 1494;-; 1386;-;   27;-;   13;-; 1451;-; 1349;-;   95;-;    7;-;    6;-;   12;-;    9;-;    6;-;    6;-;   10;-; 1362;-; 1248;-;  103;-;   11;-;    5;-;    5;-;    3;-;    5;-;    5;-;    6;-
4607;5027;05;A;  52;100411; 7;s;11; 1940;-; 1813;-;   17;-;   20;-; 1899;-; 1805;-;   78;-;   16;-;    5;-;    4;-;   11;-;    2;-;    2;-;   19;-; 1784;-; 1666;-;   95;-;   23;-;    6;-;    9;-;    6;-;    5;-;    5;-;    3;-
4607;5027;05;A;  52;100411; 7;s;12; 2074;-; 2026;-;   16;-;   15;-; 2038;-; 1940;-;   89;-;    9;-;    7;-;    6;-;    7;-;    3;-;    2;-;   13;-; 1993;-; 1862;-;  114;-;   17;-;    8;-;    3;-;   10;-;    2;-;    2;-;   10;-
4607;5027;05;A;  52;100411; 7;s;13; 2309;-; 2335;-;   25;-;   22;-; 2257;-; 2130;-;  108;-;   19;-;    5;-;    4;-;   15;-;    6;-;    6;-;   22;-; 2296;-; 2155;-;  132;-;    9;-;    6;-;    4;-;   13;-;    5;-;    4;-;   11;-
4607;5027;05;A;  52;100411; 7;s;14; 2667;-; 2629;-;   18;-;    7;-; 2623;-; 2501;-;  104;-;   18;-;    9;-;    4;-;   10;-;    4;-;    4;-;   17;-; 2602;-; 2467;-;  118;-;   17;-;    7;-;    0;-;    6;-;    1;-;    1;-;   13;-
4607;5027;05;A;  52;100411; 7;s;15; 2724;-; 2905;-;   20;-;   23;-; 2665;-; 2529;-;  127;-;    9;-;   14;-;    5;-;    6;-;    9;-;    8;-;   25;-; 2857;-; 2711;-;  136;-;   10;-;   13;-;    5;-;   12;-;    6;-;    3;-;   12;-
4607;5027;05;A;  52;100411; 7;s;16; 2615;-; 2731;-;   18;-;   25;-; 2566;-; 2422;-;  126;-;   18;-;   11;-;    4;-;    9;-;    5;-;    4;-;   20;-; 2676;-; 2540;-;  126;-;   10;-;   20;-;    7;-;   13;-;    5;-;    4;-;   10;-
4607;5027;05;A;  52;100411; 7;s;17; 2538;-; 2507;-;   12;-;   17;-; 2498;-; 2377;-;  110;-;   11;-;   10;-;    4;-;    4;-;    4;-;    4;-;   18;-; 2455;-; 2278;-;  170;-;    7;-;   26;-;    3;-;    9;-;    5;-;    3;-;    9;-
4607;5027;05;A;  52;100411; 7;s;18; 2936;-; 2639;-;   25;-;   42;-; 2881;-; 2748;-;  117;-;   16;-;    7;-;    6;-;    8;-;   11;-;   11;-;   23;-; 2560;-; 2410;-;  144;-;    6;-;   31;-;   10;-;   26;-;    6;-;    6;-;    6;-
4607;5027;05;A;  52;100411; 7;s;19; 2686;-; 2443;-;   26;-;   35;-; 2629;-; 2479;-;  135;-;   15;-;   11;-;    7;-;    8;-;   11;-;    9;-;   20;-; 2374;-; 2223;-;  145;-;    6;-;   24;-;    5;-;   21;-;    9;-;    8;-;   10;-
4607;5027;05;A;  52;100411; 7;s;20; 2124;-; 1947;-;   32;-;   27;-; 2052;-; 1936;-;  109;-;    7;-;   20;-;    1;-;   14;-;   17;-;   16;-;   20;-; 1900;-; 1783;-;  110;-;    7;-;   14;-;    8;-;   13;-;    6;-;    6;-;    6;-
4607;5027;05;A;  52;100411; 7;s;21; 1675;-; 1533;-;   33;-;   20;-; 1613;-; 1510;-;   98;-;    5;-;   10;-;    8;-;   14;-;   11;-;    7;-;   19;-; 1491;-; 1375;-;  110;-;    6;-;   12;-;    8;-;    4;-;    8;-;    6;-;   10;-
4607;5027;05;A;  52;100411; 7;s;22; 1535;-; 1236;-;   22;-;   18;-; 1493;-; 1412;-;   76;-;    5;-;    7;-;    3;-;   12;-;    7;-;    7;-;   13;-; 1205;-; 1131;-;   71;-;    3;-;    6;-;    5;-;    8;-;    5;-;    5;-;    7;-
4607;5027;05;A;  52;100411; 7;s;23;  987;-; 1027;-;   34;-;   29;-;  937;-;  860;-;   73;-;    4;-;    6;-;    2;-;   13;-;   19;-;   18;-;   10;-;  994;-;  926;-;   67;-;    1;-;    4;-;    2;-;    6;-;   21;-;   18;-;    0;-
4607;5027;05;A;  52;100411; 7;s;24;  528;-;  853;-;   32;-;   35;-;  488;-;  441;-;   46;-;    1;-;    6;-;    0;-;   12;-;   20;-;   15;-;    2;-;  815;-;  765;-;   50;-;    0;-;    1;-;    1;-;   13;-;   21;-;   16;-;    2;-
4607;5027;05;A;  52;100412; 1;w;01;  265;-;  315;-;   22;-;   25;-;  237;-;  197;-;   40;-;    0;-;    1;-;    2;-;    3;-;   17;-;   11;-;    5;-;  287;-;  269;-;   17;-;    1;-;    1;-;    2;-;    3;-;   20;-;   15;-;    2;-
4607;5027;05;A;  52;100412; 1;w;02;  149;-;  179;-;   31;-;   25;-;  117;-;  103;-;   14;-;    0;-;    0;-;    0;-;    6;-;   25;-;   22;-;    1;-;  153;-;  129;-;   24;-;    0;-;    1;-;    0;-;    4;-;   21;-;   18;-;    0;-
4607;5027;05;A;  52;100412; 1;w;03;  128;-;   99;-;   43;-;   24;-;   84;-;   73;-;   11;-;    0;-;    1;-;    2;-;   13;-;   28;-;   21;-;    0;-;   75;-;   61;-;   14;-;    0;-;    0;-;    2;-;    6;-;   16;-;   10;-;    0;-
4607;5027;05;A;  52;100412; 1;w;04;  360;-;  172;-;   51;-;   49;-;  302;-;  276;-;   23;-;    3;-;    2;-;    1;-;   19;-;   31;-;   25;-;    5;-;  123;-;  101;-;   22;-;    0;-;    0;-;    0;-;   24;-;   25;-;   21;-;    0;-
4607;5027;05;A;  52;100412; 1;w;05;  937;-;  357;-;  100;-;   88;-;  831;-;  779;-;   45;-;    7;-;    1;-;    6;-;   34;-;   60;-;   48;-;    5;-;  267;-;  236;-;   31;-;    0;-;    1;-;    4;-;   37;-;   47;-;   37;-;    1;-
4607;5027;05;A;  52;100412; 1;w;06; 2857;-;  919;-;  195;-;  104;-; 2637;-; 2508;-;  116;-;   13;-;    4;-;    6;-;   70;-;  119;-;  100;-;   21;-;  808;-;  720;-;   81;-;    7;-;    3;-;    1;-;   29;-;   74;-;   61;-;    4;-
4607;5027;05;A;  52;100412; 1;w;07; 5422;-; 2135;-;  222;-;  162;-; 5157;-; 4895;-;  242;-;   20;-;   20;-;    5;-;  100;-;  117;-;   83;-;   23;-; 1961;-; 1815;-;  141;-;    5;-;    4;-;    3;-;   64;-;   95;-;   78;-;    8;-
4607;5027;05;A;  52;100412; 1;w;08; 6776;-; 3560;-;  251;-;  199;-; 6477;-; 6217;-;  241;-;   19;-;   24;-;    8;-;   90;-;  153;-;  122;-;   24;-; 3330;-; 3143;-;  183;-;    4;-;    9;-;    2;-;   99;-;   98;-;   69;-;   22;-
4607;5027;05;A;  52;100412; 1;w;09; 6557;-; 3886;-;  272;-;  217;-; 6239;-; 6039;-;  190;-;   10;-;   28;-;   15;-;   96;-;  161;-;  117;-;   18;-; 3638;-; 3428;-;  198;-;   12;-;   17;-;    5;-;  101;-;  111;-;   82;-;   14;-
4607;5027;05;A;  52;100412; 1;w;10; 4533;-; 2840;-;  271;-;  274;-; 4196;-; 3983;-;  200;-;   13;-;   21;-;    9;-;  108;-;  154;-;  112;-;   45;-; 2540;-; 2327;-;  211;-;    2;-;   13;-;    8;-;  125;-;  141;-;  101;-;   13;-
4607;5027;05;A;  52;100412; 1;w;11; 3259;-; 2362;-;  251;-;  255;-; 2979;-; 2761;-;  213;-;    5;-;   16;-;   11;-;  108;-;  132;-;  100;-;   13;-; 2073;-; 1859;-;  211;-;    3;-;   20;-;    6;-;  103;-;  146;-;  113;-;   14;-
4607;5027;05;A;  52;100412; 1;w;12; 2852;-; 2379;-;  257;-;  244;-; 2562;-; 2362;-;  194;-;    6;-;   13;-;    9;-;  100;-;  148;-;  114;-;   20;-; 2111;-; 1876;-;  232;-;    3;-;   15;-;    3;-;   98;-;  143;-;  119;-;    9;-
4607;5027;05;A;  52;100412; 1;w;13; 2724;-; 2861;-;  220;-;  241;-; 2469;-; 2285;-;  173;-;   11;-;   20;-;    3;-;   82;-;  135;-;  106;-;   15;-; 2600;-; 2377;-;  212;-;   11;-;   13;-;    8;-;   83;-;  150;-;  110;-;    7;-
4607;5027;05;A;  52;100412; 1;w;14; 3006;-; 3075;-;  236;-;  233;-; 2733;-; 2560;-;  162;-;   11;-;   19;-;    6;-;   90;-;  140;-;  113;-;   18;-; 2824;-; 2599;-;  217;-;    8;-;   10;-;    2;-;   88;-;  143;-;   99;-;    8;-
4607;5027;05;A;  52;100412; 1;w;15; 2720;-; 3849;-;  229;-;  257;-; 2458;-; 2263;-;  184;-;   11;-;   17;-;    5;-;   96;-;  128;-;   99;-;   16;-; 3562;-; 3280;-;  271;-;   11;-;   17;-;    6;-;  110;-;  141;-;  114;-;   13;-
4607;5027;05;A;  52;100412; 1;w;16; 2844;-; 4895;-;  215;-;  231;-; 2595;-; 2388;-;  200;-;    7;-;   12;-;    2;-;   92;-;  121;-;   91;-;   22;-; 4630;-; 4335;-;  275;-;   20;-;   25;-;    5;-;   95;-;  131;-;   95;-;    9;-
4607;5027;05;A;  52;100412; 1;w;17; 3196;-; 5810;-;  164;-;  193;-; 2997;-; 2791;-;  200;-;    6;-;   11;-;    2;-;   55;-;  107;-;   80;-;   24;-; 5578;-; 5327;-;  240;-;   11;-;   21;-;   10;-;   70;-;  113;-;   90;-;   18;-
4607;5027;05;A;  52;100412; 1;w;18; 3504;-; 5933;-;  133;-;  150;-; 3343;-; 3195;-;  138;-;   10;-;   15;-;    7;-;   40;-;   86;-;   64;-;   13;-; 5752;-; 5545;-;  194;-;   13;-;   16;-;    6;-;   45;-;   99;-;   74;-;   15;-
4607;5027;05;A;  52;100412; 1;w;19; 3256;-; 5407;-;   97;-;  109;-; 3136;-; 2995;-;  131;-;   10;-;    9;-;    1;-;   21;-;   75;-;   59;-;   14;-; 5265;-; 5078;-;  173;-;   14;-;   11;-;   12;-;   25;-;   72;-;   54;-;   22;-
4607;5027;05;A;  52;100412; 1;w;20; 2257;-; 3365;-;   72;-;   77;-; 2157;-; 1996;-;  155;-;    6;-;    7;-;    3;-;   16;-;   53;-;   36;-;   21;-; 3260;-; 3078;-;  173;-;    9;-;   10;-;    7;-;   22;-;   48;-;   36;-;   18;-
4607;5027;05;A;  52;100412; 1;w;21; 1511;-; 1970;-;   53;-;   79;-; 1444;-; 1332;-;  108;-;    4;-;    6;-;    3;-;    5;-;   45;-;   33;-;    8;-; 1871;-; 1737;-;  133;-;    1;-;    6;-;    8;-;   16;-;   55;-;   39;-;   14;-
4607;5027;05;A;  52;100412; 1;w;22; 1304;-; 1604;-;   54;-;   58;-; 1246;-; 1168;-;   72;-;    6;-;    3;-;    1;-;   13;-;   40;-;   26;-;    1;-; 1538;-; 1431;-;  101;-;    6;-;    4;-;    0;-;    8;-;   50;-;   30;-;    4;-
4607;5027;05;A;  52;100412; 1;w;23;  843;-; 1354;-;   43;-;   41;-;  789;-;  725;-;   64;-;    0;-;    5;-;    1;-;    8;-;   34;-;   24;-;    6;-; 1307;-; 1201;-;   93;-;   13;-;    0;-;    1;-;   11;-;   29;-;   23;-;    6;-
4607;5027;05;A;  52;100412; 1;w;24;  453;-;  904;-;   33;-;   49;-;  412;-;  377;-;   34;-;    1;-;    3;-;    0;-;    5;-;   28;-;   22;-;    5;-;  849;-;  803;-;   44;-;    2;-;    1;-;    1;-;   10;-;   38;-;   27;-;    5;-
4607;5027;05;A;  52;100413; 2;w;01;  249;-;  309;-;   36;-;   30;-;  210;-;  169;-;   41;-;    0;-;    2;-;    0;-;   10;-;   26;-;   21;-;    1;-;  278;-;  242;-;   31;-;    5;-;    1;-;    2;-;    4;-;   24;-;   11;-;    0;-
4607;5027;05;A;  52;100413; 2;w;02;  162;-;  159;-;   50;-;   31;-;  111;-;   85;-;   25;-;    1;-;    0;-;    2;-;   12;-;   36;-;   25;-;    1;-;  128;-;  105;-;   21;-;    2;-;    0;-;    0;-;    5;-;   26;-;   22;-;    0;-
4607;5027;05;A;  52;100413; 2;w;03;  126;-;  123;-;   49;-;   39;-;   77;-;   65;-;   12;-;    0;-;    0;-;    0;-;   11;-;   38;-;   27;-;    0;-;   83;-;   61;-;   22;-;    0;-;    0;-;    0;-;   10;-;   29;-;   21;-;    1;-
4607;5027;05;A;  52;100413; 2;w;04;  404;-;  191;-;   59;-;   54;-;  341;-;  299;-;   39;-;    3;-;    2;-;    0;-;   16;-;   43;-;   24;-;    2;-;  136;-;  107;-;   29;-;    0;-;    1;-;    0;-;   23;-;   31;-;   19;-;    0;-
4607;5027;05;A;  52;100413; 2;w;05;  946;-;  380;-;  110;-;   88;-;  828;-;  785;-;   40;-;    3;-;    1;-;    5;-;   42;-;   63;-;   44;-;    7;-;  290;-;  248;-;   42;-;    0;-;    1;-;    0;-;   42;-;   46;-;   33;-;    1;-
4607;5027;05;A;  52;100413; 2;w;06; 2681;-;  856;-;  205;-;  116;-; 2455;-; 2332;-;  108;-;   15;-;    4;-;    7;-;   63;-;  135;-;  104;-;   17;-;  737;-;  665;-;   65;-;    7;-;    1;-;    2;-;   36;-;   78;-;   55;-;    2;-
4607;5027;05;A;  52;100413; 2;w;07; 5192;-; 2006;-;  223;-;  149;-; 4932;-; 4627;-;  285;-;   20;-;   12;-;    4;-;   95;-;  124;-;   86;-;   25;-; 1841;-; 1678;-;  155;-;    8;-;   11;-;    4;-;   69;-;   76;-;   62;-;    5;-
4607;5027;05;A;  52;100413; 2;w;08; 6967;-; 3517;-;  261;-;  207;-; 6656;-; 6429;-;  207;-;   20;-;   21;-;   10;-;  101;-;  150;-;  121;-;   29;-; 3283;-; 3067;-;  204;-;   12;-;   13;-;    3;-;  105;-;   99;-;   73;-;   14;-
4607;5027;05;A;  52;100413; 2;w;09; 6452;-; 3906;-;  266;-;  241;-; 6124;-; 5893;-;  212;-;   19;-;   25;-;   17;-;  106;-;  143;-;  108;-;   37;-; 3632;-; 3401;-;  222;-;    9;-;   12;-;    0;-;  118;-;  123;-;   94;-;   21;-
4607;5027;05;A;  52;100413; 2;w;10; 5095;-; 2840;-;  273;-;  266;-; 4776;-; 4559;-;  205;-;   12;-;   22;-;   10;-;  107;-;  156;-;  117;-;   24;-; 2550;-; 2350;-;  193;-;    7;-;    9;-;    8;-;  120;-;  138;-;  109;-;   15;-
4607;5027;05;A;  52;100413; 2;w;11; 3439;-; 2333;-;  278;-;  246;-; 3134;-; 2900;-;  224;-;   10;-;   11;-;    5;-;  106;-;  167;-;  133;-;   16;-; 2066;-; 1847;-;  215;-;    4;-;   15;-;    8;-;  109;-;  129;-;   96;-;    6;-
4607;5027;05;A;  52;100413; 2;w;12; 2821;-; 2499;-;  270;-;  275;-; 2510;-; 2325;-;  181;-;    4;-;   15;-;    3;-;  108;-;  159;-;  128;-;   26;-; 2200;-; 1949;-;  246;-;    5;-;   12;-;    2;-;   98;-;  175;-;  136;-;   12;-
4607;5027;05;A;  52;100413; 2;w;13; 2914;-; 2850;-;  248;-;  235;-; 2629;-; 2405;-;  206;-;   18;-;   15;-;    3;-;   85;-;  160;-;  122;-;   22;-; 2579;-; 2346;-;  222;-;   11;-;   20;-;    2;-;  101;-;  132;-;  102;-;   16;-
4607;5027;05;A;  52;100413; 2;w;14; 3189;-; 3564;-;  238;-;  267;-; 2912;-; 2681;-;  219;-;   12;-;   15;-;    2;-;   76;-;  160;-;  115;-;   24;-; 3264;-; 3010;-;  248;-;    6;-;   21;-;    6;-;  107;-;  154;-;  122;-;   12;-
4607;5027;05;A;  52;100413; 2;w;15; 2982;-; 4413;-;  216;-;  277;-; 2727;-; 2524;-;  200;-;    3;-;   19;-;    2;-;   83;-;  131;-;   98;-;   20;-; 4104;-; 3829;-;  261;-;   14;-;   24;-;    7;-;  115;-;  155;-;  117;-;    8;-
4607;5027;05;A;  52;100413; 2;w;16; 2967;-; 5325;-;  202;-;  243;-; 2732;-; 2525;-;  197;-;   10;-;   18;-;    8;-;   73;-;  121;-;   99;-;   15;-; 5042;-; 4766;-;  255;-;   21;-;   28;-;    6;-;  102;-;  135;-;  100;-;   12;-
4607;5027;05;A;  52;100413; 2;w;17; 3243;-; 5863;-;  171;-;  195;-; 3033;-; 2847;-;  173;-;   13;-;   16;-;    3;-;   63;-;  105;-;   76;-;   23;-; 5637;-; 5380;-;  238;-;   19;-;   23;-;   10;-;   64;-;  121;-;   82;-;    8;-
4607;5027;05;A;  52;100413; 2;w;18; 3521;-; 6270;-;  113;-;  132;-; 3353;-; 3191;-;  141;-;   21;-;    9;-;    0;-;   41;-;   72;-;   56;-;   46;-; 6105;-; 5906;-;  182;-;   17;-;   16;-;   10;-;   31;-;   91;-;   67;-;   17;-
4607;5027;05;A;  52;100413; 2;w;19; 3446;-; 6041;-;  106;-;  139;-; 3313;-; 3143;-;  159;-;   11;-;    6;-;   10;-;   23;-;   73;-;   51;-;   21;-; 5880;-; 5714;-;  150;-;   16;-;   12;-;    7;-;   30;-;  102;-;   80;-;   10;-
4607;5027;05;A;  52;100413; 2;w;20; 2314;-; 4267;-;   69;-;  124;-; 2213;-; 2066;-;  140;-;    7;-;    9;-;    3;-;   16;-;   50;-;   39;-;   23;-; 4113;-; 3886;-;  210;-;   17;-;   13;-;    8;-;   34;-;   82;-;   61;-;   17;-
4607;5027;05;A;  52;100413; 2;w;21; 1630;-; 2841;-;   56;-;   90;-; 1556;-; 1441;-;  107;-;    8;-;    2;-;    2;-;   16;-;   38;-;   29;-;   16;-; 2726;-; 2555;-;  160;-;   11;-;    7;-;   14;-;   14;-;   62;-;   44;-;   18;-
4607;5027;05;A;  52;100413; 2;w;22; 1353;-; 2157;-;   43;-;   53;-; 1293;-; 1208;-;   80;-;    5;-;    6;-;    3;-;   13;-;   27;-;   18;-;   11;-; 2094;-; 1966;-;  121;-;    7;-;    4;-;    0;-;   11;-;   42;-;   32;-;    6;-
4607;5027;05;A;  52;100413; 2;w;23; 1026;-; 1816;-;   47;-;   58;-;  968;-;  877;-;   87;-;    4;-;    5;-;    5;-;   10;-;   32;-;   25;-;    6;-; 1748;-; 1637;-;  100;-;   11;-;    1;-;    2;-;   10;-;   46;-;   32;-;    9;-
4607;5027;05;A;  52;100413; 2;w;24;  521;-; 1139;-;   38;-;   56;-;  476;-;  419;-;   52;-;    5;-;    4;-;    2;-;   11;-;   25;-;   18;-;    3;-; 1074;-;  978;-;   89;-;    7;-;    1;-;    5;-;    8;-;   43;-;   30;-;    8;-
4607;5027;05;A;  52;100414; 3;w;01;  248;-;  399;-;   29;-;   37;-;  218;-;  187;-;   31;-;    0;-;    0;-;    1;-;   11;-;   17;-;   13;-;    1;-;  361;-;  313;-;   45;-;    3;-;    0;-;    5;-;    4;-;   28;-;   17;-;    1;-
4607;5027;05;A;  52;100414; 3;w;02;  162;-;  188;-;   38;-;   23;-;  123;-;   98;-;   23;-;    2;-;    0;-;    1;-;   10;-;   27;-;   21;-;    1;-;  163;-;  139;-;   24;-;    0;-;    1;-;    0;-;    6;-;   17;-;   13;-;    1;-
4607;5027;05;A;  52;100414; 3;w;03;  151;-;  137;-;   47;-;   36;-;  103;-;   83;-;   19;-;    1;-;    0;-;    0;-;   10;-;   37;-;   23;-;    1;-;  100;-;   78;-;   22;-;    0;-;    0;-;    0;-;    9;-;   27;-;   17;-;    1;-
4607;5027;05;A;  52;100414; 3;w;04;  415;-;  234;-;   53;-;   76;-;  355;-;  318;-;   35;-;    2;-;    1;-;    2;-;   16;-;   35;-;   23;-;    6;-;  156;-;  127;-;   28;-;    1;-;    1;-;    0;-;   29;-;   47;-;   31;-;    1;-
4607;5027;05;A;  52;100414; 3;w;05;  866;-;  359;-;  114;-;   78;-;  743;-;  695;-;   42;-;    6;-;    2;-;    4;-;   42;-;   68;-;   50;-;    7;-;  279;-;  241;-;   38;-;    0;-;    1;-;    1;-;   25;-;   52;-;   35;-;    1;-
4607;5027;05;A;  52;100414; 3;w;06; 2351;-;  771;-;  141;-;  111;-; 2182;-; 2055;-;  111;-;   16;-;    3;-;    1;-;   65;-;   75;-;   59;-;   25;-;  652;-;  576;-;   70;-;    6;-;    4;-;    2;-;   33;-;   76;-;   53;-;    4;-
4607;5027;05;A;  52;100414; 3;w;07; 4809;-; 1938;-;  188;-;  168;-; 4575;-; 4320;-;  239;-;   16;-;   10;-;    5;-;   73;-;  110;-;   83;-;   36;-; 1752;-; 1601;-;  143;-;    8;-;   11;-;    1;-;   78;-;   89;-;   71;-;    7;-
4607;5027;05;A;  52;100414; 3;w;08; 6774;-; 3590;-;  232;-;  223;-; 6433;-; 6151;-;  254;-;   28;-;   21;-;    7;-;   96;-;  129;-;   99;-;   88;-; 3335;-; 3110;-;  216;-;    9;-;   16;-;    3;-;  111;-;  109;-;   81;-;   16;-
4607;5027;05;A;  52;100414; 3;w;09; 6217;-; 3950;-;  233;-;  239;-; 5927;-; 5704;-;  204;-;   19;-;   12;-;   17;-;   94;-;  122;-;   95;-;   45;-; 3689;-; 3448;-;  230;-;   11;-;    9;-;    8;-;  106;-;  125;-;   88;-;   13;-
4607;5027;05;A;  52;100414; 3;w;10; 4946;-; 2812;-;  256;-;  258;-; 4630;-; 4401;-;  218;-;   11;-;   18;-;   13;-;  100;-;  143;-;  102;-;   42;-; 2530;-; 2293;-;  228;-;    9;-;   12;-;    4;-;  132;-;  122;-;   96;-;   12;-
4607;5027;05;A;  52;100414; 3;w;11; 3814;-; 2419;-;  286;-;  291;-; 3497;-; 3276;-;  209;-;   12;-;   12;-;    3;-;  113;-;  170;-;  129;-;   19;-; 2106;-; 1882;-;  212;-;   12;-;   13;-;   17;-;  105;-;  169;-;  135;-;    9;-
4607;5027;05;A;  52;100414; 3;w;12; 2998;-; 2564;-;  234;-;  266;-; 2722;-; 2520;-;  194;-;    8;-;   14;-;    3;-;   95;-;  136;-;  108;-;   28;-; 2274;-; 2032;-;  236;-;    6;-;   12;-;    4;-;  108;-;  154;-;  110;-;   12;-
4607;5027;05;A;  52;100414; 3;w;13; 3136;-; 3105;-;  244;-;  246;-; 2865;-; 2666;-;  182;-;   17;-;   15;-;    4;-;   85;-;  155;-;  127;-;   12;-; 2830;-; 2588;-;  233;-;    9;-;   14;-;    3;-;  100;-;  143;-;  111;-;   15;-
4607;5027;05;A;  52;100414; 3;w;14; 3208;-; 3540;-;  232;-;  219;-; 2939;-; 2730;-;  195;-;   14;-;   19;-;   10;-;   83;-;  139;-;  115;-;   18;-; 3285;-; 3033;-;  243;-;    9;-;   18;-;    7;-;   98;-;  114;-;   84;-;   18;-
4607;5027;05;A;  52;100414; 3;w;15; 2987;-; 4427;-;  226;-;  225;-; 2731;-; 2519;-;  194;-;   18;-;   12;-;    6;-;   95;-;  125;-;   96;-;   18;-; 4165;-; 3909;-;  241;-;   15;-;   22;-;    7;-;   98;-;  120;-;   93;-;   15;-
4607;5027;05;A;  52;100414; 3;w;16; 3026;-; 5341;-;  223;-;  202;-; 2773;-; 2566;-;  193;-;   14;-;   15;-;    4;-;   93;-;  126;-;   96;-;   15;-; 5087;-; 4781;-;  289;-;   17;-;   30;-;    4;-;   84;-;  114;-;   89;-;   22;-
4607;5027;05;A;  52;100414; 3;w;17; 3323;-; 5905;-;  152;-;  214;-; 3147;-; 2948;-;  184;-;   15;-;    7;-;    6;-;   58;-;   88;-;   67;-;   17;-; 5651;-; 5399;-;  227;-;   25;-;   26;-;   10;-;   83;-;  121;-;   92;-;   14;-
4607;5027;05;A;  52;100414; 3;w;18; 3524;-; 6071;-;  144;-;  122;-; 3346;-; 3196;-;  136;-;   14;-;   15;-;    7;-;   53;-;   84;-;   61;-;   19;-; 5928;-; 5743;-;  167;-;   18;-;   13;-;    7;-;   34;-;   81;-;   60;-;    8;-
4607;5027;05;A;  52;100414; 3;w;19; 3332;-; 5547;-;   95;-;  123;-; 3201;-; 3059;-;  126;-;   16;-;   11;-;    3;-;   20;-;   72;-;   54;-;   25;-; 5396;-; 5200;-;  179;-;   17;-;   13;-;   12;-;   29;-;   82;-;   65;-;   15;-
4607;5027;05;A;  52;100414; 3;w;20; 2477;-; 3698;-;   79;-;   91;-; 2373;-; 2220;-;  143;-;   10;-;    6;-;    5;-;   14;-;   60;-;   46;-;   19;-; 3581;-; 3389;-;  184;-;    8;-;    4;-;    7;-;   20;-;   64;-;   52;-;   22;-
4607;5027;05;A;  52;100414; 3;w;21; 1698;-; 2286;-;   72;-;   77;-; 1600;-; 1452;-;  126;-;   22;-;    6;-;    3;-;   18;-;   51;-;   42;-;   20;-; 2187;-; 2034;-;  145;-;    8;-;    7;-;    8;-;   10;-;   59;-;   36;-;   15;-
4607;5027;05;A;  52;100414; 3;w;22; 1463;-; 1894;-;   55;-;   64;-; 1395;-; 1304;-;   82;-;    9;-;    2;-;    5;-;   15;-;   35;-;   24;-;   11;-; 1816;-; 1675;-;  135;-;    6;-;    2;-;    4;-;   14;-;   46;-;   30;-;   12;-
4607;5027;05;A;  52;100414; 3;w;23;  968;-; 1794;-;   51;-;   46;-;  907;-;  839;-;   67;-;    1;-;    4;-;    3;-;    8;-;   40;-;   33;-;    6;-; 1734;-; 1624;-;   96;-;   14;-;    4;-;    1;-;   10;-;   35;-;   28;-;   10;-
4607;5027;05;A;  52;100414; 3;w;24;  630;-; 1069;-;   41;-;   57;-;  584;-;  539;-;   41;-;    4;-;    1;-;    2;-;   11;-;   28;-;   17;-;    4;-; 1006;-;  928;-;   67;-;   11;-;    2;-;    3;-;    8;-;   46;-;   31;-;    4;-
4607;5027;05;A;  52;100415; 4;w;01;  295;-;  399;-;   38;-;   33;-;  253;-;  218;-;   35;-;    0;-;    2;-;    0;-;   13;-;   25;-;   20;-;    2;-;  360;-;  328;-;   31;-;    1;-;    2;-;    1;-;    4;-;   28;-;   15;-;    4;-
4607;5027;05;A;  52;100415; 4;w;02;  167;-;  210;-;   47;-;   34;-;  120;-;   99;-;   20;-;    1;-;    0;-;    2;-;   10;-;   35;-;   27;-;    0;-;  176;-;  145;-;   30;-;    1;-;    0;-;    0;-;    7;-;   27;-;   23;-;    0;-
4607;5027;05;A;  52;100415; 4;w;03;  149;-;  163;-;   52;-;   47;-;   97;-;   86;-;   11;-;    0;-;    0;-;    0;-;   10;-;   42;-;   27;-;    0;-;  115;-;   90;-;   25;-;    0;-;    0;-;    0;-;   12;-;   35;-;   22;-;    1;-
4607;5027;05;A;  52;100415; 4;w;04;  333;-;  202;-;   68;-;   61;-;  263;-;  231;-;   30;-;    2;-;    0;-;    0;-;   19;-;   49;-;   31;-;    2;-;  136;-;  116;-;   18;-;    2;-;    1;-;    0;-;   25;-;   36;-;   26;-;    4;-
4607;5027;05;A;  52;100415; 4;w;05;  874;-;  319;-;  103;-;   85;-;  760;-;  704;-;   53;-;    3;-;    2;-;    6;-;   40;-;   57;-;   41;-;    9;-;  233;-;  186;-;   47;-;    0;-;    1;-;    0;-;   37;-;   48;-;   38;-;    0;-
4607;5027;05;A;  52;100415; 4;w;06; 2602;-;  869;-;  171;-;  105;-; 2411;-; 2282;-;  103;-;   26;-;    3;-;    5;-;   60;-;  106;-;   80;-;   17;-;  760;-;  662;-;   87;-;   11;-;    2;-;    2;-;   31;-;   72;-;   61;-;    2;-
4607;5027;05;A;  52;100415; 4;w;07; 5174;-; 1966;-;  242;-;  159;-; 4885;-; 4592;-;  266;-;   27;-;   17;-;    5;-;   95;-;  142;-;  108;-;   30;-; 1789;-; 1625;-;  157;-;    7;-;   10;-;    5;-;   66;-;   88;-;   61;-;    8;-
4607;5027;05;A;  52;100415; 4;w;08; 6853;-; 3578;-;  242;-;  204;-; 6501;-; 6239;-;  230;-;   32;-;   37;-;   15;-;  103;-;  124;-;   90;-;   73;-; 3342;-; 3101;-;  229;-;   12;-;   13;-;    3;-;   91;-;  110;-;   80;-;   19;-
4607;5027;05;A;  52;100415; 4;w;09; 6456;-; 3956;-;  237;-;  237;-; 6177;-; 5949;-;  211;-;   17;-;   18;-;   13;-;   98;-;  126;-;  101;-;   24;-; 3686;-; 3441;-;  233;-;   12;-;   16;-;    8;-;  105;-;  124;-;   86;-;   17;-
4607;5027;05;A;  52;100415; 4;w;10; 5123;-; 2906;-;  285;-;  281;-; 4800;-; 4585;-;  197;-;   18;-;   12;-;   14;-;  116;-;  155;-;  123;-;   26;-; 2606;-; 2393;-;  203;-;   10;-;   10;-;    8;-;  128;-;  145;-;  115;-;    9;-
4607;5027;05;A;  52;100415; 4;w;11; 3586;-; 2400;-;  297;-;  248;-; 3247;-; 3045;-;  191;-;   11;-;   17;-;    6;-;  114;-;  177;-;  141;-;   25;-; 2125;-; 1919;-;  195;-;   11;-;   16;-;    8;-;   89;-;  151;-;  124;-;   11;-
4607;5027;05;A;  52;100415; 4;w;12; 2890;-; 2539;-;  261;-;  244;-; 2598;-; 2369;-;  219;-;   10;-;   18;-;    4;-;   99;-;  158;-;  121;-;   13;-; 2274;-; 2041;-;  224;-;    9;-;   15;-;    6;-;   85;-;  153;-;  113;-;    6;-
4607;5027;05;A;  52;100415; 4;w;13; 3006;-; 3048;-;  251;-;  245;-; 2725;-; 2531;-;  182;-;   12;-;   15;-;    5;-;   86;-;  160;-;  128;-;   15;-; 2765;-; 2514;-;  236;-;   15;-;   24;-;    2;-;  103;-;  140;-;  111;-;   14;-
4607;5027;05;A;  52;100415; 4;w;14; 3153;-; 3600;-;  239;-;  240;-; 2869;-; 2665;-;  185;-;   19;-;   22;-;    3;-;   94;-;  142;-;  116;-;   23;-; 3334;-; 3087;-;  235;-;   12;-;   21;-;    3;-;   93;-;  144;-;  104;-;    5;-
4607;5027;05;A;  52;100415; 4;w;15; 2898;-; 4344;-;  225;-;  244;-; 2628;-; 2419;-;  195;-;   14;-;   20;-;    6;-;   79;-;  140;-;  108;-;   25;-; 4074;-; 3785;-;  275;-;   14;-;   20;-;    7;-;   99;-;  138;-;  105;-;    6;-
4607;5027;05;A;  52;100415; 4;w;16; 3038;-; 5263;-;  187;-;  265;-; 2813;-; 2587;-;  203;-;   23;-;   17;-;    5;-;   68;-;  114;-;   93;-;   21;-; 4965;-; 4669;-;  275;-;   21;-;   25;-;    3;-;  114;-;  148;-;  114;-;    8;-
4607;5027;05;A;  52;100415; 4;w;17; 3350;-; 5687;-;  180;-;  205;-; 3126;-; 2917;-;  189;-;   20;-;   11;-;    3;-;   69;-;  108;-;   84;-;   33;-; 5454;-; 5223;-;  204;-;   27;-;   18;-;    6;-;   75;-;  124;-;   91;-;   10;-
4607;5027;05;A;  52;100415; 4;w;18; 3751;-; 5949;-;  139;-;  166;-; 3584;-; 3419;-;  142;-;   23;-;   13;-;    1;-;   42;-;   96;-;   72;-;   15;-; 5750;-; 5560;-;  158;-;   32;-;   21;-;    4;-;   59;-;  103;-;   74;-;   12;-
4607;5027;05;A;  52;100415; 4;w;19; 3302;-; 5997;-;   99;-;  129;-; 3168;-; 3026;-;  118;-;   24;-;    6;-;    1;-;   27;-;   71;-;   52;-;   29;-; 5832;-; 5685;-;  124;-;   23;-;   21;-;   12;-;   32;-;   85;-;   65;-;   15;-
4607;5027;05;A;  52;100415; 4;w;20; 2517;-; 3754;-;   82;-;   81;-; 2413;-; 2273;-;  128;-;   12;-;    9;-;    9;-;   15;-;   58;-;   45;-;   13;-; 3641;-; 3430;-;  184;-;   27;-;   11;-;    4;-;   20;-;   57;-;   40;-;   21;-
4607;5027;05;A;  52;100415; 4;w;21; 1682;-; 2468;-;   62;-;   82;-; 1597;-; 1475;-;  106;-;   16;-;    3;-;    4;-;   18;-;   40;-;   26;-;   20;-; 2360;-; 2206;-;  137;-;   17;-;    7;-;    9;-;   19;-;   54;-;   34;-;   19;-
4607;5027;05;A;  52;100415; 4;w;22; 1438;-; 1996;-;   57;-;   59;-; 1367;-; 1266;-;   95;-;    6;-;    3;-;    5;-;   14;-;   38;-;   28;-;   11;-; 1929;-; 1813;-;  107;-;    9;-;    1;-;    9;-;    7;-;   43;-;   34;-;    7;-
4607;5027;05;A;  52;100415; 4;w;23;  947;-; 1513;-;   51;-;   54;-;  885;-;  819;-;   64;-;    2;-;    1;-;    1;-;   15;-;   35;-;   25;-;   10;-; 1450;-; 1353;-;   79;-;   18;-;    4;-;    1;-;    8;-;   45;-;   35;-;    5;-
4607;5027;05;A;  52;100415; 4;w;24;  650;-;  982;-;   52;-;   47;-;  594;-;  538;-;   54;-;    2;-;    3;-;    3;-;   13;-;   36;-;   26;-;    1;-;  932;-;  869;-;   57;-;    6;-;    0;-;    1;-;   12;-;   34;-;   20;-;    3;-
4607;5027;05;A;  52;100416; 5;w;01;  326;-;  598;-;   31;-;   35;-;  294;-;  253;-;   40;-;    1;-;    0;-;    1;-;   10;-;   20;-;   13;-;    1;-;  559;-;  499;-;   60;-;    0;-;    1;-;    9;-;    4;-;   22;-;   13;-;    3;-
4607;5027;05;A;  52;100416; 5;w;02;  239;-;  252;-;   45;-;   35;-;  191;-;  165;-;   23;-;    3;-;    1;-;    1;-;    8;-;   36;-;   30;-;    2;-;  215;-;  192;-;   22;-;    1;-;    2;-;    0;-;    6;-;   29;-;   20;-;    0;-
4607;5027;05;A;  52;100416; 5;w;03;  191;-;  189;-;   49;-;   33;-;  139;-;  118;-;   20;-;    1;-;    1;-;    1;-;    9;-;   39;-;   23;-;    2;-;  154;-;  123;-;   31;-;    0;-;    2;-;    1;-;    7;-;   25;-;   20;-;    0;-
4607;5027;05;A;  52;100416; 5;w;04;  493;-;  253;-;   76;-;   57;-;  410;-;  370;-;   40;-;    0;-;    4;-;    1;-;   26;-;   49;-;   35;-;    3;-;  193;-;  167;-;   25;-;    1;-;    2;-;    0;-;   29;-;   28;-;   21;-;    1;-
4607;5027;05;A;  52;100416; 5;w;05;  899;-;  440;-;  121;-;   96;-;  772;-;  701;-;   65;-;    6;-;    1;-;    9;-;   44;-;   68;-;   45;-;    5;-;  342;-;  292;-;   50;-;    0;-;    1;-;    3;-;   34;-;   59;-;   35;-;    1;-
4607;5027;05;A;  52;100416; 5;w;06; 2203;-;  852;-;  186;-;  129;-; 1994;-; 1863;-;  113;-;   18;-;    4;-;    4;-;   65;-;  117;-;   94;-;   19;-;  717;-;  630;-;   78;-;    9;-;    3;-;    3;-;   44;-;   82;-;   51;-;    3;-
4607;5027;05;A;  52;100416; 5;w;07; 5063;-; 1941;-;  264;-;  148;-; 4766;-; 4478;-;  258;-;   30;-;   14;-;    2;-;  115;-;  147;-;  107;-;   19;-; 1773;-; 1619;-;  144;-;   10;-;    9;-;    5;-;   66;-;   77;-;   58;-;   11;-
4607;5027;05;A;  52;100416; 5;w;08; 6491;-; 3512;-;  253;-;  241;-; 6189;-; 5954;-;  194;-;   41;-;   20;-;    9;-;  117;-;  127;-;   98;-;   29;-; 3247;-; 3037;-;  199;-;   11;-;   10;-;    4;-;   93;-;  144;-;  104;-;   14;-
4607;5027;05;A;  52;100416; 5;w;09; 5944;-; 3656;-;  257;-;  283;-; 5628;-; 5385;-;  217;-;   26;-;   13;-;   20;-;  103;-;  134;-;  107;-;   46;-; 3340;-; 3144;-;  187;-;    9;-;   12;-;    8;-;  136;-;  139;-;  103;-;   21;-
4607;5027;05;A;  52;100416; 5;w;10; 3980;-; 2755;-;  283;-;  273;-; 3652;-; 3422;-;  211;-;   19;-;   21;-;   12;-;  105;-;  166;-;  126;-;   24;-; 2460;-; 2222;-;  232;-;    6;-;   13;-;    7;-;  106;-;  160;-;  124;-;    9;-
4607;5027;05;A;  52;100416; 5;w;11; 2896;-; 2508;-;  276;-;  283;-; 2588;-; 2388;-;  189;-;   11;-;   19;-;    5;-;  117;-;  154;-;  116;-;   13;-; 2205;-; 1984;-;  214;-;    7;-;   13;-;    7;-;  112;-;  164;-;  130;-;    7;-
4607;5027;05;A;  52;100416; 5;w;12; 2710;-; 2804;-;  247;-;  263;-; 2405;-; 2199;-;  196;-;   10;-;   22;-;    5;-;  104;-;  138;-;  106;-;   36;-; 2510;-; 2237;-;  264;-;    9;-;   21;-;    6;-;  105;-;  152;-;  112;-;   10;-
4607;5027;05;A;  52;100416; 5;w;13; 2926;-; 3606;-;  261;-;  279;-; 2623;-; 2402;-;  211;-;   10;-;   19;-;    4;-;  100;-;  157;-;  122;-;   23;-; 3295;-; 3005;-;  276;-;   14;-;   17;-;    7;-;  114;-;  158;-;  123;-;   15;-
4607;5027;05;A;  52;100416; 5;w;14; 3237;-; 4266;-;  221;-;  240;-; 2976;-; 2781;-;  179;-;   16;-;   20;-;    3;-;   95;-;  123;-;   98;-;   20;-; 3998;-; 3745;-;  242;-;   11;-;   19;-;    6;-;  108;-;  126;-;   88;-;    9;-
4607;5027;05;A;  52;100416; 5;w;15; 3072;-; 5206;-;  251;-;  257;-; 2775;-; 2551;-;  210;-;   14;-;   17;-;    3;-;   78;-;  170;-;  135;-;   29;-; 4895;-; 4635;-;  240;-;   20;-;   32;-;    8;-;  124;-;  125;-;   96;-;   22;-
4607;5027;05;A;  52;100416; 5;w;16; 3334;-; 5319;-;  212;-;  196;-; 3068;-; 2853;-;  197;-;   18;-;   17;-;    1;-;   92;-;  119;-;   95;-;   37;-; 5090;-; 4858;-;  210;-;   22;-;   25;-;    8;-;   72;-;  116;-;   83;-;    8;-
4607;5027;05;A;  52;100416; 5;w;17; 3393;-; 5403;-;  177;-;  171;-; 3174;-; 2964;-;  189;-;   21;-;   14;-;    6;-;   80;-;   91;-;   78;-;   28;-; 5201;-; 4987;-;  193;-;   21;-;   13;-;    8;-;   58;-;  105;-;   81;-;   18;-
4607;5027;05;A;  52;100416; 5;w;18; 3107;-; 5033;-;  108;-;  120;-; 2965;-; 2807;-;  146;-;   12;-;   16;-;    5;-;   45;-;   58;-;   42;-;   18;-; 4864;-; 4643;-;  193;-;   28;-;   26;-;   10;-;   34;-;   76;-;   52;-;   23;-
4607;5027;05;A;  52;100416; 5;w;19; 3073;-; 4323;-;  120;-;   91;-; 2910;-; 2741;-;  145;-;   24;-;   10;-;   14;-;   38;-;   68;-;   47;-;   33;-; 4213;-; 4022;-;  170;-;   21;-;   10;-;    3;-;   32;-;   56;-;   45;-;    9;-
4607;5027;05;A;  52;100416; 5;w;20; 2198;-; 3029;-;   63;-;   84;-; 2101;-; 1975;-;  114;-;   12;-;   12;-;    3;-;   22;-;   38;-;   27;-;   22;-; 2918;-; 2744;-;  157;-;   17;-;   11;-;    8;-;   34;-;   42;-;   33;-;   16;-
4607;5027;05;A;  52;100416; 5;w;21; 1640;-; 1966;-;   59;-;   74;-; 1563;-; 1451;-;  102;-;   10;-;    7;-;    4;-;   20;-;   35;-;   28;-;   11;-; 1875;-; 1752;-;  109;-;   14;-;    8;-;    7;-;   20;-;   47;-;   26;-;    9;-
4607;5027;05;A;  52;100416; 5;w;22; 1235;-; 1540;-;   45;-;   86;-; 1177;-; 1077;-;   95;-;    5;-;    5;-;    8;-;    8;-;   29;-;   20;-;    8;-; 1443;-; 1348;-;   89;-;    6;-;    9;-;    2;-;   31;-;   53;-;   35;-;    2;-
4607;5027;05;A;  52;100416; 5;w;23;  916;-; 1330;-;   38;-;   72;-;  862;-;  808;-;   49;-;    5;-;    3;-;    5;-;    7;-;   26;-;   22;-;   13;-; 1248;-; 1172;-;   72;-;    4;-;    4;-;    2;-;   32;-;   38;-;   24;-;    6;-
4607;5027;05;A;  52;100416; 5;w;24;  784;-;  909;-;   26;-;   58;-;  754;-;  709;-;   42;-;    3;-;    1;-;    3;-;    6;-;   17;-;   12;-;    3;-;  844;-;  785;-;   53;-;    6;-;    2;-;    5;-;   19;-;   34;-;   27;-;    5;-
4607;5027;05;A;  52;100417; 6;w;01;  526;-;  676;-;   36;-;   43;-;  481;-;  446;-;   33;-;    2;-;    2;-;    2;-;   13;-;   21;-;   15;-;    7;-;  629;-;  575;-;   47;-;    7;-;    0;-;    5;-;    6;-;   32;-;   25;-;    4;-
4607;5027;05;A;  52;100417; 6;w;02;  347;-;  452;-;   34;-;   27;-;  309;-;  282;-;   27;-;    0;-;    3;-;    1;-;   13;-;   20;-;   13;-;    1;-;  422;-;  389;-;   31;-;    2;-;    2;-;    0;-;    5;-;   22;-;   18;-;    1;-
4607;5027;05;A;  52;100417; 6;w;03;  244;-;  269;-;   39;-;   28;-;  203;-;  186;-;   17;-;    0;-;    0;-;    2;-;    9;-;   28;-;   15;-;    2;-;  239;-;  220;-;   16;-;    3;-;    1;-;    1;-;   11;-;   16;-;   10;-;    1;-
4607;5027;05;A;  52;100417; 6;w;04;  293;-;  257;-;   32;-;   34;-;  258;-;  236;-;   20;-;    2;-;    1;-;    0;-;    7;-;   25;-;   14;-;    2;-;  222;-;  196;-;   26;-;    0;-;    1;-;    1;-;   15;-;   18;-;   11;-;    0;-
4607;5027;05;A;  52;100417; 6;w;05;  375;-;  269;-;   55;-;   44;-;  314;-;  288;-;   23;-;    3;-;    0;-;    2;-;   27;-;   26;-;   15;-;    6;-;  224;-;  202;-;   22;-;    0;-;    1;-;    1;-;   26;-;   17;-;   12;-;    0;-
4607;5027;05;A;  52;100417; 6;w;06;  719;-;  388;-;   48;-;   36;-;  657;-;  588;-;   63;-;    6;-;    7;-;    2;-;   26;-;   20;-;   14;-;    7;-;  344;-;  309;-;   34;-;    1;-;    6;-;    0;-;   20;-;   16;-;    9;-;    2;-
4607;5027;05;A;  52;100417; 6;w;07;  727;-;  595;-;   67;-;   50;-;  641;-;  531;-;  107;-;    3;-;   12;-;    5;-;   29;-;   33;-;   27;-;    7;-;  533;-;  457;-;   73;-;    3;-;   11;-;    3;-;   26;-;   21;-;   15;-;    1;-
4607;5027;05;A;  52;100417; 6;w;08;  999;-;  904;-;   70;-;   69;-;  913;-;  804;-;  106;-;    3;-;   11;-;    4;-;   47;-;   19;-;   15;-;    5;-;  823;-;  729;-;   91;-;    3;-;    9;-;    4;-;   36;-;   29;-;   22;-;    3;-
4607;5027;05;A;  52;100417; 6;w;09; 1577;-; 1535;-;   67;-;   74;-; 1485;-; 1337;-;  135;-;   13;-;   15;-;    3;-;   43;-;   21;-;   19;-;   10;-; 1439;-; 1313;-;  117;-;    9;-;   12;-;    7;-;   47;-;   20;-;   13;-;   10;-
4607;5027;05;A;  52;100417; 6;w;10; 2127;-; 1867;-;   76;-;   66;-; 2013;-; 1862;-;  136;-;   15;-;   14;-;    8;-;   39;-;   29;-;   22;-;   24;-; 1784;-; 1653;-;  120;-;   11;-;   10;-;    3;-;   31;-;   32;-;   24;-;    7;-
4607;5027;05;A;  52;100417; 6;w;11; 2253;-; 2101;-;   47;-;   66;-; 2177;-; 2035;-;  127;-;   15;-;   16;-;    0;-;   27;-;   20;-;   16;-;   13;-; 2023;-; 1877;-;  128;-;   18;-;    9;-;    7;-;   38;-;   21;-;   16;-;    3;-
4607;5027;05;A;  52;100417; 6;w;12; 2308;-; 2210;-;   36;-;   37;-; 2235;-; 2105;-;  112;-;   18;-;   17;-;    2;-;   25;-;    9;-;    6;-;   20;-; 2145;-; 1984;-;  142;-;   19;-;   18;-;    2;-;   16;-;   19;-;   14;-;   10;-
4607;5027;05;A;  52;100417; 6;w;13; 2485;-; 2551;-;   51;-;   56;-; 2404;-; 2264;-;  115;-;   25;-;   13;-;    8;-;   26;-;   17;-;   14;-;   17;-; 2474;-; 2304;-;  145;-;   25;-;   13;-;    4;-;   33;-;   19;-;   15;-;    8;-
4607;5027;05;A;  52;100417; 6;w;14; 2558;-; 2995;-;   25;-;   58;-; 2492;-; 2360;-;  102;-;   30;-;   20;-;    1;-;   15;-;    9;-;    6;-;   21;-; 2899;-; 2726;-;  145;-;   28;-;   22;-;    4;-;   36;-;   18;-;   15;-;   16;-
4607;5027;05;A;  52;100417; 6;w;15; 2446;-; 2945;-;   29;-;   60;-; 2393;-; 2258;-;  104;-;   31;-;   13;-;    0;-;   19;-;   10;-;    8;-;   11;-; 2854;-; 2680;-;  140;-;   34;-;   17;-;    2;-;   39;-;   19;-;   16;-;   14;-
4607;5027;05;A;  52;100417; 6;w;16; 2342;-; 2631;-;   41;-;   38;-; 2269;-; 2151;-;   93;-;   25;-;   14;-;    2;-;   24;-;   15;-;   12;-;   18;-; 2559;-; 2398;-;  126;-;   35;-;   22;-;    2;-;   22;-;   14;-;   13;-;   12;-
4607;5027;05;A;  52;100417; 6;w;17; 2129;-; 2378;-;   25;-;   21;-; 2077;-; 1949;-;   92;-;   36;-;   14;-;    4;-;   15;-;    6;-;    4;-;   13;-; 2334;-; 2197;-;  115;-;   22;-;   15;-;    0;-;   14;-;    7;-;    6;-;    8;-
4607;5027;05;A;  52;100417; 6;w;18; 2239;-; 2256;-;   26;-;   13;-; 2185;-; 2053;-;  105;-;   27;-;   14;-;    5;-;   13;-;    8;-;    6;-;   14;-; 2220;-; 2072;-;  124;-;   24;-;   12;-;    1;-;    8;-;    4;-;    3;-;   11;-
4607;5027;05;A;  52;100417; 6;w;19; 2510;-; 2319;-;   36;-;   26;-; 2453;-; 2321;-;  104;-;   28;-;    6;-;    8;-;   12;-;   16;-;   14;-;   15;-; 2280;-; 2156;-;   95;-;   29;-;    8;-;    7;-;   14;-;    5;-;    4;-;    5;-
4607;5027;05;A;  52;100417; 6;w;20; 1979;-; 1824;-;   21;-;   17;-; 1939;-; 1812;-;  106;-;   21;-;    9;-;    3;-;   12;-;    6;-;    4;-;   10;-; 1791;-; 1686;-;   87;-;   18;-;    9;-;    5;-;    6;-;    6;-;    4;-;    7;-
4607;5027;05;A;  52;100417; 6;w;21; 1499;-; 1447;-;   23;-;   15;-; 1446;-; 1356;-;   75;-;   15;-;    4;-;    7;-;    7;-;    9;-;    8;-;   26;-; 1422;-; 1326;-;   85;-;   11;-;    4;-;    3;-;   12;-;    0;-;    0;-;    6;-
4607;5027;05;A;  52;100417; 6;w;22; 1042;-; 1040;-;   13;-;   13;-; 1019;-;  958;-;   57;-;    4;-;    6;-;    6;-;    2;-;    5;-;    5;-;    4;-; 1022;-;  957;-;   57;-;    8;-;    1;-;    0;-;   11;-;    2;-;    1;-;    4;-
4607;5027;05;A;  52;100417; 6;w;23;  946;-;  980;-;   14;-;   12;-;  923;-;  876;-;   45;-;    2;-;    2;-;    5;-;    6;-;    3;-;    3;-;    7;-;  960;-;  927;-;   30;-;    3;-;    3;-;    2;-;    4;-;    6;-;    6;-;    5;-
4607;5027;05;A;  52;100417; 6;w;24;  868;-;  833;-;    3;-;    7;-;  856;-;  814;-;   38;-;    4;-;    5;-;    0;-;    2;-;    1;-;    1;-;    4;-;  822;-;  777;-;   43;-;    2;-;    1;-;    2;-;    4;-;    1;-;    1;-;    3;-
4607;5027;05;A;  52;100418; 7;s;01;  685;-;  714;-;    3;-;    4;-;  678;-;  640;-;   34;-;    4;-;    1;-;    1;-;    2;-;    0;-;    0;-;    3;-;  707;-;  673;-;   31;-;    3;-;    0;-;    1;-;    2;-;    1;-;    1;-;    3;-
4607;5027;05;A;  52;100418; 7;s;02;  524;-;  540;-;    6;-;    6;-;  515;-;  490;-;   24;-;    1;-;    1;-;    3;-;    1;-;    2;-;    1;-;    2;-;  532;-;  508;-;   23;-;    1;-;    0;-;    4;-;    2;-;    0;-;    0;-;    2;-
4607;5027;05;A;  52;100418; 7;s;03;  296;-;  329;-;    8;-;    5;-;  287;-;  266;-;   20;-;    1;-;    0;-;    1;-;    6;-;    1;-;    1;-;    1;-;  322;-;  304;-;   18;-;    0;-;    1;-;    1;-;    2;-;    2;-;    2;-;    1;-
4607;5027;05;A;  52;100418; 7;s;04;  279;-;  242;-;    9;-;   10;-;  268;-;  248;-;   17;-;    3;-;    1;-;    0;-;    3;-;    6;-;    6;-;    1;-;  232;-;  218;-;   14;-;    0;-;    0;-;    3;-;    6;-;    1;-;    1;-;    0;-
4607;5027;05;A;  52;100418; 7;s;05;  262;-;  205;-;    8;-;    5;-;  249;-;  235;-;   13;-;    1;-;    1;-;    3;-;    4;-;    1;-;    1;-;    4;-;  199;-;  184;-;   14;-;    1;-;    0;-;    0;-;    4;-;    1;-;    1;-;    1;-
4607;5027;05;A;  52;100418; 7;s;06;  492;-;  272;-;   13;-;    2;-;  469;-;  439;-;   21;-;    9;-;    8;-;    1;-;   10;-;    2;-;    1;-;    2;-;  268;-;  248;-;   19;-;    1;-;    1;-;    0;-;    1;-;    1;-;    1;-;    1;-
4607;5027;05;A;  52;100418; 7;s;07;  406;-;  331;-;   15;-;   11;-;  373;-;  327;-;   45;-;    1;-;   16;-;    3;-;    5;-;    7;-;    6;-;    2;-;  313;-;  285;-;   25;-;    3;-;    5;-;    5;-;    4;-;    2;-;    2;-;    2;-
4607;5027;05;A;  52;100418; 7;s;08;  428;-;  431;-;   22;-;   13;-;  394;-;  321;-;   62;-;   11;-;   11;-;    4;-;   15;-;    3;-;    3;-;    1;-;  413;-;  369;-;   42;-;    2;-;    5;-;    4;-;    8;-;    1;-;    1;-;    0;-
4607;5027;05;A;  52;100418; 7;s;09;  685;-;  739;-;   21;-;   19;-;  647;-;  584;-;   60;-;    3;-;   11;-;    3;-;   11;-;    7;-;    7;-;    6;-;  719;-;  673;-;   42;-;    4;-;    1;-;    5;-;    6;-;    8;-;    8;-;    0;-
4607;5027;05;A;  52;100418; 7;s;10; 1157;-; 1004;-;   12;-;   16;-; 1126;-; 1021;-;   92;-;   13;-;   10;-;    2;-;    5;-;    5;-;    4;-;    9;-;  974;-;  907;-;   56;-;   11;-;    5;-;    4;-;    8;-;    4;-;    3;-;    9;-
4607;5027;05;A;  52;100418; 7;s;11; 1420;-; 1426;-;   11;-;   14;-; 1392;-; 1301;-;   66;-;   25;-;    8;-;    1;-;    7;-;    3;-;    3;-;    9;-; 1399;-; 1293;-;   80;-;   26;-;    8;-;    3;-;    3;-;    8;-;    7;-;    5;-
4607;5027;05;A;  52;100418; 7;s;12; 1809;-; 1739;-;   18;-;   15;-; 1767;-; 1662;-;   74;-;   31;-;   10;-;    3;-;    9;-;    6;-;    5;-;   14;-; 1708;-; 1586;-;   86;-;   36;-;    8;-;    2;-;    9;-;    4;-;    4;-;    8;-
4607;5027;05;A;  52;100418; 7;s;13; 2232;-; 1980;-;    7;-;   15;-; 2195;-; 2073;-;   74;-;   48;-;   17;-;    1;-;    4;-;    2;-;    2;-;   13;-; 1950;-; 1820;-;   85;-;   45;-;   11;-;    2;-;    7;-;    6;-;    5;-;    4;-
4607;5027;05;A;  52;100418; 7;s;14; 2203;-; 2245;-;   18;-;   19;-; 2169;-; 2034;-;   81;-;   54;-;    6;-;    4;-;   10;-;    4;-;    3;-;   10;-; 2210;-; 2071;-;   93;-;   46;-;    8;-;    2;-;   12;-;    5;-;    3;-;    8;-
4607;5027;05;A;  52;100418; 7;s;15; 2280;-; 2152;-;   13;-;   22;-; 2234;-; 2111;-;   82;-;   41;-;    6;-;    1;-;    7;-;    5;-;    5;-;   27;-; 2113;-; 1995;-;   78;-;   40;-;    8;-;    1;-;   11;-;   10;-;    6;-;    9;-
4607;5027;05;A;  52;100418; 7;s;16; 2084;-; 2082;-;   10;-;   17;-; 2048;-; 1914;-;  103;-;   31;-;   12;-;    0;-;    6;-;    4;-;    3;-;   14;-; 2053;-; 1932;-;   94;-;   27;-;    7;-;    5;-;    6;-;    6;-;    5;-;    5;-
4607;5027;05;A;  52;100418; 7;s;17; 2014;-; 2179;-;   13;-;   20;-; 1982;-; 1862;-;   72;-;   48;-;   10;-;    3;-;    9;-;    1;-;    1;-;    9;-; 2136;-; 2008;-;  102;-;   26;-;   15;-;    4;-;   11;-;    5;-;    4;-;    8;-
4607;5027;05;A;  52;100418; 7;s;18; 2385;-; 2291;-;   27;-;   27;-; 2337;-; 2200;-;   97;-;   40;-;    8;-;    2;-;   10;-;   15;-;   11;-;   13;-; 2222;-; 2116;-;   82;-;   24;-;   36;-;    8;-;   12;-;    7;-;    6;-;    6;-
4607;5027;05;A;  52;100418; 7;s;19; 2336;-; 2167;-;   28;-;   34;-; 2289;-; 2166;-;  100;-;   23;-;    7;-;    5;-;   14;-;    9;-;    7;-;   12;-; 2090;-; 1961;-;  107;-;   22;-;   34;-;    2;-;   20;-;   12;-;   10;-;    9;-
4607;5027;05;A;  52;100418; 7;s;20; 2107;-; 1898;-;   20;-;   34;-; 2056;-; 1943;-;   94;-;   19;-;   11;-;    3;-;   11;-;    6;-;    4;-;   20;-; 1829;-; 1707;-;   92;-;   30;-;   26;-;    6;-;   12;-;   16;-;   11;-;    9;-
4607;5027;05;A;  52;100418; 7;s;21; 1840;-; 1431;-;   27;-;   14;-; 1788;-; 1683;-;   84;-;   21;-;    8;-;    6;-;   11;-;   10;-;    8;-;   17;-; 1402;-; 1311;-;   77;-;   14;-;   10;-;    3;-;    7;-;    4;-;    3;-;    5;-
4607;5027;05;A;  52;100418; 7;s;22; 1520;-; 1078;-;   23;-;   16;-; 1484;-; 1409;-;   64;-;   11;-;    3;-;    3;-;   12;-;    8;-;    7;-;   10;-; 1058;-; 1023;-;   31;-;    4;-;    2;-;    4;-;    4;-;    8;-;    7;-;    2;-
4607;5027;05;A;  52;100418; 7;s;23;  865;-;  765;-;   42;-;   32;-;  816;-;  759;-;   53;-;    4;-;    6;-;    2;-;    9;-;   31;-;   26;-;    1;-;  727;-;  682;-;   36;-;    9;-;    4;-;    1;-;    6;-;   25;-;   18;-;    2;-
4607;5027;05;A;  52;100418; 7;s;24;  481;-;  435;-;   29;-;   39;-;  445;-;  397;-;   46;-;    2;-;    5;-;    1;-;   10;-;   18;-;   11;-;    2;-;  391;-;  360;-;   26;-;    5;-;    4;-;    3;-;   14;-;   22;-;   17;-;    1;-
4607;5027;05;A;  52;100419; 1;w;01;  289;-;  247;-;   29;-;   30;-;  258;-;  217;-;   40;-;    1;-;    2;-;    1;-;    8;-;   20;-;   15;-;    0;-;  214;-;  188;-;   25;-;    1;-;    0;-;    2;-;    5;-;   23;-;   20;-;    3;-
4607;5027;05;A;  52;100419; 1;w;02;  126;-;  160;-;   35;-;   24;-;   87;-;   77;-;    9;-;    1;-;    3;-;    0;-;    6;-;   29;-;   22;-;    1;-;  135;-;  119;-;   15;-;    1;-;    1;-;    1;-;    2;-;   21;-;   17;-;    0;-
4607;5027;05;A;  52;100419; 1;w;03;  134;-;  114;-;   43;-;   30;-;   91;-;   77;-;   13;-;    1;-;    0;-;    0;-;   11;-;   32;-;   20;-;    0;-;   84;-;   71;-;   13;-;    0;-;    0;-;    0;-;    9;-;   21;-;   16;-;    0;-
4607;5027;05;A;  52;100419; 1;w;04;  220;-;  151;-;   51;-;   50;-;  168;-;  144;-;   22;-;    2;-;    1;-;    1;-;   19;-;   31;-;   23;-;    0;-;  101;-;   85;-;   15;-;    1;-;    0;-;    1;-;   21;-;   28;-;   19;-;    0;-
4607;5027;05;A;  52;100419; 1;w;05;  589;-;  235;-;   93;-;   88;-;  491;-;  451;-;   32;-;    8;-;    0;-;    4;-;   41;-;   48;-;   37;-;    5;-;  145;-;  127;-;   18;-;    0;-;    1;-;    1;-;   41;-;   46;-;   31;-;    1;-
4607;5027;05;A;  52;100419; 1;w;06; 2178;-;  683;-;  178;-;  103;-; 1985;-; 1856;-;  105;-;   24;-;    4;-;    5;-;   75;-;   98;-;   78;-;   11;-;  573;-;  522;-;   43;-;    8;-;    7;-;    2;-;   35;-;   66;-;   51;-;    0;-
4607;5027;05;A;  52;100419; 1;w;07; 5211;-; 1990;-;  254;-;  171;-; 4924;-; 4639;-;  259;-;   26;-;   15;-;    4;-;  101;-;  149;-;  114;-;   18;-; 1804;-; 1647;-;  148;-;    9;-;    4;-;    6;-;   71;-;   94;-;   78;-;   11;-
4607;5027;05;A;  52;100419; 1;w;08; 6713;-; 3498;-;  266;-;  186;-; 6395;-; 6144;-;  231;-;   20;-;   19;-;   12;-;  103;-;  151;-;  118;-;   33;-; 3289;-; 3087;-;  188;-;   14;-;    9;-;    6;-;   93;-;   87;-;   57;-;   14;-
4607;5027;05;A;  52;100419; 1;w;09; 5905;-; 3731;-;  254;-;  270;-; 5605;-; 5373;-;  213;-;   19;-;   25;-;    9;-;  104;-;  141;-;  112;-;   21;-; 3428;-; 3218;-;  201;-;    9;-;   23;-;    9;-;  123;-;  138;-;  103;-;   10;-
4607;5027;05;A;  52;100419; 1;w;10; 4163;-; 2431;-;  280;-;  264;-; 3841;-; 3637;-;  189;-;   15;-;   20;-;   11;-;   92;-;  177;-;  138;-;   22;-; 2151;-; 1952;-;  192;-;    7;-;    6;-;    9;-;  114;-;  141;-;  107;-;   10;-
4607;5027;05;A;  52;100419; 1;w;11; 2962;-; 2140;-;  280;-;  267;-; 2638;-; 2394;-;  236;-;    8;-;   18;-;    5;-;  107;-;  168;-;  133;-;   26;-; 1850;-; 1655;-;  185;-;   10;-;   12;-;    5;-;  122;-;  140;-;  116;-;   11;-
4607;5027;05;A;  52;100419; 1;w;12; 2525;-; 2274;-;  302;-;  283;-; 2193;-; 1985;-;  202;-;    6;-;   17;-;    8;-;  125;-;  169;-;  133;-;   13;-; 1970;-; 1761;-;  204;-;    5;-;   13;-;    6;-;  106;-;  171;-;  134;-;    8;-
4607;5027;05;A;  52;100419; 1;w;13; 2657;-; 2663;-;  255;-;  238;-; 2363;-; 2166;-;  193;-;    4;-;   21;-;    4;-;   97;-;  154;-;  132;-;   18;-; 2405;-; 2170;-;  223;-;   12;-;   11;-;    7;-;   97;-;  134;-;  105;-;    9;-
4607;5027;05;A;  52;100419; 1;w;14; 2687;-; 3143;-;  258;-;  272;-; 2403;-; 2228;-;  164;-;   11;-;   15;-;    3;-;  103;-;  152;-;  126;-;   11;-; 2842;-; 2584;-;  237;-;   21;-;   16;-;    6;-;  106;-;  160;-;  120;-;   13;-
4607;5027;05;A;  52;100419; 1;w;15; 2435;-; 3543;-;  209;-;  242;-; 2195;-; 1989;-;  194;-;   12;-;   14;-;    2;-;   98;-;  109;-;   85;-;   17;-; 3280;-; 3037;-;  224;-;   19;-;   15;-;    3;-;  102;-;  137;-;  110;-;    6;-
4607;5027;05;A;  52;100419; 1;w;16; 2584;-; 4732;-;  206;-;  258;-; 2346;-; 2146;-;  183;-;   17;-;   15;-;    3;-;   82;-;  121;-;  100;-;   17;-; 4439;-; 4092;-;  317;-;   30;-;   23;-;    6;-;  119;-;  133;-;  100;-;   12;-
4607;5027;05;A;  52;100419; 1;w;17; 2892;-; 5464;-;  160;-;  180;-; 2695;-; 2500;-;  177;-;   18;-;   13;-;    7;-;   57;-;   96;-;   68;-;   24;-; 5244;-; 4977;-;  241;-;   26;-;   21;-;    8;-;   66;-;  106;-;   81;-;   19;-
4607;5027;05;A;  52;100419; 1;w;18; 3178;-; 5686;-;  138;-;  144;-; 3009;-; 2851;-;  137;-;   21;-;   12;-;    1;-;   41;-;   96;-;   71;-;   19;-; 5509;-; 5292;-;  189;-;   28;-;   15;-;    6;-;   37;-;  101;-;   76;-;   18;-
4607;5027;05;A;  52;100419; 1;w;19; 2934;-; 4526;-;   86;-;  105;-; 2827;-; 2670;-;  135;-;   22;-;    7;-;    2;-;   26;-;   58;-;   44;-;   14;-; 4390;-; 4196;-;  170;-;   24;-;   13;-;    4;-;   29;-;   72;-;   61;-;   18;-
4607;5027;05;A;  52;100419; 1;w;20; 2064;-; 2784;-;   87;-;   73;-; 1950;-; 1829;-;  109;-;   12;-;    6;-;    4;-;   21;-;   62;-;   47;-;   21;-; 2679;-; 2513;-;  151;-;   15;-;   14;-;    3;-;   16;-;   54;-;   47;-;   18;-
4607;5027;05;A;  52;100419; 1;w;21; 1425;-; 1728;-;   61;-;   64;-; 1348;-; 1244;-;   88;-;   16;-;    6;-;    5;-;   10;-;   46;-;   30;-;   10;-; 1649;-; 1536;-;  104;-;    9;-;    8;-;    8;-;   10;-;   46;-;   29;-;    7;-
4607;5027;05;A;  52;100419; 1;w;22; 1146;-; 1438;-;   42;-;   58;-; 1093;-; 1025;-;   63;-;    5;-;    3;-;    2;-;    8;-;   32;-;   24;-;    8;-; 1370;-; 1272;-;   85;-;   13;-;    1;-;    2;-;   15;-;   41;-;   25;-;    9;-
4607;5027;05;A;  52;100419; 1;w;23;  686;-; 1031;-;   35;-;   45;-;  650;-;  594;-;   54;-;    2;-;    1;-;    1;-;    4;-;   30;-;   22;-;    0;-;  977;-;  902;-;   69;-;    6;-;    5;-;    1;-;    7;-;   37;-;   25;-;    4;-
4607;5027;05;A;  52;100419; 1;w;24;  487;-;  544;-;   30;-;   45;-;  451;-;  406;-;   42;-;    3;-;    0;-;    2;-;   11;-;   17;-;   12;-;    6;-;  497;-;  455;-;   39;-;    3;-;    1;-;    2;-;    9;-;   34;-;   21;-;    1;-
4607;5027;05;A;  52;100420; 2;w;01;  253;-;  284;-;   29;-;   31;-;  221;-;  183;-;   36;-;    2;-;    0;-;    1;-;    8;-;   20;-;   16;-;    3;-;  252;-;  228;-;   23;-;    1;-;    0;-;    2;-;    5;-;   24;-;   18;-;    1;-
4607;5027;05;A;  52;100420; 2;w;02;  173;-;  197;-;   48;-;   23;-;  123;-;   95;-;   27;-;    1;-;    0;-;    1;-;   10;-;   37;-;   29;-;    2;-;  171;-;  145;-;   26;-;    0;-;    1;-;    0;-;    4;-;   19;-;   13;-;    2;-
4607;5027;05;A;  52;100420; 2;w;03;  157;-;  142;-;   43;-;   49;-;  112;-;   92;-;   19;-;    1;-;    0;-;    1;-;   12;-;   30;-;   18;-;    2;-;   93;-;   78;-;   15;-;    0;-;    0;-;    0;-;   13;-;   36;-;   21;-;    0;-
4607;5027;05;A;  52;100420; 2;w;04;  328;-;  206;-;   58;-;   66;-;  263;-;  230;-;   31;-;    2;-;    2;-;    0;-;   24;-;   34;-;   19;-;    5;-;  138;-;  116;-;   22;-;    0;-;    2;-;    3;-;   23;-;   40;-;   25;-;    0;-
4607;5027;05;A;  52;100420; 2;w;05;  689;-;  317;-;   93;-;   93;-;  590;-;  549;-;   34;-;    7;-;    2;-;    4;-;   33;-;   56;-;   38;-;    4;-;  223;-;  192;-;   30;-;    1;-;    0;-;    0;-;   41;-;   52;-;   37;-;    1;-
4607;5027;05;A;  52;100420; 2;w;06; 2155;-;  750;-;  183;-;  130;-; 1964;-; 1849;-;   96;-;   19;-;    1;-;    3;-;   74;-;  106;-;   87;-;    7;-;  616;-;  543;-;   66;-;    7;-;    2;-;    1;-;   38;-;   91;-;   67;-;    2;-
4607;5027;05;A;  52;100420; 2;w;07; 5200;-; 2009;-;  261;-;  156;-; 4899;-; 4579;-;  289;-;   31;-;   16;-;    3;-;  108;-;  150;-;  114;-;   24;-; 1837;-; 1668;-;  162;-;    7;-;   10;-;    4;-;   62;-;   90;-;   65;-;    6;-
4607;5027;05;A;  52;100420; 2;w;08; 6694;-; 3650;-;  240;-;  227;-; 6403;-; 6158;-;  228;-;   17;-;   27;-;    8;-;  100;-;  132;-;  101;-;   24;-; 3393;-; 3174;-;  206;-;   13;-;   11;-;    6;-;  100;-;  121;-;   97;-;   19;-
4607;5027;05;A;  52;100420; 2;w;09; 6075;-; 3860;-;  260;-;  275;-; 5733;-; 5506;-;  208;-;   19;-;   21;-;    6;-;  100;-;  154;-;  117;-;   61;-; 3558;-; 3342;-;  208;-;    8;-;   17;-;    9;-;  127;-;  139;-;  101;-;   10;-
4607;5027;05;A;  52;100420; 2;w;10; 4171;-; 2796;-;  298;-;  311;-; 3843;-; 3628;-;  206;-;    9;-;   13;-;    6;-;  108;-;  184;-;  141;-;   17;-; 2461;-; 2254;-;  194;-;   13;-;   13;-;    5;-;  128;-;  178;-;  146;-;   11;-
4607;5027;05;A;  52;100420; 2;w;11; 2960;-; 2285;-;  282;-;  233;-; 2640;-; 2458;-;  173;-;    9;-;   15;-;    2;-;  119;-;  161;-;  127;-;   23;-; 2025;-; 1812;-;  201;-;   12;-;   16;-;    6;-;   95;-;  132;-;  102;-;   11;-
4607;5027;05;A;  52;100420; 2;w;12; 2689;-; 2297;-;  305;-;  272;-; 2349;-; 2161;-;  171;-;   17;-;   12;-;    8;-;  125;-;  172;-;  134;-;   23;-; 2011;-; 1800;-;  203;-;    8;-;   11;-;    9;-;   92;-;  171;-;  137;-;    3;-
4607;5027;05;A;  52;100420; 2;w;13; 2637;-; 2793;-;  222;-;  291;-; 2386;-; 2146;-;  227;-;   13;-;   14;-;    5;-;   78;-;  139;-;  102;-;   15;-; 2477;-; 2258;-;  211;-;    8;-;   10;-;    3;-;  111;-;  177;-;  129;-;   15;-
4607;5027;05;A;  52;100420; 2;w;14; 2877;-; 3254;-;  278;-;  265;-; 2562;-; 2351;-;  200;-;   11;-;   14;-;    1;-;   99;-;  178;-;  137;-;   23;-; 2956;-; 2730;-;  216;-;   10;-;   19;-;    2;-;  112;-;  151;-;  121;-;   14;-
4607;5027;05;A;  52;100420; 2;w;15; 2771;-; 3793;-;  202;-;  263;-; 2541;-; 2329;-;  201;-;   11;-;   17;-;    2;-;   83;-;  117;-;   97;-;   11;-; 3502;-; 3243;-;  242;-;   17;-;   20;-;    7;-;  108;-;  148;-;  109;-;    8;-
4607;5027;05;A;  52;100420; 2;w;16; 2865;-; 4835;-;  227;-;  222;-; 2597;-; 2377;-;  211;-;    9;-;   18;-;    2;-;   80;-;  145;-;  126;-;   23;-; 4577;-; 4309;-;  250;-;   18;-;   24;-;    3;-;   97;-;  122;-;   92;-;   12;-
4607;5027;05;A;  52;100420; 2;w;17; 3572;-; 5695;-;  177;-;  206;-; 3354;-; 3156;-;  190;-;    8;-;   17;-;    8;-;   59;-;  110;-;   79;-;   24;-; 5442;-; 5171;-;  245;-;   26;-;   35;-;    5;-;   75;-;  126;-;   96;-;   12;-
4607;5027;05;A;  52;100420; 2;w;18; 3401;-; 5845;-;  141;-;  152;-; 3236;-; 3088;-;  131;-;   17;-;    8;-;    9;-;   33;-;   99;-;   77;-;   16;-; 5661;-; 5492;-;  148;-;   21;-;   16;-;    8;-;   46;-;   98;-;   77;-;   16;-
4607;5027;05;A;  52;100420; 2;w;19; 3214;-; 4823;-;  102;-;  103;-; 3083;-; 2945;-;  128;-;   10;-;   10;-;    3;-;   25;-;   74;-;   56;-;   19;-; 4694;-; 4490;-;  181;-;   23;-;   12;-;    5;-;   35;-;   63;-;   52;-;   14;-
4607;5027;05;A;  52;100420; 2;w;20; 2287;-; 2964;-;   82;-;   75;-; 2176;-; 2050;-;  117;-;    9;-;    8;-;    5;-;   18;-;   59;-;   52;-;   21;-; 2868;-; 2669;-;  181;-;   18;-;    7;-;    3;-;   20;-;   52;-;   37;-;   14;-
4607;5027;05;A;  52;100420; 2;w;21; 1571;-; 1963;-;   71;-;   65;-; 1479;-; 1329;-;  133;-;   17;-;    3;-;    6;-;   16;-;   49;-;   35;-;   18;-; 1883;-; 1760;-;  114;-;    9;-;    5;-;    7;-;   10;-;   48;-;   24;-;   10;-
4607;5027;05;A;  52;100420; 2;w;22; 1343;-; 1571;-;   49;-;   66;-; 1288;-; 1195;-;   87;-;    6;-;    1;-;    3;-;   17;-;   29;-;   20;-;    5;-; 1494;-; 1405;-;   81;-;    8;-;    5;-;    2;-;   11;-;   53;-;   28;-;    6;-
4607;5027;05;A;  52;100420; 2;w;23;  807;-; 1304;-;   46;-;   49;-;  753;-;  683;-;   66;-;    4;-;    2;-;    3;-;   12;-;   31;-;   22;-;    6;-; 1243;-; 1166;-;   71;-;    6;-;    4;-;    3;-;   10;-;   36;-;   28;-;    8;-
4607;5027;05;A;  52;100420; 2;w;24;  478;-;  712;-;   41;-;   53;-;  431;-;  392;-;   36;-;    3;-;    2;-;    1;-;    8;-;   32;-;   21;-;    4;-;  656;-;  599;-;   56;-;    1;-;    1;-;    2;-;   13;-;   38;-;   23;-;    2;-
4607;5027;05;A;  52;100421; 3;w;01;  302;-;  397;-;   36;-;   34;-;  262;-;  230;-;   31;-;    1;-;    0;-;    2;-;   11;-;   23;-;   16;-;    4;-;  362;-;  317;-;   44;-;    1;-;    0;-;    3;-;    6;-;   25;-;   18;-;    1;-
4607;5027;05;A;  52;100421; 3;w;02;  171;-;  235;-;   39;-;   35;-;  130;-;  114;-;   16;-;    0;-;    0;-;    2;-;   11;-;   26;-;   17;-;    2;-;  199;-;  179;-;   20;-;    0;-;    0;-;    0;-;    9;-;   26;-;   17;-;    1;-
4607;5027;05;A;  52;100421; 3;w;03;  185;-;  228;-;   54;-;   40;-;  130;-;  107;-;   22;-;    1;-;    1;-;    0;-;   14;-;   40;-;   28;-;    0;-;  186;-;  158;-;   28;-;    0;-;    1;-;    0;-;   15;-;   25;-;   12;-;    1;-
4607;5027;05;A;  52;100421; 3;w;04;  437;-;  261;-;   42;-;   66;-;  390;-;  350;-;   40;-;    0;-;    1;-;    4;-;   12;-;   26;-;   15;-;    4;-;  195;-;  170;-;   25;-;    0;-;    0;-;    1;-;   24;-;   41;-;   25;-;    0;-
4607;5027;05;A;  52;100421; 3;w;05;  718;-;  356;-;  106;-;   87;-;  606;-;  561;-;   38;-;    7;-;    3;-;    6;-;   41;-;   59;-;   39;-;    3;-;  266;-;  230;-;   36;-;    0;-;    1;-;    3;-;   33;-;   51;-;   31;-;    2;-
4607;5027;05;A;  52;100421; 3;w;06; 2128;-;  721;-;  190;-;  119;-; 1928;-; 1828;-;   86;-;   14;-;    2;-;    5;-;   68;-;  117;-;   94;-;    8;-;  595;-;  548;-;   41;-;    6;-;    3;-;    2;-;   43;-;   74;-;   60;-;    4;-
4607;5027;05;A;  52;100421; 3;w;07; 4831;-; 2023;-;  249;-;  186;-; 4527;-; 4300;-;  212;-;   15;-;   15;-;    4;-;   93;-;  152;-;  106;-;   40;-; 1820;-; 1672;-;  140;-;    8;-;    5;-;    2;-;   76;-;  108;-;   80;-;   12;-
4607;5027;05;A;  52;100421; 3;w;08; 5819;-; 3604;-;  217;-;  223;-; 5545;-; 5309;-;  213;-;   23;-;   14;-;    9;-;   99;-;  109;-;   82;-;   43;-; 3353;-; 3150;-;  200;-;    3;-;   12;-;    9;-;  106;-;  108;-;   84;-;   16;-
4607;5027;05;A;  52;100421; 3;w;09; 6056;-; 3949;-;  226;-;  266;-; 5776;-; 5572;-;  195;-;    9;-;   16;-;    7;-;   99;-;  120;-;   96;-;   38;-; 3650;-; 3445;-;  196;-;    9;-;    9;-;    5;-;  127;-;  134;-;  102;-;   24;-
4607;5027;05;A;  52;100421; 3;w;10; 4403;-; 2804;-;  271;-;  278;-; 4085;-; 3856;-;  218;-;   11;-;   15;-;    6;-;  101;-;  164;-;  126;-;   32;-; 2503;-; 2295;-;  205;-;    3;-;   13;-;    2;-;  123;-;  153;-;  111;-;   10;-
4607;5027;05;A;  52;100421; 3;w;11; 3252;-; 2210;-;  312;-;  251;-; 2901;-; 2687;-;  212;-;    2;-;   16;-;    4;-;  104;-;  204;-;  159;-;   23;-; 1935;-; 1730;-;  202;-;    3;-;   11;-;    6;-;   98;-;  147;-;  123;-;   13;-
4607;5027;05;A;  52;100421; 3;w;12; 2853;-; 2517;-;  316;-;  277;-; 2509;-; 2293;-;  208;-;    8;-;   16;-;    4;-;  100;-;  212;-;  156;-;   12;-; 2220;-; 2025;-;  192;-;    3;-;   11;-;    6;-;   96;-;  175;-;  131;-;    9;-
4607;5027;05;A;  52;100421; 3;w;13; 3221;-; 2900;-;  293;-;  277;-; 2885;-; 2671;-;  202;-;   12;-;   27;-;    4;-;  100;-;  189;-;  148;-;   16;-; 2599;-; 2355;-;  239;-;    5;-;   19;-;    2;-;  113;-;  162;-;  122;-;    5;-
4607;5027;05;A;  52;100421; 3;w;14; 3186;-; 3499;-;  244;-;  255;-; 2900;-; 2707;-;  185;-;    8;-;   21;-;    4;-;   93;-;  147;-;  120;-;   21;-; 3220;-; 2963;-;  249;-;    8;-;   17;-;    4;-;   94;-;  157;-;  119;-;    7;-
4607;5027;05;A;  52;100421; 3;w;15; 2871;-; 3975;-;  244;-;  235;-; 2587;-; 2369;-;  207;-;   11;-;   18;-;    6;-;   95;-;  143;-;  108;-;   22;-; 3704;-; 3455;-;  239;-;   10;-;   20;-;    4;-;  107;-;  124;-;   99;-;   16;-
4607;5027;05;A;  52;100421; 3;w;16; 3007;-; 5116;-;  201;-;  257;-; 2767;-; 2559;-;  198;-;   10;-;   13;-;    2;-;   75;-;  124;-;   94;-;   26;-; 4824;-; 4536;-;  275;-;   13;-;   24;-;   10;-;   91;-;  156;-;  128;-;   11;-
4607;5027;05;A;  52;100421; 3;w;17; 3157;-; 5721;-;  173;-;  180;-; 2946;-; 2770;-;  169;-;    7;-;   16;-;    5;-;   64;-;  104;-;   76;-;   22;-; 5502;-; 5250;-;  234;-;   18;-;   27;-;   10;-;   65;-;  105;-;   74;-;   12;-
4607;5027;05;A;  52;100421; 3;w;18; 3446;-; 5735;-;  122;-;  164;-; 3286;-; 3139;-;  133;-;   14;-;   11;-;    9;-;   34;-;   79;-;   49;-;   27;-; 5535;-; 5381;-;  138;-;   16;-;   26;-;   12;-;   54;-;   98;-;   84;-;   10;-
4607;5027;05;A;  52;100421; 3;w;19; 3430;-; 5212;-;  109;-;   98;-; 3287;-; 3131;-;  145;-;   11;-;    7;-;    6;-;   21;-;   82;-;   67;-;   27;-; 5087;-; 4933;-;  146;-;    8;-;   17;-;    5;-;   29;-;   64;-;   46;-;   10;-
4607;5027;05;A;  52;100421; 3;w;20; 2528;-; 3183;-;   83;-;   80;-; 2422;-; 2279;-;  141;-;    2;-;    3;-;    7;-;   17;-;   59;-;   41;-;   20;-; 3087;-; 2917;-;  161;-;    9;-;    5;-;    4;-;   17;-;   59;-;   44;-;   11;-
4607;5027;05;A;  52;100421; 3;w;21; 1651;-; 2009;-;   67;-;   80;-; 1560;-; 1454;-;  100;-;    6;-;    6;-;    7;-;   15;-;   45;-;   34;-;   18;-; 1920;-; 1788;-;  125;-;    7;-;    4;-;    6;-;   12;-;   62;-;   36;-;    5;-
4607;5027;05;A;  52;100421; 3;w;22; 1326;-; 1597;-;   47;-;   55;-; 1268;-; 1165;-;  101;-;    2;-;    5;-;    6;-;   14;-;   27;-;   18;-;    6;-; 1533;-; 1439;-;   88;-;    6;-;    5;-;    0;-;   12;-;   43;-;   29;-;    4;-
4607;5027;05;A;  52;100421; 3;w;23;  980;-; 1357;-;   40;-;   48;-;  931;-;  861;-;   70;-;    0;-;    1;-;    2;-;    8;-;   30;-;   21;-;    8;-; 1300;-; 1231;-;   64;-;    5;-;    3;-;    3;-;   12;-;   33;-;   23;-;    6;-
4607;5027;05;A;  52;100421; 3;w;24;  655;-; 1119;-;   46;-;   57;-;  603;-;  537;-;   63;-;    3;-;    1;-;    4;-;    6;-;   36;-;   27;-;    5;-; 1060;-;  993;-;   66;-;    1;-;    0;-;    3;-;   10;-;   44;-;   31;-;    2;-
4607;5027;05;A;  52;100422; 4;w;01;  288;-;  500;-;   30;-;   42;-;  257;-;  229;-;   26;-;    2;-;    0;-;    1;-;    9;-;   20;-;   14;-;    1;-;  457;-;  420;-;   37;-;    0;-;    1;-;    3;-;    4;-;   35;-;   23;-;    0;-
4607;5027;05;A;  52;100422; 4;w;02;  190;-;  196;-;   44;-;   35;-;  146;-;  117;-;   29;-;    0;-;    0;-;    1;-;   12;-;   31;-;   21;-;    0;-;  159;-;  136;-;   22;-;    1;-;    1;-;    0;-;    7;-;   28;-;   22;-;    1;-
4607;5027;05;A;  52;100422; 4;w;03;  168;-;  174;-;   50;-;   37;-;  115;-;   97;-;   18;-;    0;-;    1;-;    0;-;   14;-;   36;-;   24;-;    2;-;  137;-;  117;-;   20;-;    0;-;    0;-;    0;-;   13;-;   24;-;   14;-;    0;-
4607;5027;05;A;  52;100422; 4;w;04;  339;-;  179;-;   58;-;   60;-;  276;-;  251;-;   25;-;    0;-;    2;-;    3;-;   17;-;   38;-;   24;-;    3;-;  119;-;   96;-;   22;-;    1;-;    0;-;    1;-;   25;-;   34;-;   28;-;    0;-
4607;5027;05;A;  52;100422; 4;w;05;  805;-;  360;-;  122;-;   82;-;  675;-;  622;-;   47;-;    6;-;    2;-;    8;-;   38;-;   76;-;   50;-;    6;-;  276;-;  241;-;   34;-;    1;-;    2;-;    3;-;   34;-;   45;-;   29;-;    0;-
4607;5027;05;A;  52;100422; 4;w;06; 2336;-;  852;-;  186;-;  111;-; 2128;-; 2006;-;  107;-;   15;-;    4;-;    7;-;   71;-;  108;-;   89;-;   18;-;  734;-;  656;-;   74;-;    4;-;    3;-;    2;-;   37;-;   72;-;   57;-;    4;-
4607;5027;05;A;  52;100422; 4;w;07; 5145;-; 2058;-;  239;-;  182;-; 4810;-; 4514;-;  268;-;   28;-;   15;-;    6;-;   96;-;  137;-;  105;-;   81;-; 1854;-; 1684;-;  162;-;    8;-;   11;-;    6;-;   72;-;  104;-;   76;-;   11;-
4607;5027;05;A;  52;100422; 4;w;08; 6396;-; 3693;-;  247;-;  225;-; 6066;-; 5829;-;  219;-;   18;-;   26;-;   12;-;   93;-;  142;-;  103;-;   57;-; 3446;-; 3241;-;  199;-;    6;-;    8;-;    4;-;  103;-;  118;-;   92;-;   14;-
4607;5027;05;A;  52;100422; 4;w;09; 6253;-; 4106;-;  244;-;  253;-; 5960;-; 5745;-;  189;-;   26;-;   18;-;    6;-;  116;-;  122;-;  100;-;   31;-; 3817;-; 3599;-;  213;-;    5;-;   19;-;   12;-;  119;-;  122;-;   88;-;   17;-
4607;5027;05;A;  52;100422; 4;w;10; 4682;-; 3484;-;  315;-;  315;-; 4330;-; 4105;-;  216;-;    9;-;   17;-;   14;-;  107;-;  194;-;  147;-;   20;-; 3139;-; 2914;-;  218;-;    7;-;   16;-;   14;-;  139;-;  162;-;  126;-;   14;-
4607;5027;05;A;  52;100422; 4;w;11; 3073;-; 2593;-;  269;-;  247;-; 2759;-; 2544;-;  210;-;    5;-;   23;-;    6;-;  104;-;  159;-;  122;-;   22;-; 2322;-; 2099;-;  217;-;    6;-;   19;-;   13;-;   89;-;  145;-;  118;-;    5;-
4607;5027;05;A;  52;100422; 4;w;12; 2786;-; 2572;-;  272;-;  258;-; 2483;-; 2285;-;  191;-;    7;-;    8;-;    7;-;  101;-;  164;-;  137;-;   23;-; 2280;-; 2061;-;  215;-;    4;-;   27;-;    5;-;  101;-;  152;-;  112;-;    7;-
4607;5027;05;A;  52;100422; 4;w;13; 2873;-; 3085;-;  236;-;  268;-; 2605;-; 2424;-;  164;-;   17;-;   14;-;   10;-;   69;-;  157;-;  116;-;   18;-; 2791;-; 2580;-;  205;-;    6;-;   15;-;    2;-;  105;-;  161;-;  122;-;   11;-
4607;5027;05;A;  52;100422; 4;w;14; 3238;-; 3588;-;  265;-;  270;-; 2935;-; 2729;-;  197;-;    9;-;   13;-;    9;-;   95;-;  161;-;  129;-;   25;-; 3288;-; 3056;-;  222;-;   10;-;   15;-;   10;-;   86;-;  174;-;  136;-;   15;-
4607;5027;05;A;  52;100422; 4;w;15; 3095;-; 4067;-;  240;-;  268;-; 2805;-; 2599;-;  199;-;    7;-;   14;-;   11;-;   96;-;  133;-;  108;-;   36;-; 3761;-; 3477;-;  268;-;   16;-;   22;-;    7;-;  107;-;  154;-;  125;-;   16;-
4607;5027;05;A;  52;100422; 4;w;16; 3116;-; 5178;-;  230;-;  232;-; 2844;-; 2651;-;  181;-;   12;-;   20;-;    4;-;   91;-;  135;-;  102;-;   22;-; 4901;-; 4649;-;  231;-;   21;-;   30;-;    9;-;   93;-;  130;-;  101;-;   15;-
4607;5027;05;A;  52;100422; 4;w;17; 3353;-; 5499;-;  181;-;  224;-; 3140;-; 2942;-;  181;-;   17;-;   12;-;   10;-;   60;-;  111;-;   83;-;   20;-; 5238;-; 5001;-;  213;-;   24;-;   24;-;   13;-;   89;-;  122;-;   88;-;   13;-
4607;5027;05;A;  52;100422; 4;w;18; 3765;-; 5859;-;  128;-;  149;-; 3590;-; 3428;-;  150;-;   12;-;   15;-;    7;-;   33;-;   88;-;   69;-;   32;-; 5671;-; 5472;-;  180;-;   19;-;   27;-;    7;-;   49;-;   93;-;   66;-;   12;-
4607;5027;05;A;  52;100422; 4;w;19; 3723;-; 5682;-;  121;-;  144;-; 3564;-; 3424;-;  128;-;   12;-;   10;-;    8;-;   34;-;   79;-;   60;-;   28;-; 5511;-; 5340;-;  149;-;   22;-;   17;-;    7;-;   41;-;   96;-;   78;-;   10;-
4607;5027;05;A;  52;100422; 4;w;20; 2598;-; 3574;-;   71;-;  109;-; 2496;-; 2350;-;  133;-;   13;-;    4;-;    4;-;   18;-;   49;-;   40;-;   27;-; 3443;-; 3271;-;  162;-;   10;-;    9;-;    7;-;   25;-;   77;-;   59;-;   13;-
4607;5027;05;A;  52;100422; 4;w;21; 1727;-; 2088;-;   80;-;   76;-; 1625;-; 1489;-;  126;-;   10;-;    2;-;    7;-;   14;-;   59;-;   41;-;   20;-; 1999;-; 1865;-;  127;-;    7;-;    7;-;    7;-;   13;-;   56;-;   41;-;    6;-
4607;5027;05;A;  52;100422; 4;w;22; 1392;-; 1677;-;   55;-;   74;-; 1321;-; 1219;-;   95;-;    7;-;    1;-;    4;-;   16;-;   35;-;   26;-;   15;-; 1588;-; 1496;-;   78;-;   14;-;    3;-;    2;-;   12;-;   60;-;   35;-;   12;-
4607;5027;05;A;  52;100422; 4;w;23; 1081;-; 1493;-;   47;-;   34;-; 1022;-;  948;-;   72;-;    2;-;    1;-;    1;-;   12;-;   34;-;   26;-;   11;-; 1447;-; 1369;-;   71;-;    7;-;    2;-;    2;-;    6;-;   26;-;   20;-;   10;-
4607;5027;05;A;  52;100422; 4;w;24;  664;-; 1098;-;   48;-;   59;-;  612;-;  563;-;   48;-;    1;-;    0;-;    6;-;   11;-;   31;-;   23;-;    4;-; 1037;-;  961;-;   74;-;    2;-;    1;-;    3;-;   10;-;   46;-;   28;-;    1;-
4607;5027;05;A;  52;100423; 5;w;01;  303;-;  422;-;   34;-;   40;-;  268;-;  223;-;   45;-;    0;-;    0;-;    2;-;   11;-;   21;-;   15;-;    1;-;  380;-;  349;-;   29;-;    2;-;    0;-;    5;-;    3;-;   32;-;   23;-;    2;-
4607;5027;05;A;  52;100423; 5;w;02;  162;-;  208;-;   46;-;   32;-;  116;-;   94;-;   19;-;    3;-;    0;-;    3;-;   14;-;   29;-;   24;-;    0;-;  173;-;  146;-;   27;-;    0;-;    1;-;    1;-;    6;-;   25;-;   17;-;    2;-
4607;5027;05;A;  52;100423; 5;w;03;  161;-;  152;-;   44;-;   43;-;  114;-;  100;-;   13;-;    1;-;    2;-;    0;-;    7;-;   37;-;   23;-;    1;-;  108;-;   86;-;   22;-;    0;-;    0;-;    0;-;   13;-;   30;-;   22;-;    1;-
4607;5027;05;A;  52;100423; 5;w;04;  453;-;  229;-;   63;-;   65;-;  385;-;  347;-;   38;-;    0;-;    3;-;    2;-;   25;-;   36;-;   22;-;    2;-;  162;-;  137;-;   24;-;    1;-;    0;-;    3;-;   19;-;   43;-;   32;-;    2;-
4607;5027;05;A;  52;100423; 5;w;05;  900;-;  433;-;  115;-;   88;-;  779;-;  713;-;   56;-;   10;-;    3;-;    6;-;   46;-;   63;-;   50;-;    3;-;  344;-;  295;-;   49;-;    0;-;    1;-;    2;-;   31;-;   55;-;   36;-;    0;-
4607;5027;05;A;  52;100423; 5;w;06; 2274;-;  854;-;  195;-;  147;-; 2058;-; 1941;-;  101;-;   16;-;    1;-;    4;-;   67;-;  124;-;   93;-;   20;-;  699;-;  625;-;   68;-;    6;-;    3;-;    2;-;   45;-;  100;-;   71;-;    5;-
4607;5027;05;A;  52;100423; 5;w;07; 5087;-; 2033;-;  257;-;  180;-; 4774;-; 4509;-;  233;-;   32;-;   21;-;    8;-;  103;-;  146;-;  113;-;   35;-; 1836;-; 1676;-;  148;-;   12;-;   11;-;    3;-;   69;-;  108;-;   78;-;    6;-
4607;5027;05;A;  52;100423; 5;w;08; 6350;-; 3443;-;  276;-;  203;-; 6026;-; 5769;-;  237;-;   20;-;   15;-;   13;-;  121;-;  142;-;  112;-;   33;-; 3209;-; 2965;-;  226;-;   18;-;   10;-;    6;-;   80;-;  117;-;   90;-;   21;-
4607;5027;05;A;  52;100423; 5;w;09; 5751;-; 3859;-;  252;-;  270;-; 5442;-; 5227;-;  185;-;   30;-;   20;-;    9;-;  107;-;  136;-;  110;-;   37;-; 3557;-; 3317;-;  228;-;   12;-;   14;-;    9;-;  120;-;  141;-;  104;-;   18;-
4607;5027;05;A;  52;100423; 5;w;10; 3780;-; 2913;-;  251;-;  268;-; 3469;-; 3225;-;  219;-;   25;-;   16;-;    8;-;   94;-;  149;-;  115;-;   44;-; 2618;-; 2398;-;  214;-;    6;-;   16;-;    8;-;  107;-;  153;-;  125;-;   11;-
4607;5027;05;A;  52;100423; 5;w;11; 2811;-; 2561;-;  272;-;  245;-; 2502;-; 2304;-;  182;-;   16;-;   20;-;    7;-;  103;-;  162;-;  121;-;   17;-; 2298;-; 2076;-;  207;-;   15;-;    9;-;   15;-;   89;-;  141;-;  110;-;    9;-
4607;5027;05;A;  52;100423; 5;w;12; 2945;-; 3010;-;  296;-;  316;-; 2615;-; 2394;-;  209;-;   12;-;   14;-;   10;-;  104;-;  182;-;  138;-;   20;-; 2674;-; 2432;-;  232;-;   10;-;   14;-;    7;-;  119;-;  190;-;  157;-;    6;-
4607;5027;05;A;  52;100423; 5;w;13; 2889;-; 3919;-;  213;-;  272;-; 2647;-; 2426;-;  207;-;   14;-;   12;-;    2;-;   79;-;  132;-;  110;-;   17;-; 3617;-; 3323;-;  277;-;   17;-;   16;-;    6;-;  124;-;  142;-;  119;-;   14;-
4607;5027;05;A;  52;100423; 5;w;14; 3130;-; 4512;-;  211;-;  264;-; 2892;-; 2664;-;  212;-;   16;-;   12;-;    2;-;   76;-;  133;-;  104;-;   15;-; 4204;-; 3954;-;  226;-;   24;-;   29;-;    7;-;  104;-;  153;-;  119;-;   15;-
4607;5027;05;A;  52;100423; 5;w;15; 3343;-; 5314;-;  233;-;  247;-; 3080;-; 2864;-;  203;-;   13;-;   14;-;    5;-;   66;-;  162;-;  125;-;   16;-; 5040;-; 4806;-;  209;-;   25;-;   17;-;   10;-;  104;-;  133;-;  100;-;   10;-
4607;5027;05;A;  52;100423; 5;w;16; 3747;-; 5518;-;  190;-;  220;-; 3515;-; 3302;-;  201;-;   12;-;   24;-;    9;-;   71;-;  110;-;   92;-;   18;-; 5266;-; 5045;-;  190;-;   31;-;   25;-;   11;-;   83;-;  126;-;   83;-;    7;-
4607;5027;05;A;  52;100423; 5;w;17; 3588;-; 5567;-;  158;-;  187;-; 3389;-; 3214;-;  147;-;   28;-;   13;-;   13;-;   51;-;   94;-;   68;-;   28;-; 5333;-; 5134;-;  183;-;   16;-;   35;-;   10;-;   70;-;  107;-;   84;-;   12;-
4607;5027;05;A;  52;100423; 5;w;18; 3394;-; 5237;-;  106;-;  166;-; 3256;-; 3110;-;  130;-;   16;-;   12;-;    9;-;   36;-;   61;-;   47;-;   20;-; 5032;-; 4831;-;  159;-;   42;-;   23;-;    7;-;   48;-;  111;-;   87;-;   16;-
4607;5027;05;A;  52;100423; 5;w;19; 3293;-; 4797;-;   94;-;  144;-; 3174;-; 3026;-;  129;-;   19;-;   11;-;    6;-;   34;-;   54;-;   37;-;   14;-; 4627;-; 4439;-;  168;-;   20;-;   15;-;   13;-;   36;-;   95;-;   81;-;   11;-
4607;5027;05;A;  52;100423; 5;w;20; 2380;-; 3301;-;   49;-;  107;-; 2309;-; 2186;-;  110;-;   13;-;    6;-;    4;-;   14;-;   31;-;   25;-;   16;-; 3168;-; 2999;-;  150;-;   19;-;    9;-;   10;-;   27;-;   70;-;   55;-;   17;-
4607;5027;05;A;  52;100423; 5;w;21; 1804;-; 2211;-;   53;-;   84;-; 1730;-; 1595;-;  121;-;   14;-;    4;-;    6;-;   19;-;   28;-;   23;-;   17;-; 2112;-; 1957;-;  135;-;   20;-;    7;-;    9;-;   21;-;   54;-;   35;-;    8;-
4607;5027;05;A;  52;100423; 5;w;22; 1521;-; 1676;-;   56;-;   65;-; 1456;-; 1374;-;   76;-;    6;-;    4;-;    5;-;   16;-;   35;-;   24;-;    5;-; 1599;-; 1511;-;   72;-;   16;-;    4;-;    2;-;   15;-;   48;-;   28;-;    8;-
4607;5027;05;A;  52;100423; 5;w;23; 1204;-; 1528;-;   46;-;   53;-; 1145;-; 1090;-;   52;-;    3;-;    3;-;   10;-;    9;-;   27;-;   22;-;   10;-; 1465;-; 1384;-;   73;-;    8;-;    4;-;    2;-;   17;-;   34;-;   28;-;    6;-
4607;5027;05;A;  52;100423; 5;w;24;  984;-; 1335;-;   41;-;   53;-;  931;-;  901;-;   25;-;    5;-;    2;-;    3;-;   17;-;   21;-;   12;-;   10;-; 1276;-; 1199;-;   71;-;    6;-;    2;-;    4;-;    7;-;   42;-;   30;-;    4;-
4607;5027;05;A;  52;100424; 6;w;01;  529;-;  678;-;   46;-;   39;-;  478;-;  444;-;   33;-;    1;-;    3;-;    4;-;   16;-;   26;-;   18;-;    2;-;  633;-;  585;-;   46;-;    2;-;    0;-;    5;-;    4;-;   30;-;   19;-;    6;-
4607;5027;05;A;  52;100424; 6;w;02;  336;-;  382;-;   37;-;   29;-;  299;-;  280;-;   17;-;    2;-;    0;-;    1;-;   14;-;   22;-;   15;-;    0;-;  352;-;  329;-;   23;-;    0;-;    0;-;    0;-;    5;-;   24;-;   18;-;    1;-
4607;5027;05;A;  52;100424; 6;w;03;  244;-;  285;-;   45;-;   44;-;  197;-;  189;-;    7;-;    1;-;    1;-;    0;-;   18;-;   27;-;   19;-;    1;-;  239;-;  218;-;   21;-;    0;-;    1;-;    1;-;   14;-;   29;-;   21;-;    1;-
4607;5027;05;A;  52;100424; 6;w;04;  434;-;  273;-;   40;-;   42;-;  388;-;  368;-;   20;-;    0;-;    2;-;    3;-;   14;-;   23;-;   14;-;    4;-;  228;-;  204;-;   23;-;    1;-;    1;-;    2;-;   18;-;   22;-;   16;-;    2;-
4607;5027;05;A;  52;100424; 6;w;05;  556;-;  380;-;   46;-;   44;-;  509;-;  483;-;   24;-;    2;-;    0;-;    2;-;   25;-;   19;-;   10;-;    1;-;  329;-;  291;-;   38;-;    0;-;    4;-;    1;-;   23;-;   20;-;   17;-;    3;-
4607;5027;05;A;  52;100424; 6;w;06;  926;-;  518;-;   64;-;   50;-;  844;-;  791;-;   49;-;    4;-;   13;-;    6;-;   29;-;   29;-;   21;-;    5;-;  460;-;  418;-;   40;-;    2;-;    5;-;    3;-;   26;-;   21;-;   15;-;    3;-
4607;5027;05;A;  52;100424; 6;w;07; 1083;-;  805;-;   76;-;   55;-;  986;-;  892;-;   87;-;    7;-;   13;-;    6;-;   35;-;   35;-;   27;-;    8;-;  736;-;  631;-;  103;-;    2;-;   10;-;    1;-;   23;-;   31;-;   23;-;    4;-
4607;5027;05;A;  52;100424; 6;w;08; 1257;-; 1158;-;   66;-;   75;-; 1177;-; 1080;-;   91;-;    6;-;   13;-;    3;-;   31;-;   32;-;   25;-;    1;-; 1058;-;  950;-;  102;-;    6;-;   15;-;    6;-;   35;-;   34;-;   23;-;   10;-
4607;5027;05;A;  52;100424; 6;w;09; 1684;-; 1783;-;   67;-;   82;-; 1598;-; 1535;-;   59;-;    4;-;   17;-;    8;-;   32;-;   27;-;   21;-;    2;-; 1675;-; 1526;-;  142;-;    7;-;   14;-;   11;-;   38;-;   33;-;   24;-;   12;-
4607;5027;05;A;  52;100424; 6;w;10; 1866;-; 2347;-;   72;-;   68;-; 1772;-; 1701;-;   57;-;   14;-;   16;-;    6;-;   41;-;   25;-;   19;-;    6;-; 2262;-; 2106;-;  140;-;   16;-;   14;-;   12;-;   34;-;   22;-;   19;-;    3;-
4607;5027;05;A;  52;100424; 6;w;11; 1794;-; 2387;-;   51;-;   75;-; 1729;-; 1662;-;   57;-;   10;-;   14;-;    3;-;   31;-;   17;-;   14;-;    0;-; 2282;-; 2137;-;  119;-;   26;-;   22;-;   15;-;   34;-;   26;-;   22;-;    8;-
4607;5027;05;A;  52;100424; 6;w;12; 1754;-; 2611;-;   39;-;   50;-; 1678;-; 1602;-;   59;-;   17;-;   17;-;    2;-;   29;-;    8;-;    7;-;   20;-; 2533;-; 2398;-;  121;-;   14;-;   22;-;    5;-;   21;-;   24;-;   18;-;    6;-
4607;5027;05;A;  52;100424; 6;w;13; 1779;-; 2696;-;   39;-;   56;-; 1724;-; 1656;-;   47;-;   21;-;   15;-;    8;-;   16;-;   15;-;   13;-;    1;-; 2614;-; 2466;-;  124;-;   24;-;   19;-;    3;-;   34;-;   19;-;   17;-;    7;-
4607;5027;05;A;  52;100424; 6;w;14; 1839;-; 2844;-;   43;-;   45;-; 1780;-; 1722;-;   34;-;   24;-;    6;-;   12;-;   17;-;   14;-;    9;-;   10;-; 2765;-; 2614;-;  123;-;   28;-;   23;-;    6;-;   26;-;   13;-;   12;-;   11;-
4607;5027;05;A;  52;100424; 6;w;15; 1822;-; 3019;-;   32;-;   48;-; 1767;-; 1696;-;   50;-;   21;-;   16;-;    8;-;   13;-;   11;-;   10;-;    7;-; 2939;-; 2777;-;  131;-;   31;-;   24;-;    5;-;   30;-;   13;-;    9;-;    8;-
4607;5027;05;A;  52;100424; 6;w;16; 1810;-; 2637;-;   27;-;   31;-; 1765;-; 1713;-;   39;-;   13;-;   12;-;    4;-;   11;-;   12;-;   11;-;    6;-; 2583;-; 2466;-;  101;-;   16;-;   13;-;    3;-;   17;-;   11;-;   10;-;   10;-
4607;5027;05;A;  52;100424; 6;w;17; 1833;-; 2405;-;   35;-;   32;-; 1775;-; 1739;-;   29;-;    7;-;   14;-;    4;-;   10;-;   21;-;   18;-;    9;-; 2364;-; 2242;-;   90;-;   32;-;    5;-;    4;-;   19;-;    9;-;    7;-;    4;-
4607;5027;05;A;  52;100424; 6;w;18; 1911;-; 2456;-;   23;-;   26;-; 1872;-; 1807;-;   47;-;   18;-;   10;-;    6;-;   10;-;    7;-;    6;-;    6;-; 2407;-; 2280;-;  108;-;   19;-;   10;-;    8;-;   10;-;    8;-;    4;-;   13;-
4607;5027;05;A;  52;100424; 6;w;19; 1883;-; 2593;-;   23;-;   36;-; 1846;-; 1801;-;   35;-;   10;-;   12;-;    9;-;    9;-;    5;-;    5;-;    2;-; 2539;-; 2414;-;   95;-;   30;-;    6;-;   20;-;    9;-;    7;-;    6;-;   12;-
4607;5027;05;A;  52;100424; 6;w;20; 1813;-; 2301;-;   17;-;   27;-; 1781;-; 1731;-;   35;-;   15;-;    7;-;    4;-;    7;-;    6;-;    5;-;    8;-; 2255;-; 2128;-;  116;-;   11;-;    7;-;    8;-;    9;-;   10;-;    9;-;   12;-
4607;5027;05;A;  52;100424; 6;w;21; 1723;-; 1598;-;   23;-;   15;-; 1690;-; 1635;-;   41;-;   14;-;    4;-;    4;-;   17;-;    2;-;    2;-;    6;-; 1567;-; 1458;-;   90;-;   19;-;    9;-;    2;-;    7;-;    6;-;    5;-;    7;-
4607;5027;05;A;  52;100424; 6;w;22; 1066;-; 1446;-;   23;-;   12;-; 1037;-; 1003;-;   29;-;    5;-;    5;-;    7;-;    9;-;    7;-;    5;-;    1;-; 1418;-; 1350;-;   60;-;    8;-;    7;-;    3;-;    6;-;    3;-;    2;-;    9;-
4607;5027;05;A;  52;100424; 6;w;23; 1122;-; 1636;-;   12;-;   15;-; 1106;-; 1074;-;   29;-;    3;-;    4;-;    7;-;    4;-;    1;-;    1;-;    0;-; 1613;-; 1551;-;   52;-;   10;-;    5;-;    4;-;    8;-;    3;-;    3;-;    3;-
4607;5027;05;A;  52;100424; 6;w;24; 1018;-; 1285;-;   10;-;   10;-; 1004;-;  987;-;   15;-;    2;-;    4;-;    4;-;    3;-;    3;-;    2;-;    0;-; 1269;-; 1215;-;   51;-;    3;-;    2;-;    5;-;    4;-;    1;-;    0;-;    4;-
4607;5027;05;A;  52;100425; 7;s;01;  694;-;  869;-;    5;-;    3;-;  686;-;  665;-;   18;-;    3;-;    1;-;    1;-;    3;-;    1;-;    1;-;    2;-;  862;-;  820;-;   36;-;    6;-;    1;-;    2;-;    1;-;    0;-;    0;-;    3;-
4607;5027;05;A;  52;100425; 7;s;02;  484;-;  487;-;    5;-;    5;-;  479;-;  461;-;   18;-;    0;-;    0;-;    1;-;    1;-;    3;-;    1;-;    0;-;  481;-;  455;-;   24;-;    2;-;    1;-;    3;-;    1;-;    1;-;    1;-;    0;-
4607;5027;05;A;  52;100425; 7;s;03;  358;-;  295;-;    6;-;    6;-;  350;-;  335;-;   14;-;    1;-;    2;-;    1;-;    4;-;    1;-;    1;-;    0;-;  289;-;  267;-;   22;-;    0;-;    0;-;    4;-;    2;-;    0;-;    0;-;    0;-
4607;5027;05;A;  52;100425; 7;s;04;  568;-;  294;-;   12;-;    3;-;  555;-;  527;-;   28;-;    0;-;    1;-;    4;-;    4;-;    4;-;    4;-;    0;-;  288;-;  265;-;   23;-;    0;-;    1;-;    1;-;    2;-;    0;-;    0;-;    2;-
4607;5027;05;A;  52;100425; 7;s;05;  502;-;  430;-;    8;-;   10;-;  492;-;  469;-;   21;-;    2;-;    2;-;    3;-;    2;-;    3;-;    3;-;    0;-;  418;-;  380;-;   38;-;    0;-;    1;-;    4;-;    4;-;    2;-;    2;-;    1;-
4607;5027;05;A;  52;100425; 7;s;06;  792;-;  403;-;   18;-;    4;-;  763;-;  727;-;   34;-;    2;-;    6;-;    4;-;    8;-;    6;-;    3;-;    5;-;  396;-;  361;-;   33;-;    2;-;    0;-;    1;-;    2;-;    1;-;    1;-;    3;-
4607;5027;05;A;  52;100425; 7;s;07;  823;-;  502;-;   18;-;   15;-;  779;-;  727;-;   47;-;    5;-;   26;-;    6;-;    5;-;    7;-;    7;-;    0;-;  483;-;  432;-;   45;-;    6;-;    3;-;    3;-;    8;-;    4;-;    4;-;    1;-
4607;5027;05;A;  52;100425; 7;s;08;  827;-;  602;-;   12;-;   18;-;  787;-;  733;-;   41;-;   13;-;   25;-;    6;-;    1;-;    5;-;    4;-;    3;-;  574;-;  525;-;   45;-;    4;-;    8;-;    4;-;    9;-;    5;-;    5;-;    2;-
4607;5027;05;A;  52;100425; 7;s;09; 1095;-; 1058;-;   23;-;   21;-; 1056;-;  984;-;   54;-;   18;-;   16;-;    8;-;    5;-;   10;-;    8;-;    0;-; 1027;-;  946;-;   76;-;    5;-;    8;-;    9;-;    9;-;    3;-;    2;-;    2;-
4607;5027;05;A;  52;100425; 7;s;10; 1649;-; 1704;-;   17;-;   21;-; 1608;-; 1538;-;   53;-;   17;-;   21;-;    5;-;    6;-;    6;-;    5;-;    3;-; 1669;-; 1556;-;   89;-;   24;-;    4;-;    9;-;   10;-;    2;-;    2;-;   10;-
4607;5027;05;A;  52;100425; 7;s;11; 1882;-; 2119;-;   11;-;   26;-; 1854;-; 1786;-;   35;-;   33;-;   14;-;    4;-;    2;-;    5;-;    3;-;    3;-; 2066;-; 1949;-;   83;-;   34;-;   18;-;   11;-;    6;-;    9;-;    7;-;    9;-
4607;5027;05;A;  52;100425; 7;s;12; 1793;-; 2145;-;   17;-;   25;-; 1762;-; 1700;-;   34;-;   28;-;   11;-;    5;-;    4;-;    8;-;    7;-;    3;-; 2110;-; 1999;-;   80;-;   31;-;    4;-;    6;-;   12;-;    7;-;    7;-;    6;-
4607;5027;05;A;  52;100425; 7;s;13; 1824;-; 2125;-;   20;-;    9;-; 1796;-; 1718;-;   37;-;   41;-;    5;-;    2;-;   12;-;    6;-;    5;-;    3;-; 2099;-; 1967;-;   98;-;   34;-;   13;-;    0;-;    3;-;    6;-;    6;-;    4;-
4607;5027;05;A;  52;100425; 7;s;14; 1862;-; 2680;-;   19;-;   17;-; 1830;-; 1761;-;   41;-;   28;-;   11;-;    2;-;   10;-;    7;-;    7;-;    2;-; 2642;-; 2540;-;   75;-;   27;-;   11;-;    5;-;    6;-;    6;-;    3;-;   10;-
4607;5027;05;A;  52;100425; 7;s;15; 1903;-; 2628;-;   20;-;   20;-; 1868;-; 1788;-;   47;-;   33;-;   12;-;    2;-;    7;-;   11;-;   10;-;    3;-; 2591;-; 2457;-;  100;-;   34;-;    6;-;    2;-;   11;-;    7;-;    2;-;   11;-
4607;5027;05;A;  52;100425; 7;s;16; 1900;-; 2323;-;   17;-;   12;-; 1874;-; 1815;-;   38;-;   21;-;    5;-;    2;-;   11;-;    4;-;    4;-;    4;-; 2286;-; 2168;-;   82;-;   36;-;   10;-;    3;-;    3;-;    6;-;    5;-;   15;-
4607;5027;05;A;  52;100425; 7;s;17; 1946;-; 2444;-;   13;-;   23;-; 1922;-; 1856;-;   48;-;   18;-;    6;-;    3;-;    6;-;    4;-;    3;-;    5;-; 2391;-; 2258;-;  109;-;   24;-;   19;-;    7;-;    9;-;    7;-;    5;-;   11;-
4607;5027;05;A;  52;100425; 7;s;18; 1764;-; 2554;-;   25;-;   25;-; 1730;-; 1678;-;   27;-;   25;-;    6;-;    3;-;    5;-;   17;-;   16;-;    3;-; 2478;-; 2318;-;  120;-;   40;-;   41;-;   10;-;   11;-;    4;-;    3;-;   10;-
4607;5027;05;A;  52;100425; 7;s;19; 1854;-; 2318;-;   23;-;   24;-; 1817;-; 1765;-;   29;-;   23;-;    9;-;   11;-;    5;-;    7;-;    6;-;    5;-; 2251;-; 2098;-;  119;-;   34;-;   38;-;    4;-;    7;-;   13;-;   12;-;    5;-
4607;5027;05;A;  52;100425; 7;s;20; 1838;-; 2080;-;   25;-;   26;-; 1792;-; 1734;-;   44;-;   14;-;   10;-;    4;-;   12;-;    9;-;    4;-;   11;-; 2029;-; 1884;-;  122;-;   23;-;   16;-;   13;-;    5;-;    8;-;    7;-;    9;-
4607;5027;05;A;  52;100425; 7;s;21; 1811;-; 1752;-;   32;-;   28;-; 1765;-; 1712;-;   40;-;   13;-;    9;-;    7;-;   14;-;   11;-;    9;-;    5;-; 1712;-; 1613;-;   83;-;   16;-;    5;-;    5;-;   12;-;   11;-;    9;-;    7;-
4607;5027;05;A;  52;100425; 7;s;22; 1647;-; 1227;-;   27;-;   18;-; 1600;-; 1535;-;   52;-;   13;-;    6;-;    6;-;   11;-;   10;-;    9;-;   14;-; 1196;-; 1148;-;   42;-;    6;-;    7;-;    5;-;    3;-;   10;-;    9;-;    6;-
4607;5027;05;A;  52;100425; 7;s;23; 1011;-; 1056;-;   40;-;   37;-;  957;-;  903;-;   51;-;    3;-;    4;-;    4;-;   14;-;   22;-;   22;-;   10;-; 1014;-;  960;-;   50;-;    4;-;    4;-;    0;-;   11;-;   26;-;   23;-;    1;-
4607;5027;05;A;  52;100425; 7;s;24;  592;-;  610;-;   35;-;   28;-;  551;-;  515;-;   36;-;    0;-;    2;-;    1;-;    9;-;   25;-;   17;-;    4;-;  579;-;  548;-;   30;-;    1;-;    2;-;    3;-;    6;-;   19;-;   16;-;    1;-
4607;5027;05;A;  52;100426; 1;w;01;  342;-;  289;-;   24;-;   32;-;  313;-;  285;-;   28;-;    0;-;    1;-;    1;-;   10;-;   13;-;    9;-;    4;-;  255;-;  233;-;   19;-;    3;-;    0;-;    3;-;    7;-;   22;-;   16;-;    2;-
4607;5027;05;A;  52;100426; 1;w;02;  182;-;  147;-;   23;-;   27;-;  156;-;  143;-;   13;-;    0;-;    2;-;    0;-;    3;-;   20;-;   18;-;    1;-;  116;-;  108;-;    8;-;    0;-;    1;-;    0;-;    5;-;   22;-;   16;-;    3;-
4607;5027;05;A;  52;100426; 1;w;03;  148;-;  105;-;   34;-;   24;-;  114;-;  102;-;   12;-;    0;-;    0;-;    0;-;    9;-;   25;-;   16;-;    0;-;   81;-;   70;-;   11;-;    0;-;    0;-;    0;-;    9;-;   15;-;   13;-;    0;-
4607;5027;05;A;  52;100426; 1;w;04;  389;-;  195;-;   55;-;   50;-;  333;-;  308;-;   22;-;    3;-;    1;-;    1;-;   16;-;   38;-;   29;-;    0;-;  144;-;  116;-;   28;-;    0;-;    0;-;    1;-;   25;-;   24;-;   14;-;    1;-
4607;5027;05;A;  52;100426; 1;w;05;  965;-;  363;-;  112;-;   74;-;  846;-;  785;-;   57;-;    4;-;    2;-;    3;-;   47;-;   62;-;   50;-;    5;-;  289;-;  254;-;   35;-;    0;-;    0;-;    0;-;   36;-;   38;-;   26;-;    0;-
4607;5027;05;A;  52;100426; 1;w;06; 2841;-;  940;-;  226;-;  106;-; 2593;-; 2466;-;  109;-;   18;-;    5;-;    4;-;   90;-;  132;-;  110;-;   17;-;  824;-;  739;-;   76;-;    9;-;    4;-;    5;-;   33;-;   68;-;   54;-;    6;-
4607;5027;05;A;  52;100426; 1;w;07; 5292;-; 2249;-;  261;-;  208;-; 5007;-; 4774;-;  216;-;   17;-;    8;-;    5;-;  102;-;  154;-;  120;-;   16;-; 2027;-; 1875;-;  146;-;    6;-;    5;-;    3;-;   91;-;  114;-;   93;-;    9;-
4607;5027;05;A;  52;100426; 1;w;08; 6629;-; 3548;-;  219;-;  198;-; 6358;-; 6118;-;  219;-;   21;-;   22;-;   10;-;   95;-;  114;-;   88;-;   30;-; 3319;-; 3129;-;  182;-;    8;-;   13;-;    6;-;   92;-;  100;-;   70;-;   18;-
4607;5027;05;A;  52;100426; 1;w;09; 6048;-; 3790;-;  276;-;  232;-; 5693;-; 5481;-;  198;-;   14;-;   22;-;   11;-;  113;-;  152;-;  115;-;   57;-; 3533;-; 3318;-;  208;-;    7;-;   11;-;    8;-;  102;-;  122;-;   91;-;   14;-
4607;5027;05;A;  52;100426; 1;w;10; 4477;-; 2906;-;  252;-;  300;-; 4172;-; 3952;-;  207;-;   13;-;   15;-;    6;-;   97;-;  149;-;  120;-;   38;-; 2584;-; 2348;-;  232;-;    4;-;   10;-;    7;-;  144;-;  149;-;  105;-;   12;-
4607;5027;05;A;  52;100426; 1;w;11; 3227;-; 2523;-;  267;-;  271;-; 2933;-; 2705;-;  219;-;    9;-;   11;-;    3;-;   92;-;  172;-;  135;-;   16;-; 2228;-; 1996;-;  230;-;    2;-;   13;-;    2;-;   99;-;  170;-;  132;-;   11;-
4607;5027;05;A;  52;100426; 1;w;12; 2776;-; 2529;-;  278;-;  258;-; 2469;-; 2267;-;  197;-;    5;-;   10;-;    4;-;  109;-;  165;-;  142;-;   19;-; 2246;-; 2054;-;  186;-;    6;-;   13;-;    4;-;  104;-;  150;-;  124;-;   12;-
4607;5027;05;A;  52;100426; 1;w;13; 2905;-; 2930;-;  240;-;  295;-; 2631;-; 2421;-;  201;-;    9;-;   16;-;    5;-;   92;-;  143;-;  114;-;   18;-; 2616;-; 2406;-;  206;-;    4;-;   13;-;    7;-;  126;-;  162;-;  126;-;    6;-
4607;5027;05;A;  52;100426; 1;w;14; 3038;-; 3250;-;  261;-;  232;-; 2744;-; 2555;-;  179;-;   10;-;   13;-;    2;-;   97;-;  162;-;  132;-;   20;-; 2990;-; 2764;-;  215;-;   11;-;   12;-;    2;-;   96;-;  134;-;  103;-;   16;-
4607;5027;05;A;  52;100426; 1;w;15; 2679;-; 3835;-;  244;-;  261;-; 2404;-; 2225;-;  164;-;   15;-;   12;-;    8;-;   95;-;  141;-;  113;-;   19;-; 3545;-; 3296;-;  237;-;   12;-;   21;-;    3;-;  105;-;  153;-;  120;-;    8;-
4607;5027;05;A;  52;100426; 1;w;16; 2831;-; 4846;-;  203;-;  218;-; 2603;-; 2425;-;  174;-;    4;-;    6;-;    7;-;   77;-;  119;-;   99;-;   19;-; 4599;-; 4316;-;  271;-;   12;-;   17;-;    2;-;   92;-;  124;-;   93;-;   12;-
4607;5027;05;A;  52;100426; 1;w;17; 3245;-; 5623;-;  181;-;  179;-; 3029;-; 2847;-;  174;-;    8;-;   21;-;    8;-;   68;-;  105;-;   80;-;   14;-; 5413;-; 5165;-;  229;-;   19;-;   17;-;    7;-;   69;-;  103;-;   83;-;   14;-
4607;5027;05;A;  52;100426; 1;w;18; 3506;-; 5746;-;  139;-;  155;-; 3322;-; 3171;-;  140;-;   11;-;   13;-;    4;-;   39;-;   96;-;   75;-;   32;-; 5554;-; 5347;-;  188;-;   19;-;   20;-;    8;-;   42;-;  105;-;   82;-;   17;-
4607;5027;05;A;  52;100426; 1;w;19; 3218;-; 4807;-;   94;-;  112;-; 3090;-; 2962;-;  121;-;    7;-;   11;-;    0;-;   18;-;   76;-;   66;-;   23;-; 4665;-; 4478;-;  169;-;   18;-;   14;-;    4;-;   34;-;   74;-;   55;-;   16;-
4607;5027;05;A;  52;100426; 1;w;20; 2259;-; 3077;-;   96;-;   69;-; 2145;-; 2028;-;  110;-;    7;-;    6;-;    6;-;   22;-;   68;-;   49;-;   12;-; 2986;-; 2829;-;  146;-;   11;-;   11;-;    1;-;   16;-;   52;-;   44;-;   11;-
4607;5027;05;A;  52;100426; 1;w;21; 1519;-; 2038;-;   76;-;   67;-; 1423;-; 1320;-;   92;-;   11;-;    5;-;    3;-;   19;-;   54;-;   40;-;   15;-; 1945;-; 1813;-;  124;-;    8;-;    5;-;    6;-;   10;-;   51;-;   35;-;   21;-
4607;5027;05;A;  52;100426; 1;w;22; 1247;-; 1474;-;   40;-;   72;-; 1195;-; 1114;-;   73;-;    8;-;    1;-;    1;-;    9;-;   30;-;   24;-;   11;-; 1391;-; 1315;-;   67;-;    9;-;    6;-;    0;-;   14;-;   58;-;   41;-;    5;-
4607;5027;05;A;  52;100426; 1;w;23;  837;-; 1238;-;   46;-;   47;-;  783;-;  714;-;   65;-;    4;-;    1;-;    2;-;   12;-;   32;-;   24;-;    7;-; 1183;-; 1109;-;   68;-;    6;-;    2;-;    2;-;   10;-;   35;-;   24;-;    6;-
4607;5027;05;A;  52;100426; 1;w;24;  408;-;  803;-;   39;-;   53;-;  366;-;  331;-;   34;-;    1;-;    3;-;    1;-;    7;-;   31;-;   24;-;    0;-;  746;-;  686;-;   55;-;    5;-;    2;-;    1;-;   10;-;   42;-;   31;-;    2;-
4607;5027;05;A;  52;100427; 2;w;01;  235;-;  306;-;   34;-;   43;-;  198;-;  167;-;   31;-;    0;-;    2;-;    0;-;    9;-;   25;-;   17;-;    1;-;  261;-;  239;-;   18;-;    4;-;    1;-;    4;-;    7;-;   32;-;   23;-;    1;-
4607;5027;05;A;  52;100427; 2;w;02;  139;-;  154;-;   47;-;   31;-;   90;-;   75;-;   15;-;    0;-;    0;-;    2;-;    9;-;   36;-;   26;-;    2;-;  123;-;  104;-;   19;-;    0;-;    0;-;    0;-;    5;-;   26;-;   20;-;    0;-
4607;5027;05;A;  52;100427; 2;w;03;  157;-;  124;-;   55;-;   48;-;  102;-;   82;-;   20;-;    0;-;    0;-;    3;-;    9;-;   43;-;   25;-;    0;-;   73;-;   52;-;   21;-;    0;-;    0;-;    2;-;   10;-;   36;-;   27;-;    3;-
4607;5027;05;A;  52;100427; 2;w;04;  384;-;  186;-;   55;-;   65;-;  324;-;  282;-;   40;-;    2;-;    2;-;    0;-;   20;-;   35;-;   22;-;    3;-;  120;-;   96;-;   23;-;    1;-;    0;-;    3;-;   31;-;   31;-;   22;-;    1;-
4607;5027;05;A;  52;100427; 2;w;05;  866;-;  359;-;   95;-;   97;-;  765;-;  720;-;   40;-;    5;-;    1;-;    4;-;   32;-;   59;-;   43;-;    5;-;  257;-;  207;-;   50;-;    0;-;    2;-;    1;-;   32;-;   64;-;   50;-;    3;-
4607;5027;05;A;  52;100427; 2;w;06; 2674;-;  804;-;  207;-;  128;-; 2439;-; 2302;-;  116;-;   21;-;    4;-;    3;-;   73;-;  131;-;  107;-;   24;-;  668;-;  602;-;   63;-;    3;-;    3;-;    3;-;   34;-;   91;-;   60;-;    5;-
4607;5027;05;A;  52;100427; 2;w;07; 5464;-; 2128;-;  229;-;  167;-; 5180;-; 4855;-;  296;-;   29;-;   22;-;    5;-;   88;-;  136;-;  101;-;   33;-; 1937;-; 1772;-;  155;-;   10;-;   11;-;    2;-;   66;-;   99;-;   73;-;   13;-
4607;5027;05;A;  52;100427; 2;w;08; 6671;-; 3597;-;  244;-;  183;-; 6384;-; 6116;-;  245;-;   23;-;   21;-;   10;-;   93;-;  141;-;  102;-;   22;-; 3388;-; 3167;-;  213;-;    8;-;    4;-;    5;-;   85;-;   93;-;   72;-;   22;-
4607;5027;05;A;  52;100427; 2;w;09; 6101;-; 3846;-;  242;-;  240;-; 5812;-; 5582;-;  211;-;   19;-;   22;-;    6;-;  102;-;  134;-;  107;-;   25;-; 3576;-; 3390;-;  179;-;    7;-;   11;-;    2;-;  115;-;  123;-;   93;-;   19;-
4607;5027;05;A;  52;100427; 2;w;10; 4244;-; 2966;-;  247;-;  302;-; 3969;-; 3806;-;  155;-;    8;-;   15;-;    8;-;   92;-;  147;-;  101;-;   13;-; 2637;-; 2405;-;  224;-;    8;-;   17;-;    6;-;  117;-;  179;-;  133;-;   10;-
4607;5027;05;A;  52;100427; 2;w;11; 3303;-; 2451;-;  288;-;  269;-; 2984;-; 2813;-;  166;-;    5;-;   21;-;    4;-;  107;-;  177;-;  144;-;   10;-; 2155;-; 1980;-;  169;-;    6;-;   16;-;    5;-;  116;-;  148;-;  114;-;   11;-
4607;5027;05;A;  52;100427; 2;w;12; 2953;-; 2442;-;  322;-;  273;-; 2611;-; 2438;-;  167;-;    6;-;   16;-;    5;-;  120;-;  197;-;  153;-;    4;-; 2147;-; 1912;-;  227;-;    8;-;   13;-;    3;-;  100;-;  170;-;  142;-;    9;-
4607;5027;05;A;  52;100427; 2;w;13; 2874;-; 2855;-;  258;-;  251;-; 2570;-; 2396;-;  166;-;    8;-;   16;-;    5;-;   88;-;  165;-;  123;-;   30;-; 2575;-; 2377;-;  188;-;   10;-;   18;-;    4;-;  110;-;  137;-;  104;-;   11;-
4607;5027;05;A;  52;100427; 2;w;14; 3097;-; 3490;-;  268;-;  259;-; 2785;-; 2594;-;  183;-;    8;-;   27;-;    2;-;  104;-;  162;-;  139;-;   17;-; 3209;-; 2977;-;  219;-;   13;-;   10;-;    5;-;  104;-;  150;-;  112;-;   12;-
4607;5027;05;A;  52;100427; 2;w;15; 2821;-; 3836;-;  253;-;  241;-; 2537;-; 2341;-;  183;-;   13;-;    9;-;    5;-;  101;-;  147;-;  117;-;   22;-; 3567;-; 3322;-;  223;-;   22;-;   20;-;    5;-;   96;-;  140;-;  103;-;    8;-
4607;5027;05;A;  52;100427; 2;w;16; 3065;-; 5078;-;  250;-;  228;-; 2785;-; 2561;-;  211;-;   13;-;   14;-;    3;-;  106;-;  141;-;  113;-;   16;-; 4808;-; 4567;-;  222;-;   19;-;   31;-;    9;-;   70;-;  149;-;  109;-;   11;-
4607;5027;05;A;  52;100427; 2;w;17; 3563;-; 5664;-;  168;-;  208;-; 3360;-; 3140;-;  206;-;   14;-;   14;-;    5;-;   72;-;   91;-;   74;-;   21;-; 5433;-; 5177;-;  226;-;   30;-;   14;-;    7;-;   79;-;  122;-;   86;-;    9;-
4607;5027;05;A;  52;100427; 2;w;18; 3642;-; 5872;-;  162;-;  147;-; 3441;-; 3268;-;  158;-;   15;-;   11;-;    5;-;   38;-;  119;-;   91;-;   28;-; 5690;-; 5495;-;  176;-;   19;-;   22;-;    9;-;   53;-;   85;-;   65;-;   13;-
4607;5027;05;A;  52;100427; 2;w;19; 3281;-; 5118;-;  102;-;  116;-; 3130;-; 2967;-;  149;-;   14;-;   11;-;    5;-;   23;-;   74;-;   54;-;   38;-; 4974;-; 4794;-;  160;-;   20;-;   13;-;    2;-;   34;-;   80;-;   69;-;   15;-
4607;5027;05;A;  52;100427; 2;w;20; 2337;-; 3290;-;   73;-;   78;-; 2239;-; 2116;-;  108;-;   15;-;   11;-;    1;-;   16;-;   56;-;   44;-;   14;-; 3173;-; 2989;-;  166;-;   18;-;   22;-;    5;-;   24;-;   49;-;   35;-;   17;-
4607;5027;05;A;  52;100427; 2;w;21; 1691;-; 2112;-;   60;-;   63;-; 1605;-; 1480;-;  114;-;   11;-;    7;-;    4;-;   11;-;   45;-;   29;-;   19;-; 2027;-; 1888;-;  123;-;   16;-;   11;-;    4;-;   12;-;   47;-;   32;-;   11;-
4607;5027;05;A;  52;100427; 2;w;22; 1345;-; 1583;-;   53;-;   51;-; 1285;-; 1201;-;   79;-;    5;-;    1;-;    3;-;    8;-;   42;-;   31;-;    6;-; 1520;-; 1435;-;   75;-;   10;-;    5;-;    2;-;   10;-;   39;-;   26;-;    7;-
4607;5027;05;A;  52;100427; 2;w;23;  923;-; 1427;-;   46;-;   38;-;  874;-;  809;-;   60;-;    5;-;    0;-;    3;-;    9;-;   34;-;   28;-;    3;-; 1375;-; 1291;-;   76;-;    8;-;    7;-;    0;-;   11;-;   27;-;   17;-;    7;-
4607;5027;05;A;  52;100427; 2;w;24;  449;-;  981;-;   36;-;   52;-;  408;-;  366;-;   40;-;    2;-;    0;-;    0;-;    6;-;   30;-;   23;-;    5;-;  923;-;  862;-;   57;-;    4;-;    1;-;    2;-;    6;-;   44;-;   36;-;    5;-
4607;5027;05;A;  52;100428; 3;w;01;  238;-;  330;-;   32;-;   34;-;  202;-;  168;-;   32;-;    2;-;    1;-;    0;-;    7;-;   25;-;   17;-;    3;-;  294;-;  269;-;   24;-;    1;-;    0;-;    2;-;    6;-;   26;-;   17;-;    2;-
4607;5027;05;A;  52;100428; 3;w;02;  154;-;  171;-;   43;-;   34;-;  110;-;   84;-;   25;-;    1;-;    0;-;    3;-;   12;-;   28;-;   16;-;    1;-;  135;-;  121;-;   13;-;    1;-;    2;-;    1;-;    8;-;   25;-;   18;-;    0;-
4607;5027;05;A;  52;100428; 3;w;03;  143;-;  120;-;   42;-;   36;-;   98;-;   80;-;   18;-;    0;-;    2;-;    1;-;   12;-;   29;-;   18;-;    1;-;   83;-;   66;-;   17;-;    0;-;    1;-;    0;-;    7;-;   29;-;   15;-;    0;-
4607;5027;05;A;  52;100428; 3;w;04;  431;-;  196;-;   79;-;   68;-;  349;-;  320;-;   26;-;    3;-;    1;-;    1;-;   23;-;   55;-;   33;-;    2;-;  127;-;   98;-;   29;-;    0;-;    1;-;    0;-;   28;-;   40;-;   25;-;    0;-
4607;5027;05;A;  52;100428; 3;w;05;  893;-;  395;-;   92;-;   93;-;  795;-;  730;-;   53;-;   12;-;    1;-;    4;-;   33;-;   55;-;   36;-;    5;-;  299;-;  267;-;   31;-;    1;-;    1;-;    0;-;   32;-;   61;-;   44;-;    2;-
4607;5027;05;A;  52;100428; 3;w;06; 2595;-;  859;-;  222;-;  134;-; 2355;-; 2225;-;  102;-;   28;-;    1;-;    2;-;   79;-;  141;-;  120;-;   17;-;  722;-;  643;-;   71;-;    8;-;    0;-;    2;-;   41;-;   91;-;   68;-;    3;-
4607;5027;05;A;  52;100428; 3;w;07; 5391;-; 2051;-;  261;-;  184;-; 5074;-; 4762;-;  280;-;   32;-;   16;-;    8;-;  105;-;  148;-;  104;-;   40;-; 1847;-; 1679;-;  160;-;    8;-;   11;-;    2;-;   86;-;   96;-;   66;-;    9;-
4607;5027;05;A;  52;100428; 3;w;08; 6700;-; 3560;-;  232;-;  203;-; 6405;-; 6151;-;  217;-;   37;-;   27;-;    9;-;  100;-;  123;-;   90;-;   36;-; 3326;-; 3114;-;  200;-;   12;-;   13;-;    5;-;   88;-;  110;-;   88;-;   18;-
4607;5027;05;A;  52;100428; 3;w;09; 5718;-; 3865;-;  242;-;  254;-; 5436;-; 5263;-;  147;-;   26;-;   19;-;    6;-;  102;-;  134;-;  107;-;   21;-; 3582;-; 3359;-;  210;-;   13;-;   15;-;    9;-;  104;-;  141;-;  110;-;   14;-
4607;5027;05;A;  52;100428; 3;w;10; 4185;-; 2870;-;  240;-;  270;-; 3914;-; 3780;-;  111;-;   23;-;   21;-;    6;-;   92;-;  142;-;  108;-;   10;-; 2582;-; 2352;-;  219;-;   11;-;   13;-;    4;-;  129;-;  137;-;  109;-;    5;-
4607;5027;05;A;  52;100428; 3;w;11; 3636;-; 2453;-;  305;-;  265;-; 3304;-; 3130;-;  164;-;   10;-;   16;-;    8;-;  107;-;  190;-;  144;-;   11;-; 2169;-; 1955;-;  206;-;    8;-;   13;-;    9;-;   96;-;  160;-;  118;-;    6;-
4607;5027;05;A;  52;100428; 3;w;12; 2904;-; 2505;-;  277;-;  232;-; 2605;-; 2427;-;  169;-;    9;-;   18;-;    1;-;  108;-;  168;-;  135;-;    4;-; 2249;-; 2047;-;  191;-;   11;-;   18;-;    2;-;   79;-;  151;-;  124;-;    6;-
4607;5027;05;A;  52;100428; 3;w;13; 3070;-; 3100;-;  216;-;  261;-; 2832;-; 2668;-;  149;-;   15;-;   18;-;    2;-;   85;-;  129;-;   98;-;    4;-; 2808;-; 2587;-;  208;-;   13;-;   19;-;    2;-;   95;-;  164;-;  120;-;   12;-
4607;5027;05;A;  52;100428; 3;w;14; 3204;-; 3564;-;  252;-;  258;-; 2930;-; 2755;-;  158;-;   17;-;   17;-;    5;-;   85;-;  162;-;  126;-;    5;-; 3282;-; 3030;-;  239;-;   13;-;   12;-;    2;-;   98;-;  158;-;  124;-;   12;-
4607;5027;05;A;  52;100428; 3;w;15; 3095;-; 4205;-;  224;-;  268;-; 2849;-; 2679;-;  157;-;   13;-;   19;-;    6;-;   73;-;  145;-;  124;-;    3;-; 3906;-; 3651;-;  228;-;   27;-;   21;-;    7;-;   99;-;  162;-;  112;-;   10;-
4607;5027;05;A;  52;100428; 3;w;16; 3169;-; 5166;-;  222;-;  225;-; 2929;-; 2760;-;  157;-;   12;-;   12;-;    3;-;   90;-;  129;-;   98;-;    6;-; 4911;-; 4662;-;  227;-;   22;-;   23;-;    3;-;   94;-;  128;-;  102;-;    7;-
4607;5027;05;A;  52;100428; 3;w;17; 3568;-; 5614;-;  169;-;  201;-; 3378;-; 3196;-;  162;-;   20;-;   16;-;    7;-;   52;-;  110;-;   78;-;    5;-; 5383;-; 5132;-;  221;-;   30;-;   25;-;    8;-;   67;-;  126;-;  100;-;    5;-
4607;5027;05;A;  52;100428; 3;w;18; 3639;-; 5812;-;  132;-;  137;-; 3475;-; 3314;-;  135;-;   26;-;    8;-;    2;-;   47;-;   83;-;   56;-;   24;-; 5638;-; 5424;-;  180;-;   34;-;   17;-;    9;-;   43;-;   85;-;   64;-;   20;-
4607;5027;05;A;  52;100428; 3;w;19; 3518;-; 5270;-;  112;-;  115;-; 3345;-; 3183;-;  134;-;   28;-;   10;-;    5;-;   21;-;   86;-;   63;-;   51;-; 5130;-; 4951;-;  152;-;   27;-;   12;-;    4;-;   28;-;   83;-;   65;-;   13;-
4607;5027;05;A;  52;100428; 3;w;20; 2421;-; 3432;-;   81;-;   99;-; 2306;-; 2165;-;  126;-;   15;-;    8;-;    3;-;   20;-;   58;-;   44;-;   26;-; 3314;-; 3133;-;  152;-;   29;-;   11;-;    5;-;   29;-;   65;-;   50;-;    8;-
4607;5027;05;A;  52;100428; 3;w;21; 1834;-; 2212;-;   74;-;   67;-; 1736;-; 1612;-;  105;-;   19;-;    7;-;    5;-;   18;-;   51;-;   41;-;   17;-; 2138;-; 1973;-;  149;-;   16;-;    1;-;    6;-;   11;-;   50;-;   36;-;    6;-
4607;5027;05;A;  52;100428; 3;w;22; 1465;-; 1819;-;   52;-;   73;-; 1402;-; 1303;-;   78;-;   21;-;    0;-;    4;-;   13;-;   35;-;   26;-;   11;-; 1739;-; 1637;-;   81;-;   21;-;    5;-;    4;-;   18;-;   51;-;   30;-;    2;-
4607;5027;05;A;  52;100428; 3;w;23; 1020;-; 1678;-;   36;-;   48;-;  976;-;  917;-;   56;-;    3;-;    2;-;    1;-;    7;-;   28;-;   20;-;    6;-; 1618;-; 1541;-;   65;-;   12;-;    3;-;    3;-;   11;-;   34;-;   28;-;    9;-
4607;5027;05;A;  52;100428; 3;w;24;  565;-; 1091;-;   34;-;   53;-;  522;-;  483;-;   38;-;    1;-;    2;-;    0;-;    6;-;   28;-;   18;-;    7;-; 1032;-;  964;-;   61;-;    7;-;    2;-;    2;-;   10;-;   41;-;   32;-;    4;-
4607;5027;05;A;  52;100429; 4;w;01;  311;-;  425;-;   42;-;   44;-;  266;-;  243;-;   21;-;    2;-;    2;-;    1;-;   11;-;   30;-;   24;-;    1;-;  378;-;  343;-;   33;-;    2;-;    1;-;    3;-;    7;-;   34;-;   24;-;    2;-
4607;5027;05;A;  52;100429; 4;w;02;  165;-;  214;-;   43;-;   41;-;  117;-;   95;-;   21;-;    1;-;    1;-;    2;-;    7;-;   34;-;   25;-;    4;-;  171;-;  154;-;   17;-;    0;-;    2;-;    0;-;    5;-;   36;-;   30;-;    0;-
4607;5027;05;A;  52;100429; 4;w;03;  164;-;  128;-;   55;-;   37;-;  107;-;   93;-;   14;-;    0;-;    1;-;    0;-;   11;-;   44;-;   26;-;    1;-;   90;-;   67;-;   23;-;    0;-;    0;-;    0;-;   13;-;   24;-;   15;-;    1;-
4607;5027;05;A;  52;100429; 4;w;04;  430;-;  234;-;   62;-;   67;-;  363;-;  324;-;   39;-;    0;-;    4;-;    0;-;   20;-;   42;-;   28;-;    1;-;  166;-;  140;-;   26;-;    0;-;    0;-;    2;-;   25;-;   40;-;   28;-;    1;-
4607;5027;05;A;  52;100429; 4;w;05;  877;-;  383;-;  117;-;   81;-;  751;-;  680;-;   59;-;   12;-;    3;-;    6;-;   41;-;   70;-;   45;-;    6;-;  298;-;  251;-;   47;-;    0;-;    3;-;    1;-;   38;-;   42;-;   30;-;    1;-
4607;5027;05;A;  52;100429; 4;w;06; 2510;-;  790;-;  189;-;  125;-; 2306;-; 2159;-;  121;-;   26;-;    2;-;    6;-;   67;-;  116;-;   98;-;   13;-;  656;-;  576;-;   73;-;    7;-;    5;-;    4;-;   38;-;   83;-;   61;-;    4;-
4607;5027;05;A;  52;100429; 4;w;07; 5234;-; 2104;-;  241;-;  177;-; 4936;-; 4644;-;  262;-;   30;-;   17;-;    6;-;   94;-;  141;-;  100;-;   40;-; 1896;-; 1713;-;  170;-;   13;-;   14;-;    3;-;   70;-;  104;-;   78;-;   17;-
4607;5027;05;A;  52;100429; 4;w;08; 6632;-; 3547;-;  247;-;  189;-; 6335;-; 6052;-;  237;-;   46;-;   24;-;   10;-;   99;-;  138;-;   97;-;   26;-; 3331;-; 3123;-;  196;-;   12;-;    9;-;    5;-;   83;-;  101;-;   75;-;   18;-
4607;5027;05;A;  52;100429; 4;w;09; 6044;-; 3812;-;  257;-;  254;-; 5733;-; 5490;-;  207;-;   36;-;   24;-;    9;-;   91;-;  157;-;  120;-;   30;-; 3524;-; 3320;-;  197;-;    7;-;   14;-;    6;-;  107;-;  141;-;  110;-;   20;-
4607;5027;05;A;  52;100429; 4;w;10; 4478;-; 3138;-;  262;-;  311;-; 4182;-; 3970;-;  196;-;   16;-;   18;-;   10;-;   99;-;  153;-;  110;-;   16;-; 2791;-; 2581;-;  203;-;    7;-;   22;-;   12;-;  137;-;  162;-;  119;-;   14;-
4607;5027;05;A;  52;100429; 4;w;11; 3273;-; 2477;-;  259;-;  290;-; 2962;-; 2735;-;  211;-;   16;-;   22;-;    5;-;   98;-;  156;-;  114;-;   30;-; 2161;-; 1949;-;  202;-;   10;-;   16;-;    7;-;  106;-;  177;-;  141;-;   10;-
4607;5027;05;A;  52;100429; 4;w;12; 2905;-; 2645;-;  281;-;  256;-; 2588;-; 2389;-;  189;-;   10;-;   17;-;    4;-;  119;-;  158;-;  127;-;   19;-; 2357;-; 2113;-;  235;-;    9;-;   16;-;    3;-;  102;-;  151;-;  108;-;   16;-
4607;5027;05;A;  52;100429; 4;w;13; 3043;-; 3008;-;  270;-;  257;-; 2721;-; 2495;-;  206;-;   20;-;   24;-;    4;-;   91;-;  175;-;  132;-;   28;-; 2727;-; 2480;-;  236;-;   11;-;   15;-;    2;-;  100;-;  155;-;  119;-;    9;-
4607;5027;05;A;  52;100429; 4;w;14; 3206;-; 3610;-;  274;-;  252;-; 2894;-; 2688;-;  180;-;   26;-;   14;-;    4;-;   96;-;  174;-;  141;-;   24;-; 3328;-; 3063;-;  240;-;   25;-;   19;-;    7;-;   97;-;  148;-;  111;-;   11;-
4607;5027;05;A;  52;100429; 4;w;15; 2891;-; 4314;-;  238;-;  271;-; 2627;-; 2426;-;  188;-;   13;-;   14;-;    8;-;   94;-;  136;-;  105;-;   12;-; 3997;-; 3728;-;  232;-;   37;-;   34;-;    5;-;  115;-;  151;-;  120;-;   12;-
4607;5027;05;A;  52;100429; 4;w;16; 3208;-; 5088;-;  207;-;  242;-; 2962;-; 2721;-;  219;-;   22;-;   10;-;    7;-;   72;-;  128;-;   99;-;   29;-; 4812;-; 4526;-;  263;-;   23;-;   21;-;    8;-;   90;-;  144;-;  109;-;   13;-
4607;5027;05;A;  52;100429; 4;w;17; 3547;-; 5709;-;  214;-;  230;-; 3284;-; 3081;-;  179;-;   24;-;   15;-;    7;-;   73;-;  134;-;   92;-;   34;-; 5434;-; 5185;-;  218;-;   31;-;   32;-;   12;-;   89;-;  129;-;   90;-;   13;-
4607;5027;05;A;  52;100429; 4;w;18; 3869;-; 5906;-;  150;-;  157;-; 3682;-; 3511;-;  148;-;   23;-;   11;-;    6;-;   48;-;   96;-;   74;-;   26;-; 5726;-; 5523;-;  173;-;   30;-;   17;-;   13;-;   45;-;   99;-;   69;-;    6;-
4607;5027;05;A;  52;100429; 4;w;19; 3493;-; 5051;-;  103;-;  134;-; 3358;-; 3202;-;  133;-;   23;-;    9;-;    4;-;   30;-;   69;-;   51;-;   23;-; 4870;-; 4672;-;  166;-;   32;-;   26;-;    6;-;   37;-;   91;-;   64;-;   21;-
4607;5027;05;A;  52;100429; 4;w;20; 2465;-; 3692;-;   89;-;  127;-; 2344;-; 2171;-;  153;-;   20;-;   12;-;    3;-;   27;-;   59;-;   46;-;   20;-; 3529;-; 3355;-;  152;-;   22;-;   18;-;    8;-;   32;-;   87;-;   65;-;   18;-
4607;5027;05;A;  52;100429; 4;w;21; 1800;-; 2446;-;   73;-;   78;-; 1707;-; 1571;-;  123;-;   13;-;    6;-;    6;-;   15;-;   52;-;   39;-;   14;-; 2351;-; 2198;-;  135;-;   18;-;    8;-;    8;-;   14;-;   56;-;   34;-;    9;-
4607;5027;05;A;  52;100429; 4;w;22; 1506;-; 1904;-;   60;-;   68;-; 1430;-; 1340;-;   82;-;    8;-;    3;-;    6;-;   15;-;   39;-;   28;-;   13;-; 1823;-; 1733;-;   75;-;   15;-;    6;-;    3;-;   18;-;   47;-;   33;-;    7;-
4607;5027;05;A;  52;100429; 4;w;23; 1024;-; 1728;-;   59;-;   54;-;  958;-;  902;-;   53;-;    3;-;    3;-;    2;-;   10;-;   47;-;   34;-;    4;-; 1665;-; 1562;-;   89;-;   14;-;    6;-;    5;-;    7;-;   42;-;   30;-;    3;-
4607;5027;05;A;  52;100429; 4;w;24;  567;-; 1138;-;   38;-;   56;-;  522;-;  474;-;   46;-;    2;-;    3;-;    1;-;   11;-;   26;-;   20;-;    4;-; 1075;-; 1017;-;   55;-;    3;-;    4;-;    5;-;    8;-;   43;-;   31;-;    3;-
4607;5027;05;A;  52;100430; 5;w;01;  286;-;  402;-;   40;-;   40;-;  246;-;  205;-;   40;-;    1;-;    0;-;    1;-;   12;-;   27;-;   18;-;    0;-;  358;-;  320;-;   37;-;    1;-;    0;-;    3;-;    8;-;   29;-;   24;-;    4;-
4607;5027;05;A;  52;100430; 5;w;02;  189;-;  226;-;   43;-;   35;-;  144;-;  124;-;   20;-;    0;-;    0;-;    2;-;   14;-;   27;-;   22;-;    2;-;  190;-;  160;-;   30;-;    0;-;    1;-;    0;-;    8;-;   27;-;   22;-;    0;-
4607;5027;05;A;  52;100430; 5;w;03;  201;-;  142;-;   36;-;   42;-;  163;-;  144;-;   19;-;    0;-;    2;-;    0;-;    7;-;   29;-;   12;-;    0;-;   99;-;   80;-;   18;-;    1;-;    1;-;    0;-;   17;-;   25;-;   16;-;    0;-
4607;5027;05;A;  52;100430; 5;w;04;  608;-;  217;-;   66;-;   57;-;  534;-;  485;-;   48;-;    1;-;    2;-;    0;-;   25;-;   41;-;   26;-;    6;-;  154;-;  129;-;   25;-;    0;-;    3;-;    2;-;   21;-;   34;-;   26;-;    3;-
4607;5027;05;A;  52;100430; 5;w;05;  939;-;  405;-;  115;-;  106;-;  816;-;  761;-;   52;-;    3;-;    1;-;    4;-;   38;-;   73;-;   57;-;    7;-;  297;-;  246;-;   51;-;    0;-;    0;-;    0;-;   39;-;   67;-;   44;-;    2;-
4607;5027;05;A;  52;100430; 5;w;06; 2325;-;  819;-;  215;-;  151;-; 2097;-; 1984;-;  101;-;   12;-;    5;-;    5;-;   81;-;  129;-;   94;-;    8;-;  662;-;  594;-;   65;-;    3;-;    4;-;    1;-;   40;-;  110;-;   79;-;    2;-
4607;5027;05;A;  52;100430; 5;w;07; 5040;-; 1946;-;  262;-;  191;-; 4723;-; 4438;-;  260;-;   25;-;   18;-;    4;-;   98;-;  160;-;  123;-;   37;-; 1732;-; 1567;-;  158;-;    7;-;   11;-;    2;-;   79;-;  110;-;   78;-;   12;-
4607;5027;05;A;  52;100430; 5;w;08; 6459;-; 3416;-;  240;-;  201;-; 6174;-; 5950;-;  202;-;   22;-;   26;-;   10;-;   94;-;  136;-;  101;-;   19;-; 3185;-; 2972;-;  205;-;    8;-;   18;-;    7;-;   99;-;   95;-;   70;-;   12;-
4607;5027;05;A;  52;100430; 5;w;09; 5663;-; 3662;-;  276;-;  255;-; 5339;-; 5129;-;  193;-;   17;-;   26;-;    7;-;  122;-;  147;-;  110;-;   22;-; 3383;-; 3165;-;  212;-;    6;-;   12;-;    5;-;  105;-;  145;-;  112;-;   12;-
4607;5027;05;A;  52;100430; 5;w;10; 4234;-; 2672;-;  313;-;  313;-; 3867;-; 3661;-;  198;-;    8;-;   25;-;    8;-;  118;-;  187;-;  143;-;   29;-; 2325;-; 2102;-;  223;-;    0;-;   22;-;    8;-;  134;-;  171;-;  132;-;   12;-
4607;5027;05;A;  52;100430; 5;w;11; 3181;-; 2647;-;  280;-;  285;-; 2860;-; 2654;-;  204;-;    2;-;   20;-;    1;-;  111;-;  168;-;  125;-;   21;-; 2329;-; 2072;-;  249;-;    8;-;   24;-;    6;-;  111;-;  168;-;  135;-;    9;-
4607;5027;05;A;  52;100430; 5;w;12; 2997;-; 2906;-;  249;-;  245;-; 2693;-; 2481;-;  202;-;   10;-;   22;-;    2;-;  103;-;  144;-;  113;-;   33;-; 2635;-; 2364;-;  256;-;   15;-;   15;-;    5;-;  103;-;  137;-;  102;-;   11;-
4607;5027;05;A;  52;100430; 5;w;13; 3166;-; 3925;-;  221;-;  262;-; 2914;-; 2719;-;  188;-;    7;-;   17;-;    4;-;   74;-;  143;-;  104;-;   14;-; 3620;-; 3390;-;  225;-;    5;-;   24;-;    3;-;  100;-;  159;-;  127;-;   19;-
4607;5027;05;A;  52;100430; 5;w;14; 3677;-; 4468;-;  227;-;  267;-; 3389;-; 3182;-;  198;-;    9;-;   24;-;    3;-;   90;-;  134;-;  100;-;   37;-; 4148;-; 3910;-;  220;-;   18;-;   39;-;   15;-;  105;-;  147;-;  105;-;   14;-
4607;5027;05;A;  52;100430; 5;w;15; 3299;-; 5416;-;  209;-;  268;-; 3051;-; 2871;-;  166;-;   14;-;   16;-;    3;-;   84;-;  122;-;   94;-;   23;-; 5108;-; 4831;-;  261;-;   16;-;   25;-;    9;-;  111;-;  148;-;  110;-;   15;-
4607;5027;05;A;  52;100430; 5;w;16; 3679;-; 5520;-;  189;-;  221;-; 3438;-; 3240;-;  188;-;   10;-;   14;-;    6;-;   83;-;  100;-;   74;-;   38;-; 5261;-; 5035;-;  205;-;   21;-;   29;-;    7;-;   90;-;  124;-;   99;-;    9;-
4607;5027;05;A;  52;100430; 5;w;17; 3755;-; 5615;-;  161;-;  162;-; 3554;-; 3349;-;  193;-;   12;-;   18;-;    8;-;   56;-;   97;-;   77;-;   22;-; 5422;-; 5243;-;  164;-;   15;-;   18;-;    9;-;   52;-;  101;-;   78;-;   13;-
4607;5027;05;A;  52;100430; 5;w;18; 3609;-; 5158;-;  120;-;  169;-; 3460;-; 3307;-;  143;-;   10;-;   13;-;    3;-;   45;-;   72;-;   51;-;   16;-; 4951;-; 4764;-;  167;-;   20;-;   26;-;    7;-;   52;-;  110;-;   92;-;   12;-
4607;5027;05;A;  52;100430; 5;w;19; 3231;-; 4468;-;   74;-;   92;-; 3119;-; 2950;-;  162;-;    7;-;   14;-;    0;-;   20;-;   54;-;   43;-;   24;-; 4339;-; 4175;-;  145;-;   19;-;   20;-;    3;-;   27;-;   62;-;   47;-;   17;-
4607;5027;05;A;  52;100430; 5;w;20; 2459;-; 3345;-;   59;-;   81;-; 2382;-; 2248;-;  125;-;    9;-;    4;-;    4;-;   13;-;   42;-;   35;-;   14;-; 3236;-; 3071;-;  154;-;   11;-;    9;-;    3;-;   30;-;   48;-;   41;-;   19;-
4607;5027;05;A;  52;100430; 5;w;21; 1797;-; 2307;-;   48;-;   77;-; 1726;-; 1618;-;   99;-;    9;-;    5;-;    4;-;   18;-;   26;-;   19;-;   18;-; 2206;-; 2073;-;  131;-;    2;-;   12;-;    9;-;   14;-;   54;-;   38;-;   12;-
4607;5027;05;A;  52;100430; 5;w;22; 1476;-; 1875;-;   40;-;   44;-; 1423;-; 1319;-;   94;-;   10;-;    2;-;    4;-;   11;-;   25;-;   18;-;   11;-; 1815;-; 1741;-;   67;-;    7;-;    7;-;    2;-;   16;-;   26;-;   17;-;    9;-
4607;5027;05;A;  52;100430; 5;w;23; 1212;-; 1559;-;   33;-;   31;-; 1167;-; 1107;-;   57;-;    3;-;    3;-;    9;-;    4;-;   20;-;   18;-;    9;-; 1524;-; 1458;-;   59;-;    7;-;    1;-;    0;-;   10;-;   21;-;   16;-;    3;-
4607;5027;05;A;  52;100430; 5;w;24;  846;-; 1192;-;   26;-;   35;-;  804;-;  763;-;   41;-;    0;-;    2;-;    5;-;    5;-;   16;-;   13;-;   14;-; 1151;-; 1088;-;   60;-;    3;-;    3;-;    7;-;    8;-;   20;-;   11;-;    3;-
4607;5027;05;A;  52;100501; 6;s;01;  566;-;  757;-;   16;-;   26;-;  545;-;  505;-;   40;-;    0;-;    2;-;    0;-;    4;-;   12;-;    7;-;    3;-;  726;-;  689;-;   34;-;    3;-;    0;-;    4;-;    8;-;   14;-;    8;-;    5;-
4607;5027;05;A;  52;100501; 6;s;02;  435;-;  496;-;   13;-;    9;-;  420;-;  392;-;   28;-;    0;-;    0;-;    1;-;    4;-;    8;-;    3;-;    2;-;  487;-;  453;-;   34;-;    0;-;    0;-;    0;-;    3;-;    6;-;    6;-;    0;-
4607;5027;05;A;  52;100501; 6;s;03;  384;-;  390;-;   18;-;    5;-;  363;-;  348;-;   14;-;    1;-;    0;-;    1;-;    2;-;   15;-;    7;-;    3;-;  381;-;  358;-;   23;-;    0;-;    2;-;    0;-;    3;-;    2;-;    0;-;    2;-
4607;5027;05;A;  52;100501; 6;s;04;  626;-;  357;-;   13;-;    6;-;  610;-;  565;-;   45;-;    0;-;    0;-;    2;-;    5;-;    6;-;    4;-;    3;-;  349;-;  315;-;   33;-;    1;-;    0;-;    0;-;    1;-;    5;-;    4;-;    2;-
4607;5027;05;A;  52;100501; 6;s;05;  641;-;  465;-;   15;-;   12;-;  620;-;  572;-;   45;-;    3;-;    3;-;    5;-;    2;-;    8;-;    4;-;    3;-;  450;-;  412;-;   37;-;    1;-;    2;-;    1;-;    7;-;    4;-;    4;-;    1;-
4607;5027;05;A;  52;100501; 6;s;06;  791;-;  457;-;   15;-;    8;-;  765;-;  707;-;   54;-;    4;-;    3;-;    2;-;    6;-;    7;-;    5;-;    8;-;  449;-;  408;-;   39;-;    2;-;    0;-;    4;-;    2;-;    2;-;    1;-;    0;-
4607;5027;05;A;  52;100501; 6;s;07;  672;-;  637;-;   20;-;   10;-;  641;-;  576;-;   63;-;    2;-;    8;-;    5;-;    4;-;   11;-;    8;-;    3;-;  623;-;  574;-;   48;-;    1;-;    2;-;    4;-;    5;-;    1;-;    0;-;    2;-
4607;5027;05;A;  52;100501; 6;s;08;  706;-;  671;-;   21;-;   11;-;  673;-;  593;-;   73;-;    7;-;    7;-;    6;-;    7;-;    8;-;    8;-;    5;-;  652;-;  587;-;   62;-;    3;-;    3;-;    0;-;    7;-;    4;-;    4;-;    5;-
4607;5027;05;A;  52;100501; 6;s;09; 1135;-; 1038;-;   19;-;   22;-; 1107;-; 1022;-;   80;-;    5;-;    3;-;    5;-;   10;-;    4;-;    3;-;    6;-; 1004;-;  894;-;   73;-;   37;-;    8;-;   11;-;    7;-;    4;-;    4;-;    4;-
4607;5027;05;A;  52;100501; 6;s;10; 1506;-; 1387;-;   18;-;   22;-; 1470;-; 1362;-;   98;-;   10;-;    9;-;    2;-;   12;-;    4;-;    4;-;    9;-; 1351;-; 1249;-;   92;-;   10;-;    7;-;    8;-;    5;-;    9;-;    6;-;    7;-
4607;5027;05;A;  52;100501; 6;s;11; 1788;-; 1791;-;   17;-;   20;-; 1752;-; 1631;-;  111;-;   10;-;    9;-;    3;-;    6;-;    8;-;    8;-;   10;-; 1750;-; 1620;-;  116;-;   14;-;   11;-;    7;-;    7;-;    6;-;    6;-;   10;-
4607;5027;05;A;  52;100501; 6;s;12; 2016;-; 2044;-;   24;-;   17;-; 1970;-; 1865;-;   89;-;   16;-;   12;-;    7;-;    9;-;    8;-;    6;-;   10;-; 2010;-; 1908;-;   85;-;   17;-;    6;-;    4;-;    7;-;    6;-;    5;-;   11;-
4607;5027;05;A;  52;100501; 6;s;13; 2212;-; 2230;-;   10;-;   13;-; 2176;-; 2062;-;   94;-;   20;-;   10;-;    1;-;    4;-;    5;-;    5;-;   16;-; 2206;-; 2074;-;  107;-;   25;-;    7;-;    4;-;    5;-;    4;-;    4;-;    4;-
4607;5027;05;A;  52;100501; 6;s;14; 2293;-; 2408;-;   12;-;   20;-; 2248;-; 2123;-;  104;-;   21;-;   18;-;    1;-;    9;-;    2;-;    2;-;   15;-; 2372;-; 2276;-;   84;-;   12;-;    6;-;    5;-;    9;-;    6;-;    5;-;   10;-
4607;5027;05;A;  52;100501; 6;s;15; 2292;-; 2406;-;   12;-;   14;-; 2257;-; 2128;-;   86;-;   43;-;    9;-;    0;-;    9;-;    3;-;    2;-;   14;-; 2373;-; 2249;-;  102;-;   22;-;    9;-;    0;-;    9;-;    5;-;    4;-;   10;-
4607;5027;05;A;  52;100501; 6;s;16; 2054;-; 2298;-;    6;-;   14;-; 2017;-; 1891;-;  100;-;   26;-;   14;-;    3;-;    3;-;    0;-;    0;-;   17;-; 2268;-; 2151;-;   96;-;   21;-;    9;-;    2;-;    7;-;    5;-;    2;-;    7;-
4607;5027;05;A;  52;100501; 6;s;17; 1782;-; 1882;-;   13;-;    7;-; 1744;-; 1625;-;   97;-;   22;-;    6;-;    6;-;    5;-;    2;-;    2;-;   19;-; 1854;-; 1765;-;   76;-;   13;-;   11;-;    3;-;    3;-;    1;-;    1;-;   10;-
4607;5027;05;A;  52;100501; 6;s;18; 2020;-; 1977;-;   18;-;    9;-; 1983;-; 1874;-;   96;-;   13;-;    9;-;    5;-;   11;-;    2;-;    2;-;   10;-; 1958;-; 1860;-;   80;-;   18;-;    5;-;    3;-;    5;-;    1;-;    1;-;    5;-
4607;5027;05;A;  52;100501; 6;s;19; 2307;-; 2011;-;   21;-;   11;-; 2262;-; 2146;-;  106;-;   10;-;    5;-;    7;-;   12;-;    2;-;    2;-;   19;-; 1971;-; 1870;-;   89;-;   12;-;   19;-;    4;-;    5;-;    2;-;    2;-;   10;-
4607;5027;05;A;  52;100501; 6;s;20; 1757;-; 1694;-;    8;-;   13;-; 1730;-; 1622;-;   92;-;   16;-;    7;-;    6;-;    2;-;    0;-;    0;-;   12;-; 1663;-; 1568;-;   88;-;    7;-;   10;-;    3;-;    4;-;    6;-;    4;-;    8;-
4607;5027;05;A;  52;100501; 6;s;21; 1350;-; 1417;-;   13;-;    8;-; 1316;-; 1249;-;   60;-;    7;-;    4;-;    8;-;    5;-;    0;-;    0;-;   17;-; 1401;-; 1325;-;   68;-;    8;-;    4;-;    5;-;    2;-;    1;-;    1;-;    4;-
4607;5027;05;A;  52;100501; 6;s;22; 1149;-; 1075;-;   14;-;   11;-; 1122;-; 1048;-;   64;-;   10;-;    2;-;    4;-;    7;-;    3;-;    2;-;   11;-; 1053;-; 1012;-;   33;-;    8;-;    3;-;    3;-;    5;-;    3;-;    2;-;    8;-
4607;5027;05;A;  52;100501; 6;s;23;  953;-; 1100;-;   12;-;    6;-;  928;-;  881;-;   46;-;    1;-;    0;-;    5;-;    6;-;    1;-;    0;-;   13;-; 1094;-; 1040;-;   51;-;    3;-;    0;-;    1;-;    0;-;    5;-;    4;-;    0;-
4607;5027;05;A;  52;100501; 6;s;24;  908;-;  973;-;    4;-;    4;-;  895;-;  857;-;   33;-;    5;-;    1;-;    0;-;    2;-;    2;-;    1;-;    8;-;  960;-;  907;-;   49;-;    4;-;    2;-;    1;-;    2;-;    1;-;    1;-;    7;-
4607;5027;05;A;  52;100502; 7;s;01;  655;-;  634;-;    6;-;    5;-;  643;-;  612;-;   30;-;    1;-;    2;-;    2;-;    3;-;    1;-;    1;-;    4;-;  628;-;  602;-;   23;-;    3;-;    0;-;    3;-;    2;-;    0;-;    0;-;    1;-
4607;5027;05;A;  52;100502; 7;s;02;  463;-;  412;-;    3;-;    3;-;  453;-;  426;-;   19;-;    8;-;    0;-;    1;-;    1;-;    1;-;    0;-;    7;-;  408;-;  388;-;   18;-;    2;-;    0;-;    2;-;    1;-;    0;-;    0;-;    1;-
4607;5027;05;A;  52;100502; 7;s;03;  343;-;  304;-;    6;-;    1;-;  335;-;  312;-;   23;-;    0;-;    1;-;    1;-;    4;-;    1;-;    1;-;    1;-;  300;-;  290;-;   10;-;    0;-;    1;-;    0;-;    1;-;    0;-;    0;-;    2;-
4607;5027;05;A;  52;100502; 7;s;04;  593;-;  299;-;    4;-;    4;-;  587;-;  542;-;   44;-;    1;-;    0;-;    0;-;    4;-;    0;-;    0;-;    2;-;  293;-;  262;-;   30;-;    1;-;    0;-;    0;-;    4;-;    0;-;    0;-;    2;-
4607;5027;05;A;  52;100502; 7;s;05;  552;-;  450;-;    6;-;    3;-;  543;-;  519;-;   23;-;    1;-;    0;-;    3;-;    1;-;    2;-;    2;-;    3;-;  446;-;  409;-;   37;-;    0;-;    0;-;    0;-;    2;-;    1;-;    0;-;    1;-
4607;5027;05;A;  52;100502; 7;s;06;  673;-;  384;-;   17;-;    7;-;  650;-;  604;-;   42;-;    4;-;    3;-;    2;-;    7;-;    8;-;    3;-;    3;-;  375;-;  350;-;   25;-;    0;-;    2;-;    0;-;    4;-;    3;-;    3;-;    0;-
4607;5027;05;A;  52;100502; 7;s;07;  538;-;  421;-;   10;-;    5;-;  518;-;  464;-;   51;-;    3;-;    7;-;    3;-;    4;-;    3;-;    3;-;    3;-;  410;-;  377;-;   31;-;    2;-;    3;-;    3;-;    2;-;    0;-;    0;-;    3;-
4607;5027;05;A;  52;100502; 7;s;08;  895;-;  502;-;   12;-;    6;-;  877;-;  810;-;   64;-;    3;-;    4;-;    1;-;    6;-;    5;-;    5;-;    2;-;  489;-;  448;-;   38;-;    3;-;    4;-;    5;-;    0;-;    1;-;    1;-;    3;-
4607;5027;05;A;  52;100502; 7;s;09; 1037;-;  797;-;    7;-;   15;-; 1015;-;  938;-;   75;-;    2;-;    7;-;    1;-;    3;-;    3;-;    3;-;    8;-;  772;-;  709;-;   56;-;    7;-;    5;-;    6;-;    8;-;    1;-;    1;-;    5;-
4607;5027;05;A;  52;100502; 7;s;10; 1224;-; 1025;-;   11;-;   12;-; 1201;-; 1135;-;   61;-;    5;-;    2;-;    5;-;    3;-;    3;-;    3;-;   10;-; 1005;-;  917;-;   65;-;   23;-;    1;-;    4;-;    3;-;    5;-;    5;-;    7;-
4607;5027;05;A;  52;100502; 7;s;11; 1440;-; 1393;-;    7;-;   12;-; 1412;-; 1328;-;   79;-;    5;-;    7;-;    2;-;    3;-;    2;-;    2;-;   14;-; 1373;-; 1282;-;   79;-;   12;-;    3;-;    3;-;    4;-;    5;-;    4;-;    5;-
4607;5027;05;A;  52;100502; 7;s;12; 1876;-; 1597;-;   15;-;   11;-; 1843;-; 1731;-;  102;-;   10;-;    4;-;    3;-;    3;-;    9;-;    6;-;   14;-; 1568;-; 1485;-;   75;-;    8;-;    7;-;    4;-;    1;-;    6;-;    5;-;   11;-
4607;5027;05;A;  52;100502; 7;s;13; 2200;-; 2009;-;   15;-;   16;-; 2165;-; 2054;-;  107;-;    4;-;   11;-;    0;-;    7;-;    8;-;    8;-;    9;-; 1977;-; 1893;-;   75;-;    9;-;   13;-;    0;-;    8;-;    8;-;    6;-;    3;-
4607;5027;05;A;  52;100502; 7;s;14; 2461;-; 2106;-;   13;-;   10;-; 2429;-; 2331;-;   79;-;   19;-;    6;-;    0;-;    7;-;    6;-;    5;-;   13;-; 2085;-; 1998;-;   78;-;    9;-;    6;-;    0;-;    5;-;    5;-;    2;-;    5;-
4607;5027;05;A;  52;100502; 7;s;15; 2527;-; 2792;-;   11;-;   22;-; 2486;-; 2369;-;   99;-;   18;-;   12;-;    0;-;    6;-;    5;-;    5;-;   18;-; 2759;-; 2635;-;   96;-;   28;-;    7;-;    4;-;   10;-;    8;-;    4;-;    4;-
4607;5027;05;A;  52;100502; 7;s;16; 2300;-; 2816;-;    8;-;   29;-; 2260;-; 2151;-;  101;-;    8;-;   11;-;    0;-;    4;-;    4;-;    4;-;   21;-; 2772;-; 2654;-;  109;-;    9;-;    7;-;   10;-;   12;-;    7;-;    6;-;    8;-
4607;5027;05;A;  52;100502; 7;s;17; 2367;-; 2571;-;   15;-;   15;-; 2329;-; 2255;-;   71;-;    3;-;    6;-;    5;-;    3;-;    7;-;    7;-;   17;-; 2539;-; 2455;-;   80;-;    4;-;    9;-;    7;-;    6;-;    2;-;    1;-;    8;-
4607;5027;05;A;  52;100502; 7;s;18; 2548;-; 2523;-;   13;-;   18;-; 2511;-; 2438;-;   70;-;    3;-;    4;-;    1;-;    6;-;    6;-;    6;-;   20;-; 2473;-; 2354;-;  105;-;   14;-;   23;-;    5;-;    5;-;    8;-;    6;-;    9;-
4607;5027;05;A;  52;100502; 7;s;19; 2457;-; 2281;-;   23;-;   17;-; 2402;-; 2304;-;   87;-;   11;-;   14;-;    7;-;    8;-;    8;-;    6;-;   18;-; 2243;-; 2144;-;   95;-;    4;-;   14;-;    0;-;    9;-;    8;-;    7;-;    7;-
4607;5027;05;A;  52;100502; 7;s;20; 2177;-; 1748;-;   24;-;   22;-; 2126;-; 2019;-;   99;-;    8;-;    9;-;    3;-;   10;-;   11;-;    8;-;   18;-; 1707;-; 1615;-;   87;-;    5;-;   13;-;   11;-;    2;-;    9;-;    8;-;    6;-
4607;5027;05;A;  52;100502; 7;s;21; 2012;-; 1440;-;   41;-;   18;-; 1960;-; 1867;-;   87;-;    6;-;    4;-;   16;-;    9;-;   16;-;    9;-;    7;-; 1412;-; 1344;-;   66;-;    2;-;    5;-;    4;-;    5;-;    9;-;    7;-;    5;-
4607;5027;05;A;  52;100502; 7;s;22; 1474;-; 1118;-;   26;-;   23;-; 1431;-; 1348;-;   77;-;    6;-;    6;-;    2;-;    9;-;   15;-;   14;-;   11;-; 1089;-; 1049;-;   39;-;    1;-;    1;-;    7;-;    8;-;    8;-;    7;-;    5;-
4607;5027;05;A;  52;100502; 7;s;23;  994;-;  988;-;   34;-;   40;-;  946;-;  883;-;   59;-;    4;-;    4;-;    0;-;    7;-;   27;-;   22;-;   10;-;  938;-;  886;-;   50;-;    2;-;    5;-;    1;-;   11;-;   28;-;   20;-;    5;-
4607;5027;05;A;  52;100502; 7;s;24;  596;-;  738;-;   33;-;   33;-;  554;-;  498;-;   56;-;    0;-;    1;-;    0;-;    5;-;   28;-;   18;-;    8;-;  702;-;  656;-;   44;-;    2;-;    1;-;    2;-;    8;-;   23;-;   20;-;    2;-
4607;5027;05;A;  52;100503; 1;w;01;  255;-;  350;-;   31;-;   26;-;  220;-;  196;-;   23;-;    1;-;    1;-;    2;-;   11;-;   18;-;   13;-;    3;-;  323;-;  304;-;   19;-;    0;-;    0;-;    3;-;    3;-;   20;-;   13;-;    1;-
4607;5027;05;A;  52;100503; 1;w;02;  157;-;  164;-;   35;-;   22;-;  117;-;   98;-;   18;-;    1;-;    3;-;    0;-;    5;-;   30;-;   24;-;    2;-;  141;-;  116;-;   25;-;    0;-;    0;-;    2;-;    3;-;   17;-;    7;-;    1;-
4607;5027;05;A;  52;100503; 1;w;03;  175;-;  126;-;   40;-;   40;-;  134;-;  121;-;   13;-;    0;-;    1;-;    0;-;   10;-;   30;-;   24;-;    0;-;   86;-;   74;-;   12;-;    0;-;    0;-;    0;-;   12;-;   28;-;   17;-;    0;-
4607;5027;05;A;  52;100503; 1;w;04;  506;-;  214;-;   47;-;   59;-;  457;-;  409;-;   47;-;    1;-;    2;-;    0;-;   17;-;   30;-;   22;-;    0;-;  154;-;  117;-;   37;-;    0;-;    1;-;    0;-;   28;-;   31;-;   24;-;    0;-
4607;5027;05;A;  52;100503; 1;w;05;  989;-;  387;-;  117;-;   68;-;  858;-;  811;-;   40;-;    7;-;    6;-;    7;-;   43;-;   67;-;   50;-;    8;-;  315;-;  276;-;   39;-;    0;-;    0;-;    2;-;   28;-;   38;-;   28;-;    4;-
4607;5027;05;A;  52;100503; 1;w;06; 2357;-;  955;-;  137;-;  117;-; 2193;-; 2093;-;   92;-;    8;-;    9;-;    3;-;   60;-;   74;-;   60;-;   18;-;  831;-;  759;-;   65;-;    7;-;    3;-;    5;-;   37;-;   75;-;   60;-;    4;-
4607;5027;05;A;  52;100503; 1;w;07; 4698;-; 2156;-;  207;-;  187;-; 4447;-; 4253;-;  172;-;   22;-;    7;-;    7;-;   82;-;  118;-;   91;-;   37;-; 1947;-; 1805;-;  138;-;    4;-;    9;-;    3;-;   81;-;  103;-;   72;-;   13;-
4607;5027;05;A;  52;100503; 1;w;08; 5848;-; 3530;-;  187;-;  182;-; 5575;-; 5357;-;  201;-;   17;-;   21;-;   10;-;   81;-;   96;-;   68;-;   65;-; 3323;-; 3127;-;  190;-;    6;-;    7;-;    7;-;   88;-;   87;-;   64;-;   18;-
4607;5027;05;A;  52;100503; 1;w;09; 5828;-; 3865;-;  209;-;  238;-; 5581;-; 5370;-;  195;-;   16;-;   18;-;    3;-;  101;-;  105;-;   86;-;   20;-; 3593;-; 3403;-;  186;-;    4;-;   14;-;    9;-;  116;-;  113;-;   87;-;   20;-
4607;5027;05;A;  52;100503; 1;w;10; 5090;-; 2818;-;  261;-;  231;-; 4768;-; 4548;-;  212;-;    8;-;   27;-;    3;-;   95;-;  163;-;  118;-;   34;-; 2565;-; 2347;-;  216;-;    2;-;   13;-;   10;-;  110;-;  111;-;   91;-;    9;-
4607;5027;05;A;  52;100503; 1;w;11; 3775;-; 2473;-;  283;-;  251;-; 3439;-; 3226;-;  210;-;    3;-;   21;-;    4;-;  116;-;  163;-;  123;-;   32;-; 2198;-; 1995;-;  200;-;    3;-;   15;-;    8;-;  105;-;  138;-;  104;-;    9;-
4607;5027;05;A;  52;100503; 1;w;12; 2955;-; 2578;-;  255;-;  274;-; 2666;-; 2476;-;  186;-;    4;-;   14;-;    4;-;   85;-;  166;-;  137;-;   20;-; 2285;-; 2072;-;  211;-;    2;-;   12;-;    8;-;  102;-;  164;-;  129;-;    7;-
4607;5027;05;A;  52;100503; 1;w;13; 2990;-; 2898;-;  258;-;  261;-; 2685;-; 2493;-;  181;-;   11;-;   11;-;    9;-;   86;-;  163;-;  130;-;   36;-; 2613;-; 2407;-;  197;-;    9;-;   15;-;    2;-;  104;-;  155;-;  107;-;    9;-
4607;5027;05;A;  52;100503; 1;w;14; 3043;-; 3281;-;  248;-;  253;-; 2765;-; 2586;-;  171;-;    8;-;   14;-;    6;-;   96;-;  146;-;  123;-;   16;-; 3004;-; 2773;-;  226;-;    5;-;   14;-;    9;-;  100;-;  144;-;  112;-;   10;-
4607;5027;05;A;  52;100503; 1;w;15; 2792;-; 3815;-;  262;-;  223;-; 2493;-; 2289;-;  192;-;   12;-;   12;-;   10;-;   88;-;  164;-;  133;-;   25;-; 3570;-; 3333;-;  230;-;    7;-;   11;-;    3;-;   90;-;  130;-;   92;-;   11;-
4607;5027;05;A;  52;100503; 1;w;16; 2945;-; 4748;-;  203;-;  224;-; 2713;-; 2522;-;  184;-;    7;-;   17;-;    8;-;   94;-;  101;-;   82;-;   12;-; 4485;-; 4189;-;  283;-;   13;-;   22;-;    7;-;   92;-;  125;-;   88;-;   17;-
4607;5027;05;A;  52;100503; 1;w;17; 3285;-; 5531;-;  164;-;  226;-; 3083;-; 2889;-;  183;-;   11;-;   19;-;    7;-;   75;-;   82;-;   68;-;   19;-; 5266;-; 4998;-;  250;-;   18;-;   23;-;    9;-;   92;-;  125;-;   96;-;   16;-
4607;5027;05;A;  52;100503; 1;w;18; 3526;-; 5911;-;  149;-;  144;-; 3353;-; 3215;-;  130;-;    8;-;    9;-;    3;-;   37;-;  109;-;   84;-;   15;-; 5731;-; 5545;-;  175;-;   11;-;   26;-;   10;-;   52;-;   82;-;   72;-;   10;-
4607;5027;05;A;  52;100503; 1;w;19; 3265;-; 5016;-;   82;-;   90;-; 3150;-; 3002;-;  143;-;    5;-;   10;-;    1;-;   28;-;   53;-;   42;-;   23;-; 4892;-; 4718;-;  167;-;    7;-;   23;-;    5;-;   29;-;   56;-;   45;-;   11;-
4607;5027;05;A;  52;100503; 1;w;20; 2226;-; 3307;-;   66;-;   80;-; 2128;-; 2001;-;  121;-;    6;-;   12;-;    2;-;   18;-;   46;-;   35;-;   20;-; 3202;-; 3032;-;  163;-;    7;-;    7;-;    1;-;   27;-;   52;-;   42;-;   18;-
4607;5027;05;A;  52;100503; 1;w;21; 1464;-; 1942;-;   58;-;   89;-; 1390;-; 1284;-;  102;-;    4;-;    4;-;    4;-;   12;-;   42;-;   36;-;   12;-; 1838;-; 1710;-;  119;-;    9;-;    6;-;    7;-;   20;-;   62;-;   40;-;    9;-
4607;5027;05;A;  52;100503; 1;w;22; 1281;-; 1557;-;   56;-;   53;-; 1209;-; 1131;-;   77;-;    1;-;    6;-;    3;-;   12;-;   41;-;   34;-;   10;-; 1493;-; 1416;-;   70;-;    7;-;    8;-;    1;-;   14;-;   38;-;   26;-;    3;-
4607;5027;05;A;  52;100503; 1;w;23;  803;-; 1301;-;   53;-;   42;-;  742;-;  685;-;   55;-;    2;-;    1;-;    3;-;   16;-;   34;-;   22;-;    7;-; 1256;-; 1188;-;   61;-;    7;-;    0;-;    3;-;   10;-;   29;-;   22;-;    3;-
4607;5027;05;A;  52;100503; 1;w;24;  482;-;  780;-;   43;-;   54;-;  437;-;  389;-;   47;-;    1;-;    0;-;    3;-;   12;-;   28;-;   22;-;    2;-;  724;-;  682;-;   41;-;    1;-;    2;-;    5;-;    6;-;   43;-;   30;-;    0;-
4607;5027;05;A;  52;100504; 2;w;01;  241;-;  369;-;   39;-;   54;-;  201;-;  172;-;   28;-;    1;-;    0;-;    1;-;    6;-;   32;-;   26;-;    1;-;  314;-;  282;-;   30;-;    2;-;    0;-;    5;-;    7;-;   42;-;   26;-;    1;-
4607;5027;05;A;  52;100504; 2;w;02;  159;-;  178;-;   44;-;   35;-;  114;-;   94;-;   19;-;    1;-;    0;-;    2;-;   14;-;   28;-;   22;-;    1;-;  139;-;  117;-;   22;-;    0;-;    1;-;    2;-;    7;-;   26;-;   22;-;    3;-
4607;5027;05;A;  52;100504; 2;w;03;  154;-;  131;-;   48;-;   43;-;  105;-;   89;-;   15;-;    1;-;    1;-;    0;-;   11;-;   37;-;   22;-;    0;-;   87;-;   69;-;   17;-;    1;-;    0;-;    0;-;   18;-;   25;-;   21;-;    1;-
4607;5027;05;A;  52;100504; 2;w;04;  519;-;  250;-;   74;-;   66;-;  441;-;  399;-;   40;-;    2;-;    2;-;    3;-;   21;-;   50;-;   34;-;    2;-;  183;-;  158;-;   25;-;    0;-;    0;-;    1;-;   25;-;   40;-;   26;-;    1;-
4607;5027;05;A;  52;100504; 2;w;05;  991;-;  419;-;  115;-;   89;-;  866;-;  809;-;   48;-;    9;-;    2;-;    6;-;   44;-;   65;-;   42;-;    8;-;  325;-;  287;-;   38;-;    0;-;    3;-;    1;-;   32;-;   56;-;   45;-;    2;-
4607;5027;05;A;  52;100504; 2;w;06; 2646;-;  911;-;  205;-;  130;-; 2420;-; 2286;-;  117;-;   17;-;    3;-;    2;-;   70;-;  133;-;  112;-;   18;-;  771;-;  687;-;   82;-;    2;-;    6;-;    3;-;   43;-;   84;-;   63;-;    4;-
4607;5027;05;A;  52;100504; 2;w;07; 5389;-; 2119;-;  232;-;  184;-; 5092;-; 4817;-;  249;-;   26;-;   22;-;    2;-;   90;-;  140;-;  104;-;   43;-; 1913;-; 1756;-;  151;-;    6;-;   12;-;    4;-;   78;-;  102;-;   79;-;   10;-
4607;5027;05;A;  52;100504; 2;w;08; 6762;-; 3574;-;  235;-;  196;-; 6480;-; 6208;-;  260;-;   12;-;   27;-;   10;-;  100;-;  125;-;   90;-;   20;-; 3354;-; 3153;-;  198;-;    3;-;   11;-;    7;-;   86;-;  103;-;   79;-;   13;-
4607;5027;05;A;  52;100504; 2;w;09; 6232;-; 3905;-;  272;-;  243;-; 5916;-; 5672;-;  230;-;   14;-;   16;-;   10;-;  108;-;  154;-;  125;-;   28;-; 3639;-; 3435;-;  195;-;    9;-;    9;-;   12;-;   96;-;  135;-;  106;-;   14;-
4607;5027;05;A;  52;100504; 2;w;10; 4227;-; 2846;-;  297;-;  278;-; 3892;-; 3712;-;  173;-;    7;-;   14;-;    6;-;  109;-;  182;-;  138;-;   24;-; 2548;-; 2321;-;  222;-;    5;-;   12;-;    7;-;  128;-;  143;-;  112;-;    8;-
4607;5027;05;A;  52;100504; 2;w;11; 3228;-; 2438;-;  272;-;  274;-; 2925;-; 2734;-;  189;-;    2;-;   16;-;    5;-;  114;-;  153;-;  116;-;   15;-; 2146;-; 1923;-;  219;-;    4;-;    6;-;    3;-;  107;-;  164;-;  131;-;   12;-
4607;5027;05;A;  52;100504; 2;w;12; 2825;-; 2514;-;  253;-;  278;-; 2540;-; 2337;-;  190;-;   13;-;   14;-;    4;-;  109;-;  140;-;  110;-;   18;-; 2214;-; 2003;-;  207;-;    4;-;   15;-;    7;-;   99;-;  172;-;  127;-;    7;-
4607;5027;05;A;  52;100504; 2;w;13; 3069;-; 2899;-;  265;-;  252;-; 2759;-; 2520;-;  230;-;    9;-;   18;-;    5;-;   98;-;  162;-;  123;-;   27;-; 2623;-; 2389;-;  226;-;    8;-;   15;-;    3;-;  101;-;  148;-;  121;-;    9;-
4607;5027;05;A;  52;100504; 2;w;14; 3186;-; 3444;-;  260;-;  284;-; 2873;-; 2702;-;  160;-;   11;-;   17;-;    6;-;   72;-;  182;-;  148;-;   36;-; 3130;-; 2871;-;  248;-;   11;-;   20;-;    2;-;  121;-;  161;-;  123;-;   10;-
4607;5027;05;A;  52;100504; 2;w;15; 2924;-; 4041;-;  249;-;  255;-; 2642;-; 2435;-;  193;-;   14;-;   14;-;    2;-;   80;-;  167;-;  127;-;   19;-; 3755;-; 3521;-;  222;-;   12;-;   21;-;    7;-;  109;-;  139;-;  106;-;   10;-
4607;5027;05;A;  52;100504; 2;w;16; 3025;-; 4702;-;  223;-;  199;-; 2764;-; 2553;-;  204;-;    7;-;   17;-;    1;-;   86;-;  136;-;  113;-;   21;-; 4474;-; 4199;-;  257;-;   18;-;   17;-;    6;-;   74;-;  119;-;   88;-;   12;-
4607;5027;05;A;  52;100504; 2;w;17; 3391;-; 5608;-;  188;-;  194;-; 3165;-; 2976;-;  177;-;   12;-;   14;-;    7;-;   75;-;  106;-;   84;-;   24;-; 5382;-; 5124;-;  238;-;   20;-;   25;-;    8;-;   70;-;  116;-;   90;-;    7;-
4607;5027;05;A;  52;100504; 2;w;18; 3693;-; 6016;-;  123;-;  138;-; 3513;-; 3358;-;  143;-;   12;-;    9;-;    5;-;   44;-;   74;-;   60;-;   48;-; 5851;-; 5675;-;  163;-;   13;-;   17;-;    5;-;   41;-;   92;-;   69;-;   10;-
4607;5027;05;A;  52;100504; 2;w;19; 3369;-; 5483;-;   85;-;  113;-; 3260;-; 3116;-;  128;-;   16;-;    4;-;    2;-;   20;-;   63;-;   42;-;   20;-; 5330;-; 5148;-;  166;-;   16;-;   18;-;    4;-;   30;-;   79;-;   66;-;   22;-
4607;5027;05;A;  52;100504; 2;w;20; 2481;-; 3396;-;   71;-;   84;-; 2386;-; 2258;-;  123;-;    5;-;   10;-;    5;-;   13;-;   53;-;   40;-;   14;-; 3287;-; 3116;-;  152;-;   19;-;    8;-;    2;-;   24;-;   58;-;   47;-;   17;-
4607;5027;05;A;  52;100504; 2;w;21; 1661;-; 2206;-;   57;-;   65;-; 1580;-; 1455;-;  115;-;   10;-;    4;-;    3;-;   12;-;   42;-;   33;-;   20;-; 2121;-; 1990;-;  125;-;    6;-;    8;-;    6;-;    9;-;   50;-;   30;-;   12;-
4607;5027;05;A;  52;100504; 2;w;22; 1445;-; 1833;-;   58;-;   68;-; 1377;-; 1302;-;   65;-;   10;-;    3;-;    4;-;   14;-;   40;-;   26;-;    7;-; 1754;-; 1655;-;   86;-;   13;-;    3;-;    3;-;   14;-;   51;-;   38;-;    8;-
4607;5027;05;A;  52;100504; 2;w;23; 1103;-; 1640;-;   45;-;   39;-; 1044;-;  959;-;   79;-;    6;-;    2;-;    2;-;   11;-;   32;-;   26;-;   12;-; 1594;-; 1517;-;   70;-;    7;-;    2;-;    2;-;    8;-;   29;-;   20;-;    5;-
4607;5027;05;A;  52;100504; 2;w;24;  504;-; 1057;-;   33;-;   61;-;  465;-;  423;-;   41;-;    1;-;    3;-;    1;-;    8;-;   24;-;   17;-;    3;-;  987;-;  930;-;   55;-;    2;-;    3;-;    1;-;    8;-;   52;-;   35;-;    6;-
4607;5027;05;A;  52;100505; 3;w;01;  272;-;  420;-;   36;-;   34;-;  234;-;  196;-;   38;-;    0;-;    0;-;    0;-;   10;-;   26;-;   19;-;    2;-;  385;-;  347;-;   33;-;    5;-;    1;-;    2;-;    6;-;   26;-;   20;-;    0;-
4607;5027;05;A;  52;100505; 3;w;02;  154;-;  199;-;   39;-;   38;-;  112;-;   99;-;   13;-;    0;-;    3;-;    1;-;   12;-;   26;-;   17;-;    0;-;  160;-;  134;-;   26;-;    0;-;    1;-;    1;-;    7;-;   30;-;   23;-;    0;-
4607;5027;05;A;  52;100505; 3;w;03;  168;-;  145;-;   51;-;   44;-;  115;-;   96;-;   19;-;    0;-;    0;-;    0;-;   12;-;   39;-;   23;-;    2;-;  100;-;   88;-;   11;-;    1;-;    1;-;    0;-;   15;-;   29;-;   19;-;    0;-
4607;5027;05;A;  52;100505; 3;w;04;  488;-;  240;-;   66;-;   65;-;  419;-;  371;-;   45;-;    3;-;    0;-;    2;-;   17;-;   47;-;   33;-;    3;-;  170;-;  120;-;   50;-;    0;-;    3;-;    1;-;   26;-;   38;-;   27;-;    2;-
4607;5027;05;A;  52;100505; 3;w;05;  897;-;  441;-;  108;-;   87;-;  775;-;  725;-;   45;-;    5;-;    2;-;    4;-;   49;-;   55;-;   38;-;   12;-;  353;-;  305;-;   47;-;    1;-;    1;-;    1;-;   37;-;   49;-;   35;-;    0;-
4607;5027;05;A;  52;100505; 3;w;06; 2652;-;  820;-;  196;-;  125;-; 2442;-; 2313;-;  109;-;   20;-;    3;-;    4;-;   81;-;  111;-;   95;-;   11;-;  689;-;  617;-;   68;-;    4;-;    2;-;    2;-;   37;-;   86;-;   62;-;    4;-
4607;5027;05;A;  52;100505; 3;w;07; 5341;-; 2165;-;  224;-;  187;-; 5047;-; 4766;-;  254;-;   27;-;   18;-;    4;-;   87;-;  133;-;  101;-;   52;-; 1957;-; 1776;-;  170;-;   11;-;   12;-;    3;-;   80;-;  104;-;   80;-;    9;-
4607;5027;05;A;  52;100505; 3;w;08; 6712;-; 3566;-;  254;-;  210;-; 6377;-; 6159;-;  205;-;   13;-;   24;-;   10;-;  113;-;  131;-;   93;-;   57;-; 3331;-; 3138;-;  188;-;    5;-;   13;-;    6;-;   94;-;  110;-;   92;-;   12;-
4607;5027;05;A;  52;100505; 3;w;09; 6027;-; 4030;-;  232;-;  245;-; 5756;-; 5514;-;  226;-;   16;-;   14;-;    6;-;   98;-;  128;-;   97;-;   25;-; 3759;-; 3526;-;  227;-;    6;-;   13;-;   13;-;  112;-;  120;-;   92;-;   13;-
4607;5027;05;A;  52;100505; 3;w;10; 4329;-; 2890;-;  291;-;  279;-; 3982;-; 3766;-;  202;-;   14;-;   13;-;   10;-;  105;-;  176;-;  142;-;   43;-; 2583;-; 2343;-;  236;-;    4;-;   17;-;   11;-;  113;-;  155;-;  120;-;   11;-
4607;5027;05;A;  52;100505; 3;w;11; 3197;-; 2597;-;  287;-;  281;-; 2871;-; 2672;-;  190;-;    9;-;   16;-;   12;-;  101;-;  174;-;  136;-;   23;-; 2288;-; 2065;-;  216;-;    7;-;   20;-;    1;-;  115;-;  165;-;  131;-;    8;-
4607;5027;05;A;  52;100505; 3;w;12; 2838;-; 2715;-;  270;-;  270;-; 2537;-; 2344;-;  188;-;    5;-;   19;-;    3;-;  114;-;  153;-;  114;-;   12;-; 2410;-; 2205;-;  201;-;    4;-;   21;-;    3;-;  101;-;  166;-;  136;-;   14;-
4607;5027;05;A;  52;100505; 3;w;13; 3128;-; 3083;-;  262;-;  254;-; 2839;-; 2622;-;  198;-;   19;-;   15;-;    7;-;   97;-;  158;-;  128;-;   12;-; 2797;-; 2569;-;  222;-;    6;-;   22;-;    4;-;  100;-;  150;-;  115;-;   10;-
4607;5027;05;A;  52;100505; 3;w;14; 3251;-; 3516;-;  253;-;  252;-; 2955;-; 2739;-;  201;-;   15;-;   17;-;    8;-;   95;-;  150;-;  124;-;   26;-; 3245;-; 3023;-;  208;-;   14;-;   12;-;   18;-;  103;-;  131;-;  103;-;    7;-
4607;5027;05;A;  52;100505; 3;w;15; 3067;-; 3972;-;  214;-;  251;-; 2816;-; 2595;-;  213;-;    8;-;   20;-;    7;-;   69;-;  138;-;  101;-;   17;-; 3687;-; 3450;-;  225;-;   12;-;   21;-;    6;-;  108;-;  137;-;  111;-;   13;-
4607;5027;05;A;  52;100505; 3;w;16; 3088;-; 5152;-;  212;-;  226;-; 2841;-; 2607;-;  221;-;   13;-;   15;-;    3;-;   83;-;  126;-;  108;-;   20;-; 4892;-; 4611;-;  260;-;   21;-;   23;-;    6;-;   91;-;  129;-;   96;-;   11;-
4607;5027;05;A;  52;100505; 3;w;17; 3660;-; 5637;-;  181;-;  193;-; 3448;-; 3239;-;  195;-;   14;-;   13;-;    7;-;   64;-;  110;-;   86;-;   18;-; 5401;-; 5136;-;  242;-;   23;-;   31;-;    9;-;   68;-;  116;-;   88;-;   12;-
4607;5027;05;A;  52;100505; 3;w;18; 3587;-; 5768;-;  112;-;  153;-; 3450;-; 3291;-;  143;-;   16;-;   12;-;    6;-;   33;-;   73;-;   52;-;   13;-; 5593;-; 5422;-;  155;-;   16;-;   14;-;    7;-;   46;-;  100;-;   74;-;    8;-
4607;5027;05;A;  52;100505; 3;w;19; 3638;-; 5546;-;  118;-;  109;-; 3481;-; 3349;-;  121;-;   11;-;    8;-;    3;-;   30;-;   85;-;   62;-;   31;-; 5410;-; 5268;-;  131;-;   11;-;   17;-;    4;-;   25;-;   80;-;   71;-;   10;-
4607;5027;05;A;  52;100505; 3;w;20; 2448;-; 3682;-;   71;-;  104;-; 2357;-; 2208;-;  143;-;    6;-;    5;-;    4;-;   13;-;   54;-;   43;-;   15;-; 3553;-; 3392;-;  151;-;   10;-;   10;-;    3;-;   35;-;   66;-;   56;-;   15;-
4607;5027;05;A;  52;100505; 3;w;21; 1616;-; 2340;-;   70;-;   84;-; 1531;-; 1420;-;  105;-;    6;-;    5;-;    3;-;   16;-;   51;-;   36;-;   10;-; 2233;-; 2104;-;  124;-;    5;-;    7;-;    6;-;   15;-;   63;-;   44;-;   16;-
4607;5027;05;A;  52;100505; 3;w;22; 1447;-; 1873;-;   63;-;   64;-; 1371;-; 1266;-;  100;-;    5;-;    3;-;    3;-;   13;-;   47;-;   34;-;   10;-; 1800;-; 1695;-;   91;-;   14;-;    2;-;    2;-;   15;-;   47;-;   32;-;    7;-
4607;5027;05;A;  52;100505; 3;w;23;  985;-; 1667;-;   50;-;   47;-;  919;-;  858;-;   59;-;    2;-;    1;-;    1;-;   14;-;   35;-;   24;-;   15;-; 1615;-; 1539;-;   69;-;    7;-;    2;-;    3;-;    9;-;   35;-;   25;-;    3;-
4607;5027;05;A;  52;100505; 3;w;24;  593;-; 1007;-;   43;-;   54;-;  542;-;  498;-;   41;-;    3;-;    1;-;    1;-;   11;-;   31;-;   24;-;    7;-;  951;-;  887;-;   63;-;    1;-;    0;-;    2;-;    6;-;   46;-;   28;-;    2;-
4607;5027;05;A;  52;100506; 4;w;01;  324;-;  412;-;   43;-;   41;-;  279;-;  235;-;   43;-;    1;-;    1;-;    0;-;    6;-;   37;-;   27;-;    1;-;  367;-;  333;-;   32;-;    2;-;    3;-;    2;-;    7;-;   32;-;   24;-;    1;-
4607;5027;05;A;  52;100506; 4;w;02;  190;-;  211;-;   36;-;   33;-;  153;-;  125;-;   28;-;    0;-;    0;-;    1;-;    6;-;   29;-;   25;-;    1;-;  177;-;  157;-;   20;-;    0;-;    0;-;    0;-;    6;-;   27;-;   23;-;    1;-
4607;5027;05;A;  52;100506; 4;w;03;  173;-;  161;-;   50;-;   44;-;  119;-;  106;-;   13;-;    0;-;    2;-;    0;-;   10;-;   40;-;   26;-;    2;-;  116;-;   84;-;   31;-;    1;-;    0;-;    0;-;   12;-;   32;-;   22;-;    1;-
4607;5027;05;A;  52;100506; 4;w;04;  454;-;  228;-;   69;-;   60;-;  383;-;  331;-;   48;-;    4;-;    2;-;    2;-;   22;-;   45;-;   25;-;    0;-;  166;-;  139;-;   27;-;    0;-;    1;-;    2;-;   23;-;   35;-;   25;-;    1;-
4607;5027;05;A;  52;100506; 4;w;05; 1019;-;  464;-;  115;-;   73;-;  896;-;  819;-;   75;-;    2;-;    4;-;    7;-;   44;-;   64;-;   42;-;    4;-;  390;-;  337;-;   51;-;    2;-;    1;-;    1;-;   28;-;   44;-;   35;-;    0;-
4607;5027;05;A;  52;100506; 4;w;06; 2728;-;  891;-;  205;-;  118;-; 2495;-; 2373;-;  108;-;   14;-;    8;-;    3;-;   70;-;  132;-;  106;-;   20;-;  767;-;  678;-;   84;-;    5;-;    3;-;    5;-;   34;-;   79;-;   68;-;    3;-
4607;5027;05;A;  52;100506; 4;w;07; 5355;-; 2195;-;  251;-;  191;-; 5057;-; 4758;-;  274;-;   25;-;   19;-;    7;-;   87;-;  157;-;  111;-;   28;-; 1982;-; 1807;-;  170;-;    5;-;   14;-;    4;-;   75;-;  112;-;   84;-;    8;-
4607;5027;05;A;  52;100506; 4;w;08; 6705;-; 3655;-;  237;-;  212;-; 6401;-; 6150;-;  236;-;   15;-;   28;-;   13;-;   95;-;  129;-;   97;-;   39;-; 3419;-; 3216;-;  195;-;    8;-;   11;-;    7;-;   90;-;  115;-;   87;-;   13;-
4607;5027;05;A;  52;100506; 4;w;09; 6112;-; 4054;-;  273;-;  250;-; 5800;-; 5583;-;  210;-;    7;-;   18;-;   13;-;  100;-;  160;-;  125;-;   21;-; 3779;-; 3535;-;  238;-;    6;-;   13;-;    7;-;  105;-;  138;-;  106;-;   12;-
4607;5027;05;A;  52;100506; 4;w;10; 4835;-; 3241;-;  334;-;  305;-; 4466;-; 4237;-;  222;-;    7;-;   22;-;    5;-;  126;-;  203;-;  147;-;   13;-; 2907;-; 2661;-;  239;-;    7;-;   19;-;    8;-;  126;-;  171;-;  129;-;   10;-
4607;5027;05;A;  52;100506; 4;w;11; 3138;-; 2577;-;  284;-;  285;-; 2827;-; 2632;-;  185;-;   10;-;   19;-;    5;-;  104;-;  175;-;  131;-;    8;-; 2271;-; 2051;-;  215;-;    5;-;   14;-;    5;-;  106;-;  174;-;  132;-;    7;-
4607;5027;05;A;  52;100506; 4;w;12; 2770;-; 2617;-;  252;-;  242;-; 2492;-; 2323;-;  163;-;    6;-;   15;-;    5;-;   83;-;  164;-;  128;-;   11;-; 2347;-; 2099;-;  242;-;    6;-;   16;-;    4;-;   93;-;  145;-;  105;-;   12;-
4607;5027;05;A;  52;100506; 4;w;13; 3008;-; 2929;-;  270;-;  266;-; 2712;-; 2539;-;  167;-;    6;-;   17;-;    4;-;   81;-;  185;-;  154;-;    9;-; 2640;-; 2418;-;  218;-;    4;-;   18;-;    4;-;   96;-;  166;-;  131;-;    5;-
4607;5027;05;A;  52;100506; 4;w;14; 3123;-; 3505;-;  244;-;  245;-; 2845;-; 2662;-;  178;-;    5;-;   17;-;    2;-;   84;-;  158;-;  127;-;   17;-; 3231;-; 3009;-;  216;-;    6;-;   20;-;    2;-;   90;-;  153;-;  119;-;    9;-
4607;5027;05;A;  52;100506; 4;w;15; 2874;-; 4103;-;  232;-;  262;-; 2621;-; 2442;-;  175;-;    4;-;   10;-;    7;-;   74;-;  151;-;  121;-;   11;-; 3811;-; 3591;-;  208;-;   12;-;   17;-;    7;-;  111;-;  144;-;  110;-;   13;-
4607;5027;05;A;  52;100506; 4;w;16; 2957;-; 4396;-;  190;-;  219;-; 2742;-; 2566;-;  172;-;    4;-;   10;-;    4;-;   65;-;  121;-;   93;-;   15;-; 4142;-; 3953;-;  175;-;   14;-;   23;-;    5;-;   79;-;  135;-;  101;-;   12;-
4607;5027;05;A;  52;100506; 4;w;17; 3026;-; 4965;-;  161;-;  182;-; 2838;-; 2702;-;  132;-;    4;-;    8;-;    2;-;   67;-;   92;-;   70;-;   19;-; 4742;-; 4570;-;  159;-;   13;-;   22;-;    8;-;   71;-;  103;-;   81;-;   19;-
4607;5027;05;A;  52;100506; 4;w;18; 3643;-; 5339;-;  124;-;  174;-; 3495;-; 3377;-;  112;-;    6;-;   11;-;    4;-;   42;-;   78;-;   61;-;   13;-; 5145;-; 5013;-;  122;-;   10;-;   13;-;   11;-;   53;-;  110;-;   88;-;    7;-
4607;5027;05;A;  52;100506; 4;w;19; 4047;-; 5199;-;  115;-;  131;-; 3901;-; 3758;-;  140;-;    3;-;   11;-;    4;-;   34;-;   77;-;   62;-;   20;-; 5039;-; 4919;-;  115;-;    5;-;   21;-;    7;-;   37;-;   87;-;   74;-;    8;-
4607;5027;05;A;  52;100506; 4;w;20; 2781;-; 3982;-;   99;-;  100;-; 2657;-; 2538;-;  117;-;    2;-;    9;-;    5;-;   18;-;   76;-;   59;-;   16;-; 3862;-; 3736;-;  120;-;    6;-;    9;-;    4;-;   23;-;   73;-;   55;-;   11;-
4607;5027;05;A;  52;100506; 4;w;21; 1740;-; 2363;-;   71;-;   75;-; 1661;-; 1583;-;   76;-;    2;-;    0;-;    5;-;   16;-;   50;-;   35;-;    8;-; 2267;-; 2138;-;  120;-;    9;-;    6;-;    7;-;   17;-;   51;-;   33;-;   15;-
4607;5027;05;A;  52;100506; 4;w;22; 1401;-; 1881;-;   63;-;   77;-; 1328;-; 1259;-;   63;-;    6;-;    2;-;    6;-;   14;-;   43;-;   36;-;    8;-; 1792;-; 1716;-;   72;-;    4;-;    3;-;    1;-;   19;-;   57;-;   42;-;    9;-
4607;5027;05;A;  52;100506; 4;w;23; 1039;-; 1691;-;   38;-;   52;-;  996;-;  955;-;   40;-;    1;-;    1;-;    2;-;    6;-;   30;-;   24;-;    4;-; 1633;-; 1586;-;   44;-;    3;-;    5;-;    2;-;   12;-;   38;-;   25;-;    1;-
4607;5027;05;A;  52;100506; 4;w;24;  607;-; 1107;-;   46;-;   60;-;  556;-;  522;-;   33;-;    1;-;    0;-;    1;-;   13;-;   32;-;   25;-;    5;-; 1040;-;  996;-;   43;-;    1;-;    2;-;    4;-;   10;-;   46;-;   34;-;    5;-
4607;5027;05;A;  52;100507; 5;w;01;  309;-;  465;-;   40;-;   45;-;  265;-;  235;-;   30;-;    0;-;    2;-;    0;-;   11;-;   29;-;   20;-;    2;-;  419;-;  377;-;   41;-;    1;-;    0;-;    2;-;    7;-;   36;-;   25;-;    1;-
4607;5027;05;A;  52;100507; 5;w;02;  187;-;  192;-;   48;-;   33;-;  137;-;  117;-;   19;-;    1;-;    1;-;    0;-;    7;-;   41;-;   36;-;    1;-;  159;-;  140;-;   18;-;    1;-;    0;-;    0;-;    5;-;   28;-;   20;-;    0;-
4607;5027;05;A;  52;100507; 5;w;03;  162;-;  141;-;   61;-;   42;-;  100;-;   86;-;   14;-;    0;-;    1;-;    1;-;   14;-;   46;-;   30;-;    0;-;   99;-;   83;-;   16;-;    0;-;    0;-;    0;-;   14;-;   28;-;   21;-;    0;-
4607;5027;05;A;  52;100507; 5;w;04;  476;-;  222;-;   75;-;   70;-;  396;-;  361;-;   35;-;    0;-;    2;-;    1;-;   25;-;   49;-;   34;-;    3;-;  149;-;  125;-;   24;-;    0;-;    1;-;    1;-;   22;-;   47;-;   36;-;    2;-
4607;5027;05;A;  52;100507; 5;w;05;  939;-;  423;-;  107;-;  106;-;  828;-;  773;-;   50;-;    5;-;    2;-;    6;-;   36;-;   65;-;   46;-;    2;-;  314;-;  280;-;   34;-;    0;-;    1;-;    1;-;   36;-;   69;-;   46;-;    2;-
4607;5027;05;A;  52;100507; 5;w;06; 2444;-;  875;-;  183;-;  142;-; 2244;-; 2134;-;  102;-;    8;-;    2;-;    3;-;   67;-;  113;-;   87;-;   15;-;  726;-;  666;-;   58;-;    2;-;    4;-;    6;-;   40;-;   96;-;   72;-;    3;-
4607;5027;05;A;  52;100507; 5;w;07; 4941;-; 1975;-;  244;-;  170;-; 4661;-; 4438;-;  207;-;   16;-;   11;-;    7;-;  104;-;  133;-;  104;-;   25;-; 1792;-; 1658;-;  130;-;    4;-;    3;-;    6;-;   60;-;  104;-;   78;-;   10;-
4607;5027;05;A;  52;100507; 5;w;08; 6199;-; 3409;-;  227;-;  225;-; 5917;-; 5721;-;  184;-;   12;-;   26;-;   14;-;   97;-;  116;-;   88;-;   29;-; 3152;-; 2956;-;  194;-;    2;-;   12;-;   10;-;   90;-;  125;-;   99;-;   20;-
4607;5027;05;A;  52;100507; 5;w;09; 5848;-; 3671;-;  228;-;  258;-; 5577;-; 5394;-;  170;-;   13;-;   11;-;    8;-;   89;-;  131;-;  104;-;   32;-; 3392;-; 3189;-;  191;-;   12;-;    9;-;   11;-;  102;-;  145;-;  114;-;   12;-
4607;5027;05;A;  52;100507; 5;w;10; 4229;-; 2922;-;  296;-;  305;-; 3884;-; 3694;-;  189;-;    1;-;   27;-;   10;-;   98;-;  188;-;  146;-;   22;-; 2597;-; 2384;-;  209;-;    4;-;   11;-;   14;-;  124;-;  167;-;  122;-;    9;-
4607;5027;05;A;  52;100507; 5;w;11; 2993;-; 2541;-;  274;-;  290;-; 2694;-; 2518;-;  174;-;    2;-;   12;-;    6;-;  113;-;  155;-;  127;-;   13;-; 2224;-; 1993;-;  228;-;    3;-;   17;-;    6;-;  102;-;  182;-;  148;-;   10;-
4607;5027;05;A;  52;100507; 5;w;12; 2738;-; 2986;-;  252;-;  291;-; 2459;-; 2267;-;  188;-;    4;-;   12;-;   11;-;   88;-;  153;-;  123;-;   15;-; 2664;-; 2399;-;  262;-;    3;-;   19;-;    6;-;   98;-;  187;-;  143;-;   12;-
4607;5027;05;A;  52;100507; 5;w;13; 3287;-; 3739;-;  241;-;  257;-; 3013;-; 2819;-;  185;-;    9;-;   20;-;    3;-;   88;-;  150;-;  118;-;   13;-; 3454;-; 3229;-;  223;-;    2;-;   20;-;    4;-;  104;-;  149;-;  117;-;    8;-
4607;5027;05;A;  52;100507; 5;w;14; 3477;-; 4508;-;  221;-;  260;-; 3226;-; 3024;-;  192;-;   10;-;   16;-;    4;-;   69;-;  148;-;  108;-;   14;-; 4224;-; 4007;-;  213;-;    4;-;   17;-;   11;-;  107;-;  142;-;  108;-;    7;-
4607;5027;05;A;  52;100507; 5;w;15; 3316;-; 5261;-;  211;-;  272;-; 3076;-; 2894;-;  166;-;   16;-;   18;-;    4;-;   82;-;  125;-;   90;-;   11;-; 4936;-; 4727;-;  200;-;    9;-;   40;-;    9;-;  113;-;  150;-;  113;-;   13;-
4607;5027;05;A;  52;100507; 5;w;16; 3579;-; 3925;-;  202;-;  176;-; 3340;-; 3174;-;  157;-;    9;-;   22;-;    8;-;   91;-;  103;-;   77;-;   15;-; 3718;-; 3545;-;  165;-;    8;-;   20;-;    7;-;   51;-;  118;-;   83;-;   11;-
4607;5027;05;A;  52;100507; 5;w;17; 3790;-; 5461;-;  161;-;  212;-; 3594;-; 3385;-;  198;-;   11;-;   12;-;    9;-;   59;-;   93;-;   78;-;   23;-; 5216;-; 5025;-;  177;-;   14;-;   24;-;   18;-;   73;-;  121;-;   96;-;    9;-
4607;5027;05;A;  52;100507; 5;w;18; 3340;-; 5190;-;  123;-;  194;-; 3188;-; 3074;-;  109;-;    5;-;   12;-;    6;-;   54;-;   63;-;   47;-;   17;-; 4964;-; 4843;-;  119;-;    2;-;   21;-;   14;-;   57;-;  123;-;  100;-;   11;-
4607;5027;05;A;  52;100507; 5;w;19; 3192;-; 4988;-;  111;-;  138;-; 3048;-; 2930;-;  112;-;    6;-;    6;-;    6;-;   30;-;   75;-;   60;-;   27;-; 4797;-; 4685;-;  105;-;    7;-;   28;-;   13;-;   28;-;   97;-;   72;-;   25;-
4607;5027;05;A;  52;100507; 5;w;20; 2381;-; 3796;-;   63;-;  104;-; 2282;-; 2170;-;  102;-;   10;-;    5;-;    6;-;   16;-;   41;-;   31;-;   31;-; 3664;-; 3507;-;  152;-;    5;-;   15;-;    6;-;   30;-;   68;-;   54;-;   13;-
4607;5027;05;A;  52;100507; 5;w;21; 1731;-; 2276;-;   79;-;   86;-; 1637;-; 1567;-;   63;-;    7;-;    5;-;    5;-;   23;-;   51;-;   35;-;   10;-; 2168;-; 2074;-;   89;-;    5;-;   13;-;    6;-;   14;-;   66;-;   48;-;    9;-
4607;5027;05;A;  52;100507; 5;w;22; 1341;-; 1930;-;   59;-;   86;-; 1268;-; 1212;-;   53;-;    3;-;    6;-;    7;-;   27;-;   25;-;   18;-;    8;-; 1832;-; 1759;-;   71;-;    2;-;    6;-;    3;-;   20;-;   63;-;   41;-;    6;-
4607;5027;05;A;  52;100507; 5;w;23; 1201;-; 1607;-;   45;-;   48;-; 1147;-; 1107;-;   37;-;    3;-;    0;-;    2;-;   14;-;   29;-;   27;-;    9;-; 1552;-; 1467;-;   76;-;    9;-;    2;-;    3;-;   11;-;   34;-;   25;-;    5;-
4607;5027;05;A;  52;100507; 5;w;24; 1099;-; 1406;-;   44;-;   52;-; 1049;-; 1020;-;   28;-;    1;-;    0;-;    1;-;   14;-;   29;-;   24;-;    6;-; 1351;-; 1295;-;   56;-;    0;-;    0;-;    3;-;    6;-;   43;-;   29;-;    3;-
4607;5027;05;A;  52;100508; 6;w;01;  877;-;  711;-;   48;-;   60;-;  817;-;  791;-;   26;-;    0;-;    3;-;    7;-;   11;-;   30;-;   26;-;    9;-;  650;-;  596;-;   53;-;    1;-;    0;-;    6;-;    9;-;   45;-;   35;-;    1;-
4607;5027;05;A;  52;100508; 6;w;02;  395;-;  450;-;   42;-;   34;-;  346;-;  329;-;   17;-;    0;-;    0;-;    0;-;   17;-;   25;-;   14;-;    7;-;  412;-;  377;-;   34;-;    1;-;    1;-;    4;-;    7;-;   23;-;   21;-;    3;-
4607;5027;05;A;  52;100508; 6;w;03;  272;-;  293;-;   52;-;   43;-;  216;-;  207;-;    9;-;    0;-;    1;-;    0;-;   21;-;   31;-;   23;-;    3;-;  248;-;  227;-;   21;-;    0;-;    1;-;    8;-;   12;-;   23;-;   18;-;    1;-
4607;5027;05;A;  52;100508; 6;w;04;  524;-;  340;-;   45;-;   55;-;  471;-;  453;-;   17;-;    1;-;    2;-;    0;-;   15;-;   30;-;   20;-;    6;-;  283;-;  254;-;   29;-;    0;-;    0;-;    6;-;   23;-;   26;-;   20;-;    2;-
4607;5027;05;A;  52;100508; 6;w;05;  682;-;  469;-;   50;-;   41;-;  626;-;  600;-;   23;-;    3;-;    0;-;    1;-;   27;-;   22;-;   18;-;    6;-;  424;-;  394;-;   30;-;    0;-;    3;-;    1;-;   21;-;   19;-;   17;-;    1;-
4607;5027;05;A;  52;100508; 6;w;06;  883;-;  566;-;   80;-;   35;-;  786;-;  742;-;   39;-;    5;-;    5;-;    1;-;   50;-;   29;-;   24;-;   12;-;  526;-;  479;-;   47;-;    0;-;    4;-;    3;-;   16;-;   16;-;   13;-;    1;-
4607;5027;05;A;  52;100508; 6;w;07;  879;-;  765;-;  110;-;   57;-;  746;-;  708;-;   37;-;    1;-;    7;-;    2;-;   75;-;   33;-;   25;-;   16;-;  697;-;  628;-;   69;-;    0;-;    9;-;    2;-;   20;-;   35;-;   28;-;    2;-
4607;5027;05;A;  52;100508; 6;w;08; 1082;-;  977;-;  115;-;   63;-;  954;-;  888;-;   54;-;   12;-;    3;-;    0;-;   75;-;   40;-;   34;-;   10;-;  902;-;  820;-;   80;-;    2;-;   11;-;    4;-;   30;-;   29;-;   23;-;    1;-
4607;5027;05;A;  52;100508; 6;w;09; 1757;-; 1443;-;  110;-;   87;-; 1635;-; 1549;-;   78;-;    8;-;    7;-;    6;-;   67;-;   37;-;   32;-;    5;-; 1343;-; 1236;-;  103;-;    4;-;    8;-;    8;-;   38;-;   41;-;   37;-;    5;-
4607;5027;05;A;  52;100508; 6;w;10; 2401;-; 1876;-;  104;-;   53;-; 2284;-; 2201;-;   78;-;    5;-;    9;-;    4;-;   52;-;   48;-;   42;-;    4;-; 1803;-; 1669;-;  131;-;    3;-;   14;-;    4;-;   24;-;   25;-;   20;-;    6;-
4607;5027;05;A;  52;100508; 6;w;11; 2545;-; 2234;-;   75;-;   56;-; 2444;-; 2344;-;   91;-;    9;-;   11;-;    1;-;   50;-;   24;-;   21;-;   15;-; 2162;-; 2033;-;  118;-;   11;-;   11;-;    6;-;   20;-;   30;-;   28;-;    5;-
4607;5027;05;A;  52;100508; 6;w;12; 2632;-; 2558;-;   78;-;   54;-; 2527;-; 2432;-;   77;-;   18;-;   18;-;    2;-;   50;-;   26;-;   20;-;    9;-; 2481;-; 2331;-;  144;-;    6;-;   12;-;    1;-;   30;-;   23;-;   17;-;   11;-
4607;5027;05;A;  52;100508; 6;w;13; 2732;-; 2872;-;   82;-;   61;-; 2633;-; 2548;-;   77;-;    8;-;   11;-;    6;-;   52;-;   24;-;   22;-;    6;-; 2781;-; 2604;-;  164;-;   13;-;   17;-;    6;-;   24;-;   31;-;   20;-;   13;-
4607;5027;05;A;  52;100508; 6;w;14; 2714;-; 3300;-;   65;-;   54;-; 2614;-; 2537;-;   67;-;   10;-;   18;-;    4;-;   37;-;   24;-;   21;-;   17;-; 3223;-; 3066;-;  151;-;    6;-;   16;-;    9;-;   19;-;   26;-;   26;-;    7;-
4607;5027;05;A;  52;100508; 6;w;15; 2722;-; 3229;-;   61;-;   49;-; 2642;-; 2546;-;   81;-;   15;-;    8;-;    1;-;   38;-;   22;-;   19;-;   11;-; 3150;-; 3019;-;  120;-;   11;-;   21;-;    4;-;   21;-;   24;-;   17;-;    9;-
4607;5027;05;A;  52;100508; 6;w;16; 2488;-; 3023;-;   56;-;   36;-; 2417;-; 2320;-;   77;-;   20;-;    6;-;    0;-;   40;-;   16;-;   11;-;    9;-; 2962;-; 2814;-;  139;-;    9;-;   15;-;    2;-;   22;-;   12;-;    8;-;   10;-
4607;5027;05;A;  52;100508; 6;w;17; 2180;-; 2559;-;   42;-;   32;-; 2121;-; 2034;-;   81;-;    6;-;    7;-;    3;-;   32;-;    7;-;    4;-;   10;-; 2513;-; 2379;-;  124;-;   10;-;    8;-;    5;-;   17;-;   10;-;    7;-;    6;-
4607;5027;05;A;  52;100508; 6;w;18; 2325;-; 2588;-;   27;-;   25;-; 2288;-; 2211;-;   69;-;    8;-;    7;-;    1;-;   14;-;   12;-;   10;-;    3;-; 2538;-; 2407;-;  119;-;   12;-;   16;-;    3;-;   15;-;    7;-;    7;-;    9;-
4607;5027;05;A;  52;100508; 6;w;19; 2298;-; 2629;-;   28;-;   23;-; 2264;-; 2179;-;   75;-;   10;-;    4;-;    4;-;   14;-;   10;-;   10;-;    2;-; 2583;-; 2444;-;  129;-;   10;-;    8;-;    5;-;    8;-;   10;-;    8;-;   15;-
4607;5027;05;A;  52;100508; 6;w;20; 2031;-; 2298;-;   22;-;   23;-; 1993;-; 1924;-;   63;-;    6;-;    6;-;    2;-;   13;-;    7;-;    6;-;   10;-; 2261;-; 2137;-;  114;-;   10;-;    6;-;   10;-;    6;-;    7;-;    6;-;    8;-
4607;5027;05;A;  52;100508; 6;w;21; 1445;-; 1590;-;   20;-;   15;-; 1408;-; 1364;-;   32;-;   12;-;    6;-;    5;-;    6;-;    9;-;    8;-;   11;-; 1566;-; 1470;-;   90;-;    6;-;    4;-;    1;-;   11;-;    3;-;    3;-;    5;-
4607;5027;05;A;  52;100508; 6;w;22; 1017;-; 1287;-;   17;-;   18;-;  983;-;  947;-;   33;-;    3;-;    2;-;    1;-;   11;-;    5;-;    5;-;   15;-; 1264;-; 1204;-;   57;-;    3;-;    2;-;   11;-;    3;-;    4;-;    3;-;    3;-
4607;5027;05;A;  52;100508; 6;w;23; 1052;-; 1281;-;   16;-;    9;-; 1026;-; 1002;-;   22;-;    2;-;    0;-;    2;-;   10;-;    4;-;    2;-;   10;-; 1267;-; 1219;-;   46;-;    2;-;    2;-;    4;-;    2;-;    3;-;    2;-;    3;-
4607;5027;05;A;  52;100508; 6;w;24;  900;-; 1274;-;   11;-;    9;-;  883;-;  858;-;   23;-;    2;-;    2;-;    0;-;    9;-;    2;-;    2;-;    4;-; 1262;-; 1211;-;   45;-;    6;-;    0;-;    5;-;    4;-;    0;-;    0;-;    3;-
4607;5027;05;A;  52;100509; 7;s;01;  717;-; 1046;-;   12;-;    6;-;  699;-;  686;-;   11;-;    2;-;    0;-;    0;-;   10;-;    2;-;    1;-;    6;-; 1034;-;  988;-;   45;-;    1;-;    4;-;    2;-;    3;-;    1;-;    1;-;    2;-
4607;5027;05;A;  52;100509; 7;s;02;  452;-;  633;-;   11;-;    7;-;  433;-;  421;-;   10;-;    2;-;    1;-;    0;-;    7;-;    4;-;    4;-;    7;-;  623;-;  600;-;   23;-;    0;-;    1;-;    1;-;    6;-;    0;-;    0;-;    2;-
4607;5027;05;A;  52;100509; 7;s;03;  310;-;  429;-;    5;-;    3;-;  297;-;  283;-;   14;-;    0;-;    0;-;    0;-;    3;-;    2;-;    2;-;    8;-;  426;-;  404;-;   22;-;    0;-;    0;-;    1;-;    2;-;    0;-;    0;-;    0;-
4607;5027;05;A;  52;100509; 7;s;04;  607;-;  356;-;    9;-;    4;-;  592;-;  570;-;   20;-;    2;-;    1;-;    0;-;    7;-;    2;-;    1;-;    5;-;  352;-;  327;-;   25;-;    0;-;    0;-;    0;-;    4;-;    0;-;    0;-;    0;-
4607;5027;05;A;  52;100509; 7;s;05;  623;-;  564;-;   15;-;    8;-;  600;-;  580;-;   19;-;    1;-;    2;-;    1;-;    9;-;    5;-;    5;-;    6;-;  554;-;  519;-;   35;-;    0;-;    0;-;    1;-;    5;-;    2;-;    1;-;    2;-
4607;5027;05;A;  52;100509; 7;s;06;  669;-;  465;-;   17;-;    4;-;  633;-;  609;-;   23;-;    1;-;    6;-;    0;-;   16;-;    1;-;    0;-;   13;-;  457;-;  407;-;   49;-;    1;-;    2;-;    3;-;    1;-;    0;-;    0;-;    2;-
4607;5027;05;A;  52;100509; 7;s;07;  641;-;  516;-;   28;-;   19;-;  602;-;  563;-;   37;-;    2;-;    7;-;    2;-;   17;-;    9;-;    7;-;    4;-;  492;-;  450;-;   42;-;    0;-;    3;-;    8;-;    7;-;    4;-;    2;-;    2;-
4607;5027;05;A;  52;100509; 7;s;08;  731;-;  566;-;   18;-;    8;-;  697;-;  646;-;   49;-;    2;-;    6;-;    0;-;   15;-;    3;-;    3;-;   10;-;  552;-;  498;-;   52;-;    2;-;    3;-;    5;-;    2;-;    1;-;    1;-;    3;-
4607;5027;05;A;  52;100509; 7;s;09; 1051;-;  925;-;   24;-;   12;-; 1018;-;  969;-;   44;-;    5;-;    8;-;    1;-;   14;-;    9;-;    9;-;    1;-;  906;-;  838;-;   64;-;    4;-;    4;-;    6;-;    5;-;    1;-;    1;-;    3;-
4607;5027;05;A;  52;100509; 7;s;10; 1471;-; 1579;-;   21;-;   17;-; 1437;-; 1376;-;   58;-;    3;-;   10;-;    2;-;    8;-;   11;-;   10;-;    3;-; 1555;-; 1468;-;   74;-;   13;-;    3;-;    6;-;    3;-;    8;-;    6;-;    4;-
4607;5027;05;A;  52;100509; 7;s;11; 1751;-; 2075;-;   32;-;   13;-; 1705;-; 1628;-;   65;-;   12;-;    4;-;    1;-;   19;-;   12;-;   11;-;   10;-; 2051;-; 1935;-;   91;-;   25;-;    7;-;    2;-;    6;-;    5;-;    5;-;    4;-
4607;5027;05;A;  52;100509; 7;s;12; 2035;-; 2191;-;   26;-;   25;-; 1995;-; 1929;-;   55;-;   11;-;    9;-;    5;-;   15;-;    6;-;    5;-;    5;-; 2156;-; 2027;-;   95;-;   34;-;    6;-;    6;-;    9;-;   10;-;   10;-;    4;-
4607;5027;05;A;  52;100509; 7;s;13; 2515;-; 2405;-;   17;-;   13;-; 2492;-; 2412;-;   62;-;   18;-;    5;-;    3;-;    8;-;    6;-;    5;-;    1;-; 2378;-; 2251;-;  112;-;   15;-;    6;-;    1;-;    8;-;    4;-;    4;-;    8;-
4607;5027;05;A;  52;100509; 7;s;14; 2546;-; 2596;-;   26;-;   14;-; 2506;-; 2433;-;   56;-;   17;-;    3;-;    5;-;   11;-;   10;-;    9;-;   11;-; 2564;-; 2439;-;  109;-;   16;-;    9;-;    3;-;    7;-;    4;-;    4;-;    9;-
4607;5027;05;A;  52;100509; 7;s;15; 2489;-; 2832;-;   20;-;   21;-; 2460;-; 2391;-;   46;-;   23;-;    5;-;    1;-;   11;-;    8;-;    6;-;    4;-; 2797;-; 2671;-;  108;-;   18;-;    6;-;    3;-;    9;-;    9;-;    5;-;    8;-
4607;5027;05;A;  52;100509; 7;s;16; 2392;-; 2772;-;   16;-;   17;-; 2364;-; 2318;-;   32;-;   14;-;   10;-;    3;-;    9;-;    4;-;    3;-;    2;-; 2741;-; 2615;-;  110;-;   16;-;    7;-;    5;-;    8;-;    4;-;    3;-;    7;-
4607;5027;05;A;  52;100509; 7;s;17; 2652;-; 2417;-;   16;-;   21;-; 2622;-; 2550;-;   54;-;   18;-;    9;-;    6;-;    5;-;    5;-;    4;-;    5;-; 2370;-; 2261;-;   95;-;   14;-;   20;-;    3;-;   13;-;    5;-;    4;-;    6;-
4607;5027;05;A;  52;100509; 7;s;18; 3000;-; 2938;-;   20;-;   26;-; 2967;-; 2886;-;   55;-;   26;-;    9;-;    1;-;    9;-;   10;-;    9;-;    4;-; 2889;-; 2760;-;  115;-;   14;-;   19;-;    8;-;    7;-;   11;-;    8;-;    4;-
4607;5027;05;A;  52;100509; 7;s;19; 2839;-; 2716;-;   28;-;   30;-; 2794;-; 2683;-;   82;-;   29;-;    6;-;    7;-;    9;-;   12;-;    8;-;   11;-; 2661;-; 2537;-;  110;-;   14;-;   14;-;   11;-;   12;-;    7;-;    5;-;   11;-
4607;5027;05;A;  52;100509; 7;s;20; 2426;-; 2188;-;   17;-;   30;-; 2393;-; 2293;-;   80;-;   20;-;    5;-;    4;-;    2;-;   11;-;    8;-;   11;-; 2133;-; 2017;-;  107;-;    9;-;   14;-;    9;-;   10;-;   11;-;   10;-;   11;-
4607;5027;05;A;  52;100509; 7;s;21; 1999;-; 1640;-;   32;-;   20;-; 1954;-; 1862;-;   82;-;   10;-;    3;-;    7;-;   10;-;   15;-;    9;-;   10;-; 1596;-; 1503;-;   88;-;    5;-;   12;-;    5;-;    5;-;   10;-;    8;-;   12;-
4607;5027;05;A;  52;100509; 7;s;22; 1600;-; 1446;-;   18;-;   13;-; 1569;-; 1504;-;   57;-;    8;-;    5;-;    2;-;    6;-;   10;-;    9;-;    8;-; 1425;-; 1368;-;   53;-;    4;-;    6;-;    4;-;    4;-;    5;-;    4;-;    2;-
4607;5027;05;A;  52;100509; 7;s;23; 1079;-; 1230;-;   46;-;   33;-; 1028;-;  965;-;   60;-;    3;-;    1;-;    3;-;   12;-;   31;-;   30;-;    4;-; 1190;-; 1099;-;   89;-;    2;-;    4;-;    4;-;    7;-;   22;-;   18;-;    3;-
4607;5027;05;A;  52;100509; 7;s;24;  576;-; 1033;-;   19;-;   31;-;  550;-;  511;-;   36;-;    3;-;    2;-;    1;-;    3;-;   15;-;    9;-;    5;-;  998;-;  946;-;   49;-;    3;-;    0;-;    2;-;    7;-;   22;-;   18;-;    4;-
4607;5027;05;A;  52;100510; 1;w;01;  297;-;  414;-;   20;-;   22;-;  275;-;  239;-;   34;-;    2;-;    0;-;    0;-;   11;-;    9;-;    5;-;    2;-;  388;-;  352;-;   35;-;    1;-;    3;-;    3;-;    5;-;   14;-;   10;-;    1;-
4607;5027;05;A;  52;100510; 1;w;02;  166;-;  192;-;   35;-;   27;-;  129;-;  109;-;   20;-;    0;-;    0;-;    1;-;    4;-;   30;-;   23;-;    2;-;  165;-;  151;-;   14;-;    0;-;    0;-;    0;-;    8;-;   19;-;   11;-;    0;-
4607;5027;05;A;  52;100510; 1;w;03;  147;-;  134;-;   39;-;   29;-;  104;-;   92;-;   12;-;    0;-;    3;-;    1;-;   13;-;   25;-;   19;-;    1;-;  104;-;   88;-;   16;-;    0;-;    1;-;    0;-;   12;-;   17;-;   16;-;    0;-
4607;5027;05;A;  52;100510; 1;w;04;  509;-;  218;-;   61;-;   45;-;  445;-;  398;-;   44;-;    3;-;    2;-;    3;-;   23;-;   35;-;   28;-;    1;-;  172;-;  133;-;   38;-;    1;-;    0;-;    1;-;   21;-;   23;-;   18;-;    1;-
4607;5027;05;A;  52;100510; 1;w;05;  953;-;  436;-;  106;-;   77;-;  836;-;  780;-;   50;-;    6;-;    2;-;    8;-;   39;-;   59;-;   49;-;    9;-;  357;-;  302;-;   55;-;    0;-;    0;-;    4;-;   30;-;   43;-;   33;-;    2;-
4607;5027;05;A;  52;100510; 1;w;06; 2897;-;  900;-;  202;-;  105;-; 2674;-; 2535;-;  126;-;   13;-;    5;-;    6;-;   72;-;  124;-;  102;-;   16;-;  790;-;  706;-;   80;-;    4;-;    2;-;    5;-;   25;-;   75;-;   59;-;    3;-
4607;5027;05;A;  52;100510; 1;w;07; 5402;-; 2167;-;  248;-;  170;-; 5100;-; 4852;-;  225;-;   23;-;   19;-;    5;-;   82;-;  161;-;  133;-;   35;-; 1984;-; 1850;-;  131;-;    3;-;    5;-;    2;-;   76;-;   92;-;   71;-;    8;-
4607;5027;05;A;  52;100510; 1;w;08; 6740;-; 3528;-;  251;-;  214;-; 6424;-; 6179;-;  231;-;   14;-;   32;-;   10;-;   96;-;  145;-;  115;-;   33;-; 3285;-; 3096;-;  183;-;    6;-;   15;-;    3;-;   99;-;  112;-;   78;-;   14;-
4607;5027;05;A;  52;100510; 1;w;09; 6073;-; 3898;-;  254;-;  245;-; 5767;-; 5549;-;  207;-;   11;-;   19;-;   11;-;  106;-;  137;-;  107;-;   33;-; 3633;-; 3433;-;  192;-;    8;-;    7;-;    7;-;  119;-;  119;-;   92;-;   13;-
4607;5027;05;A;  52;100510; 1;w;10; 4511;-; 2895;-;  286;-;  269;-; 4165;-; 3960;-;  196;-;    9;-;   20;-;    4;-;  100;-;  182;-;  142;-;   40;-; 2607;-; 2385;-;  210;-;   12;-;   12;-;    7;-;  121;-;  141;-;  104;-;    7;-
4607;5027;05;A;  52;100510; 1;w;11; 3278;-; 2585;-;  272;-;  295;-; 2978;-; 2792;-;  173;-;   13;-;   10;-;    9;-;  110;-;  153;-;  119;-;   18;-; 2272;-; 2009;-;  263;-;    0;-;   10;-;    6;-;  115;-;  174;-;  135;-;    8;-
4607;5027;05;A;  52;100510; 1;w;12; 2900;-; 2628;-;  268;-;  225;-; 2604;-; 2420;-;  174;-;   10;-;   15;-;    5;-;  100;-;  163;-;  119;-;   13;-; 2387;-; 2162;-;  219;-;    6;-;   12;-;    2;-;   87;-;  136;-;  113;-;    4;-
4607;5027;05;A;  52;100510; 1;w;13; 2973;-; 2887;-;  244;-;  245;-; 2705;-; 2524;-;  169;-;   12;-;   14;-;    3;-;   99;-;  142;-;  117;-;   10;-; 2618;-; 2388;-;  222;-;    8;-;   13;-;    4;-;  111;-;  130;-;   92;-;   11;-
4607;5027;05;A;  52;100510; 1;w;14; 3003;-; 3307;-;  231;-;  270;-; 2734;-; 2540;-;  181;-;   13;-;   17;-;    7;-;   80;-;  144;-;  124;-;   21;-; 3011;-; 2791;-;  204;-;   16;-;   14;-;    7;-;   99;-;  164;-;  116;-;   12;-
4607;5027;05;A;  52;100510; 1;w;15; 2740;-; 3915;-;  244;-;  238;-; 2473;-; 2283;-;  183;-;    7;-;   13;-;   10;-;   94;-;  140;-;  113;-;   10;-; 3638;-; 3391;-;  231;-;   16;-;   23;-;    5;-;   95;-;  138;-;  106;-;   16;-
4607;5027;05;A;  52;100510; 1;w;16; 2843;-; 4802;-;  215;-;  223;-; 2583;-; 2413;-;  161;-;    9;-;   19;-;    5;-;   96;-;  114;-;   83;-;   26;-; 4541;-; 4239;-;  291;-;   11;-;   26;-;    7;-;   82;-;  134;-;   97;-;   12;-
4607;5027;05;A;  52;100510; 1;w;17; 3179;-; 5555;-;  141;-;  153;-; 3011;-; 2840;-;  161;-;   10;-;    7;-;    3;-;   47;-;   91;-;   72;-;   20;-; 5364;-; 5080;-;  260;-;   24;-;   22;-;    9;-;   59;-;   85;-;   63;-;   16;-
4607;5027;05;A;  52;100510; 1;w;18; 3580;-; 5656;-;  131;-;  122;-; 3424;-; 3287;-;  124;-;   13;-;   11;-;    4;-;   31;-;   96;-;   70;-;   14;-; 5506;-; 5308;-;  179;-;   19;-;   16;-;    9;-;   29;-;   84;-;   70;-;   12;-
4607;5027;05;A;  52;100510; 1;w;19; 3198;-; 4887;-;   90;-;  106;-; 3086;-; 2947;-;  129;-;   10;-;    6;-;    2;-;   17;-;   71;-;   45;-;   16;-; 4762;-; 4595;-;  151;-;   16;-;   13;-;    5;-;   34;-;   67;-;   56;-;    6;-
4607;5027;05;A;  52;100510; 1;w;20; 2319;-; 3245;-;   93;-;   94;-; 2199;-; 2089;-;  100;-;   10;-;    6;-;    3;-;   22;-;   68;-;   55;-;   21;-; 3130;-; 2979;-;  142;-;    9;-;    5;-;    1;-;   24;-;   69;-;   48;-;   16;-
4607;5027;05;A;  52;100510; 1;w;21; 1542;-; 2029;-;   58;-;   73;-; 1468;-; 1377;-;   84;-;    7;-;    3;-;    4;-;   11;-;   43;-;   35;-;   13;-; 1942;-; 1822;-;  112;-;    8;-;    5;-;    6;-;   12;-;   55;-;   36;-;    9;-
4607;5027;05;A;  52;100510; 1;w;22; 1223;-; 1534;-;   49;-;   56;-; 1160;-; 1078;-;   77;-;    5;-;    7;-;    2;-;    9;-;   38;-;   30;-;    7;-; 1466;-; 1375;-;   82;-;    9;-;    6;-;    2;-;    9;-;   45;-;   31;-;    6;-
4607;5027;05;A;  52;100510; 1;w;23;  881;-; 1323;-;   46;-;   42;-;  823;-;  766;-;   56;-;    1;-;    4;-;    2;-;    6;-;   38;-;   29;-;    8;-; 1273;-; 1213;-;   50;-;   10;-;    3;-;    0;-;   12;-;   30;-;   18;-;    5;-
4607;5027;05;A;  52;100510; 1;w;24;  484;-; 1001;-;   43;-;   66;-;  438;-;  402;-;   33;-;    3;-;    0;-;    1;-;   10;-;   32;-;   27;-;    3;-;  926;-;  863;-;   60;-;    3;-;    2;-;    3;-;   10;-;   53;-;   39;-;    7;-
4607;5027;05;A;  52;100511; 2;w;01;  272;-;  444;-;   45;-;   49;-;  222;-;  189;-;   32;-;    1;-;    1;-;    1;-;   10;-;   34;-;   25;-;    4;-;  390;-;  359;-;   31;-;    0;-;    1;-;    3;-;    7;-;   39;-;   23;-;    4;-
4607;5027;05;A;  52;100511; 2;w;02;  153;-;  176;-;   48;-;   30;-;  101;-;   86;-;   15;-;    0;-;    3;-;    1;-;    9;-;   38;-;   29;-;    1;-;  143;-;  119;-;   24;-;    0;-;    1;-;    1;-;    2;-;   27;-;   23;-;    2;-
4607;5027;05;A;  52;100511; 2;w;03;  146;-;  138;-;   37;-;   57;-;  109;-;   93;-;   15;-;    1;-;    0;-;    0;-;    9;-;   28;-;   21;-;    0;-;   81;-;   61;-;   20;-;    0;-;    0;-;    1;-;   14;-;   42;-;   31;-;    0;-
4607;5027;05;A;  52;100511; 2;w;04;  525;-;  241;-;   73;-;   73;-;  443;-;  395;-;   47;-;    1;-;    2;-;    1;-;   27;-;   45;-;   27;-;    7;-;  166;-;  128;-;   37;-;    1;-;    1;-;    1;-;   26;-;   46;-;   29;-;    1;-
4607;5027;05;A;  52;100511; 2;w;05;  973;-;  458;-;  114;-;   96;-;  849;-;  792;-;   51;-;    6;-;    3;-;    4;-;   42;-;   68;-;   53;-;    7;-;  358;-;  315;-;   43;-;    0;-;    1;-;    1;-;   37;-;   58;-;   44;-;    3;-
4607;5027;05;A;  52;100511; 2;w;06; 2614;-;  852;-;  190;-;  119;-; 2407;-; 2278;-;  112;-;   17;-;    7;-;    2;-;   66;-;  122;-;   93;-;   10;-;  726;-;  631;-;   90;-;    5;-;    2;-;    2;-;   39;-;   78;-;   53;-;    5;-
4607;5027;05;A;  52;100511; 2;w;07; 5446;-; 2162;-;  242;-;  187;-; 5150;-; 4880;-;  251;-;   19;-;   22;-;    4;-;   92;-;  146;-;  108;-;   32;-; 1955;-; 1763;-;  189;-;    3;-;   10;-;    4;-;   80;-;  103;-;   86;-;   10;-
4607;5027;05;A;  52;100511; 2;w;08; 6678;-; 3527;-;  297;-;  224;-; 6329;-; 6075;-;  243;-;   11;-;   34;-;    9;-;  125;-;  163;-;  123;-;   18;-; 3269;-; 3066;-;  194;-;    9;-;   18;-;    9;-;   98;-;  117;-;   92;-;   16;-
4607;5027;05;A;  52;100511; 2;w;09; 5916;-; 3789;-;  252;-;  268;-; 5626;-; 5407;-;  206;-;   13;-;   14;-;    6;-;   97;-;  149;-;  110;-;   24;-; 3492;-; 3279;-;  202;-;   11;-;   12;-;    4;-;  124;-;  140;-;  100;-;   17;-
4607;5027;05;A;  52;100511; 2;w;10; 4298;-; 2769;-;  263;-;  276;-; 3988;-; 3781;-;  199;-;    8;-;   21;-;    6;-;   95;-;  162;-;  123;-;   26;-; 2468;-; 2266;-;  198;-;    4;-;   14;-;    6;-;  111;-;  159;-;  123;-;   11;-
4607;5027;05;A;  52;100511; 2;w;11; 3183;-; 2525;-;  281;-;  245;-; 2873;-; 2661;-;  204;-;    8;-;   12;-;    3;-;  113;-;  165;-;  118;-;   17;-; 2257;-; 2046;-;  208;-;    3;-;   16;-;    2;-;  103;-;  140;-;  106;-;    7;-
4607;5027;05;A;  52;100511; 2;w;12; 2699;-; 2435;-;  275;-;  272;-; 2387;-; 2194;-;  189;-;    4;-;   11;-;    3;-;  108;-;  164;-;  128;-;   26;-; 2146;-; 1914;-;  225;-;    7;-;   16;-;    5;-;  106;-;  161;-;  124;-;    1;-
4607;5027;05;A;  52;100511; 2;w;13; 2932;-; 3049;-;  224;-;  273;-; 2682;-; 2499;-;  181;-;    2;-;   11;-;    1;-;   89;-;  134;-;  114;-;   15;-; 2739;-; 2543;-;  191;-;    5;-;   23;-;    6;-;  116;-;  151;-;  114;-;   14;-
4607;5027;05;A;  52;100511; 2;w;14; 3277;-; 3610;-;  254;-;  279;-; 2985;-; 2793;-;  181;-;   11;-;   22;-;    6;-;   90;-;  158;-;  133;-;   16;-; 3312;-; 3043;-;  262;-;    7;-;    7;-;    5;-;  130;-;  144;-;  108;-;   12;-
4607;5027;05;A;  52;100511; 2;w;15; 3012;-; 4004;-;  281;-;  242;-; 2704;-; 2529;-;  171;-;    4;-;   13;-;    2;-;  117;-;  162;-;  119;-;   14;-; 3731;-; 3477;-;  236;-;   18;-;   18;-;    1;-;  103;-;  138;-;  111;-;   13;-
4607;5027;05;A;  52;100511; 2;w;16; 3097;-; 5142;-;  236;-;  229;-; 2831;-; 2634;-;  191;-;    6;-;   20;-;    2;-;   89;-;  145;-;  117;-;   10;-; 4862;-; 4592;-;  257;-;   13;-;   30;-;    8;-;   94;-;  127;-;   89;-;   21;-
4607;5027;05;A;  52;100511; 2;w;17; 3375;-; 5867;-;  193;-;  217;-; 3145;-; 2963;-;  174;-;    8;-;   17;-;    4;-;   78;-;  111;-;   83;-;   20;-; 5611;-; 5383;-;  218;-;   10;-;   28;-;    5;-;   82;-;  130;-;  101;-;   11;-
4607;5027;05;A;  52;100511; 2;w;18; 3607;-; 5622;-;  145;-;  152;-; 3422;-; 3273;-;  139;-;   10;-;   11;-;    5;-;   38;-;  102;-;   78;-;   29;-; 5440;-; 5269;-;  162;-;    9;-;   23;-;    9;-;   53;-;   90;-;   70;-;    7;-
4607;5027;05;A;  52;100511; 2;w;19; 3487;-; 5076;-;  124;-;  113;-; 3330;-; 3194;-;  130;-;    6;-;   11;-;    3;-;   30;-;   91;-;   69;-;   22;-; 4936;-; 4770;-;  157;-;    9;-;   11;-;    5;-;   36;-;   72;-;   56;-;   16;-
4607;5027;05;A;  52;100511; 2;w;20; 2453;-; 3313;-;   92;-;   96;-; 2337;-; 2215;-;  112;-;   10;-;    3;-;    4;-;   19;-;   69;-;   50;-;   21;-; 3198;-; 3053;-;  138;-;    7;-;    6;-;    1;-;   28;-;   67;-;   53;-;   13;-
4607;5027;05;A;  52;100511; 2;w;21; 1553;-; 2095;-;   77;-;   76;-; 1456;-; 1384;-;   70;-;    2;-;    5;-;    2;-;   18;-;   57;-;   44;-;   15;-; 2007;-; 1896;-;  103;-;    8;-;    4;-;    5;-;    8;-;   63;-;   42;-;    8;-
4607;5027;05;A;  52;100511; 2;w;22; 1325;-; 1742;-;   55;-;   63;-; 1264;-; 1204;-;   55;-;    5;-;    2;-;    6;-;   12;-;   37;-;   26;-;    4;-; 1669;-; 1607;-;   57;-;    5;-;    2;-;    3;-;   14;-;   46;-;   28;-;    8;-
4607;5027;05;A;  52;100511; 2;w;23;  963;-; 1488;-;   55;-;   61;-;  900;-;  851;-;   47;-;    2;-;    2;-;    4;-;   14;-;   37;-;   31;-;    6;-; 1418;-; 1372;-;   43;-;    3;-;    5;-;    3;-;   11;-;   47;-;   36;-;    4;-
4607;5027;05;A;  52;100511; 2;w;24;  584;-;  993;-;   51;-;   66;-;  532;-;  488;-;   44;-;    0;-;    0;-;    2;-;    9;-;   40;-;   30;-;    1;-;  914;-;  868;-;   46;-;    0;-;    7;-;    1;-;   16;-;   49;-;   36;-;    6;-
4607;5027;05;A;  52;100512; 3;w;01;  270;-;  483;-;   50;-;   43;-;  217;-;  194;-;   23;-;    0;-;    0;-;    2;-;   12;-;   36;-;   23;-;    3;-;  436;-;  397;-;   38;-;    1;-;    2;-;    3;-;    3;-;   37;-;   27;-;    2;-
4607;5027;05;A;  52;100512; 3;w;02;  152;-;  258;-;   42;-;   34;-;  109;-;   96;-;   12;-;    1;-;    0;-;    1;-;    7;-;   34;-;   27;-;    1;-;  222;-;  198;-;   24;-;    0;-;    1;-;    0;-;    9;-;   25;-;   17;-;    1;-
4607;5027;05;A;  52;100512; 3;w;03;  172;-;  173;-;   58;-;   59;-;  112;-;  101;-;   11;-;    0;-;    2;-;    2;-;   20;-;   36;-;   24;-;    0;-;  113;-;   97;-;   16;-;    0;-;    1;-;    2;-;   15;-;   42;-;   29;-;    0;-
4607;5027;05;A;  52;100512; 3;w;04;  530;-;  241;-;   67;-;   64;-;  461;-;  429;-;   32;-;    0;-;    1;-;    1;-;   25;-;   41;-;   30;-;    1;-;  176;-;  149;-;   26;-;    1;-;    1;-;    2;-;   23;-;   39;-;   32;-;    0;-
4607;5027;05;A;  52;100512; 3;w;05;  928;-;  440;-;  144;-;   85;-;  778;-;  732;-;   43;-;    3;-;    2;-;    5;-;   36;-;  103;-;   68;-;    4;-;  352;-;  313;-;   39;-;    0;-;    2;-;    1;-;   34;-;   50;-;   34;-;    1;-
4607;5027;05;A;  52;100512; 3;w;06; 2464;-;  902;-;  210;-;  151;-; 2235;-; 2119;-;  106;-;   10;-;    5;-;    3;-;   78;-;  129;-;   97;-;   14;-;  747;-;  688;-;   57;-;    2;-;    3;-;    4;-;   51;-;   96;-;   71;-;    1;-
4607;5027;05;A;  52;100512; 3;w;07; 5093;-; 1977;-;  256;-;  178;-; 4755;-; 4487;-;  252;-;   16;-;   18;-;    6;-;   94;-;  156;-;  113;-;   64;-; 1787;-; 1635;-;  149;-;    3;-;    6;-;    3;-;   76;-;   99;-;   66;-;    6;-
4607;5027;05;A;  52;100512; 3;w;08; 6185;-; 3424;-;  235;-;  224;-; 5863;-; 5615;-;  239;-;    9;-;   30;-;   12;-;  101;-;  122;-;   91;-;   57;-; 3166;-; 2976;-;  187;-;    3;-;   16;-;    5;-;   94;-;  125;-;   86;-;   18;-
4607;5027;05;A;  52;100512; 3;w;09; 5987;-; 3853;-;  280;-;  255;-; 5634;-; 5427;-;  195;-;   12;-;   15;-;    9;-;  140;-;  131;-;   97;-;   58;-; 3561;-; 3369;-;  188;-;    4;-;   20;-;    7;-;  119;-;  129;-;   95;-;   17;-
4607;5027;05;A;  52;100512; 3;w;10; 4353;-; 2686;-;  304;-;  274;-; 3981;-; 3774;-;  198;-;    9;-;   21;-;   10;-;  144;-;  150;-;  120;-;   47;-; 2393;-; 2171;-;  220;-;    2;-;   10;-;    6;-;  121;-;  147;-;  109;-;    9;-
4607;5027;05;A;  52;100512; 3;w;11; 3322;-; 2552;-;  296;-;  289;-; 2977;-; 2783;-;  188;-;    6;-;   20;-;    5;-;  122;-;  169;-;  120;-;   29;-; 2238;-; 2031;-;  206;-;    1;-;   17;-;    8;-;  118;-;  163;-;  121;-;    8;-
4607;5027;05;A;  52;100512; 3;w;12; 2835;-; 2766;-;  249;-;  277;-; 2554;-; 2358;-;  191;-;    5;-;   19;-;    1;-;   97;-;  151;-;  120;-;   13;-; 2461;-; 2234;-;  226;-;    1;-;   20;-;    3;-;  105;-;  169;-;  130;-;    8;-
4607;5027;05;A;  52;100512; 3;w;13; 3129;-; 3459;-;  246;-;  274;-; 2843;-; 2647;-;  190;-;    6;-;   19;-;    3;-;   92;-;  151;-;  126;-;   21;-; 3153;-; 2895;-;  257;-;    1;-;   23;-;    3;-;  124;-;  147;-;  120;-;    9;-
4607;5027;05;A;  52;100512; 3;w;14; 3221;-; 3907;-;  256;-;  261;-; 2925;-; 2750;-;  166;-;    9;-;   24;-;    2;-;  105;-;  149;-;  120;-;   16;-; 3618;-; 3375;-;  236;-;    7;-;   14;-;    8;-;   98;-;  155;-;  131;-;   14;-
4607;5027;05;A;  52;100512; 3;w;15; 3155;-; 4619;-;  266;-;  286;-; 2853;-; 2653;-;  188;-;   12;-;   22;-;    4;-;   91;-;  171;-;  133;-;   14;-; 4286;-; 4025;-;  253;-;    8;-;   31;-;    8;-;  124;-;  154;-;  122;-;   16;-
4607;5027;05;A;  52;100512; 3;w;16; 3388;-; 5255;-;  223;-;  266;-; 3122;-; 2913;-;  200;-;    9;-;   11;-;    5;-;   93;-;  125;-;   97;-;   32;-; 4932;-; 4689;-;  235;-;    8;-;   45;-;    6;-;  106;-;  154;-;  120;-;   12;-
4607;5027;05;A;  52;100512; 3;w;17; 3716;-; 5225;-;  201;-;  204;-; 3471;-; 3290;-;  175;-;    6;-;   17;-;    5;-;   79;-;  117;-;   90;-;   27;-; 4997;-; 4816;-;  177;-;    4;-;   21;-;    7;-;   71;-;  126;-;   93;-;    3;-
4607;5027;05;A;  52;100512; 3;w;18; 3800;-; 5644;-;  152;-;  163;-; 3610;-; 3465;-;  136;-;    9;-;   15;-;    7;-;   43;-;  102;-;   69;-;   23;-; 5446;-; 5280;-;  153;-;   13;-;   22;-;    7;-;   46;-;  110;-;   79;-;   13;-
4607;5027;05;A;  52;100512; 3;w;19; 3608;-; 5393;-;   95;-;  123;-; 3471;-; 3344;-;  124;-;    3;-;    8;-;    6;-;   31;-;   58;-;   43;-;   34;-; 5232;-; 5076;-;  152;-;    4;-;   26;-;   11;-;   41;-;   71;-;   60;-;   12;-
4607;5027;05;A;  52;100512; 3;w;20; 2718;-; 3687;-;   80;-;   83;-; 2617;-; 2482;-;  115;-;   20;-;    4;-;    5;-;   23;-;   52;-;   38;-;   17;-; 3570;-; 3405;-;  156;-;    9;-;   13;-;    2;-;   21;-;   60;-;   46;-;   21;-
4607;5027;05;A;  52;100512; 3;w;21; 1878;-; 2525;-;   62;-;   79;-; 1796;-; 1696;-;   88;-;   12;-;    8;-;    8;-;   19;-;   35;-;   29;-;   12;-; 2434;-; 2305;-;  126;-;    3;-;    4;-;    8;-;   17;-;   54;-;   40;-;    8;-
4607;5027;05;A;  52;100512; 3;w;22; 1449;-; 2054;-;   43;-;   69;-; 1393;-; 1319;-;   73;-;    1;-;    3;-;    3;-;   13;-;   27;-;   22;-;   10;-; 1966;-; 1879;-;   83;-;    4;-;    7;-;    4;-;   19;-;   46;-;   29;-;   12;-
4607;5027;05;A;  52;100512; 3;w;23; 1176;-; 1697;-;   33;-;   42;-; 1137;-; 1080;-;   55;-;    2;-;    1;-;    2;-;   11;-;   20;-;   16;-;    5;-; 1650;-; 1582;-;   66;-;    2;-;    0;-;    4;-;    7;-;   31;-;   20;-;    5;-
4607;5027;05;A;  52;100512; 3;w;24;  739;-; 1213;-;   24;-;   24;-;  708;-;  664;-;   43;-;    1;-;    1;-;    4;-;    9;-;   11;-;    9;-;    6;-; 1186;-; 1131;-;   52;-;    3;-;    0;-;    2;-;    3;-;   19;-;   18;-;    3;-
4607;5027;05;A;  52;100513; 4;s;01;  469;-;  602;-;   15;-;   13;-;  448;-;  418;-;   29;-;    1;-;    1;-;    1;-;    4;-;   10;-;    4;-;    5;-;  588;-;  561;-;   27;-;    0;-;    0;-;    2;-;    2;-;    9;-;    7;-;    1;-
4607;5027;05;A;  52;100513; 4;s;02;  333;-;  325;-;   18;-;   12;-;  312;-;  283;-;   26;-;    3;-;    0;-;    2;-;    5;-;   11;-;   10;-;    3;-;  313;-;  288;-;   24;-;    1;-;    0;-;    2;-;    3;-;    7;-;    7;-;    0;-
4607;5027;05;A;  52;100513; 4;s;03;  245;-;  292;-;   14;-;   14;-;  229;-;  214;-;   13;-;    2;-;    0;-;    3;-;    1;-;   10;-;    6;-;    2;-;  277;-;  253;-;   24;-;    0;-;    0;-;    3;-;    3;-;    8;-;    7;-;    1;-
4607;5027;05;A;  52;100513; 4;s;04;  488;-;  327;-;   17;-;   11;-;  469;-;  425;-;   44;-;    0;-;    0;-;    2;-;    7;-;    8;-;    3;-;    2;-;  314;-;  286;-;   28;-;    0;-;    0;-;    0;-;    6;-;    5;-;    5;-;    2;-
4607;5027;05;A;  52;100513; 4;s;05;  678;-;  430;-;   16;-;   10;-;  659;-;  615;-;   44;-;    0;-;    1;-;    6;-;    2;-;    8;-;    5;-;    2;-;  416;-;  378;-;   38;-;    0;-;    3;-;    4;-;    4;-;    2;-;    1;-;    1;-
4607;5027;05;A;  52;100513; 4;s;06;  915;-;  611;-;   19;-;    9;-;  887;-;  832;-;   53;-;    2;-;    3;-;    2;-;    6;-;   11;-;    5;-;    6;-;  595;-;  536;-;   58;-;    1;-;    5;-;    2;-;    5;-;    2;-;    2;-;    2;-
4607;5027;05;A;  52;100513; 4;s;07;  679;-;  689;-;   20;-;    6;-;  639;-;  572;-;   67;-;    0;-;   14;-;    5;-;    9;-;    6;-;    5;-;    6;-;  678;-;  622;-;   52;-;    4;-;    2;-;    2;-;    0;-;    4;-;    2;-;    3;-
4607;5027;05;A;  52;100513; 4;s;08;  715;-;  657;-;   20;-;   14;-;  662;-;  594;-;   62;-;    6;-;   26;-;    4;-;   11;-;    5;-;    4;-;    7;-;  631;-;  559;-;   69;-;    3;-;   11;-;    6;-;    2;-;    6;-;    5;-;    1;-
4607;5027;05;A;  52;100513; 4;s;09; 1019;-; 1015;-;   17;-;   13;-;  977;-;  896;-;   75;-;    6;-;   22;-;    3;-;    6;-;    8;-;    8;-;    3;-;  987;-;  913;-;   70;-;    4;-;   11;-;    5;-;    7;-;    1;-;    1;-;    4;-
4607;5027;05;A;  52;100513; 4;s;10; 1571;-; 1431;-;   26;-;   24;-; 1514;-; 1424;-;   87;-;    3;-;   21;-;    4;-;   10;-;   12;-;   11;-;   10;-; 1396;-; 1285;-;   95;-;   16;-;    9;-;   10;-;    6;-;    8;-;    7;-;    2;-
4607;5027;05;A;  52;100513; 4;s;11; 1752;-; 1854;-;    9;-;   18;-; 1720;-; 1627;-;   88;-;    5;-;   13;-;    2;-;    5;-;    2;-;    1;-;   10;-; 1805;-; 1702;-;   95;-;    8;-;   16;-;    3;-;    6;-;    9;-;    8;-;   15;-
4607;5027;05;A;  52;100513; 4;s;12; 1952;-; 1943;-;   19;-;   20;-; 1899;-; 1809;-;   86;-;    4;-;   22;-;    4;-;   10;-;    5;-;    5;-;   12;-; 1897;-; 1804;-;   84;-;    9;-;   17;-;    4;-;   10;-;    6;-;    6;-;    9;-
4607;5027;05;A;  52;100513; 4;s;13; 2004;-; 2071;-;   10;-;   19;-; 1964;-; 1878;-;   71;-;   15;-;   18;-;    3;-;    3;-;    4;-;    4;-;   12;-; 2027;-; 1906;-;  107;-;   14;-;   17;-;    4;-;    4;-;   11;-;    8;-;    8;-
4607;5027;05;A;  52;100513; 4;s;14; 2099;-; 2113;-;   22;-;   12;-; 2042;-; 1950;-;   78;-;   14;-;   21;-;    3;-;    9;-;   10;-;   10;-;   14;-; 2082;-; 1987;-;   83;-;   12;-;    9;-;    0;-;    5;-;    7;-;    5;-;   10;-
4607;5027;05;A;  52;100513; 4;s;15; 2110;-; 2473;-;   19;-;   24;-; 2066;-; 1959;-;   93;-;   14;-;   11;-;    4;-;    6;-;    9;-;    8;-;   14;-; 2428;-; 2325;-;   93;-;   10;-;   10;-;    2;-;   13;-;    9;-;    7;-;   11;-
4607;5027;05;A;  52;100513; 4;s;16; 2050;-; 2139;-;   21;-;   16;-; 1997;-; 1924;-;   65;-;    8;-;   11;-;    6;-;    6;-;    9;-;    7;-;   21;-; 2099;-; 1987;-;  105;-;    7;-;   19;-;    1;-;    8;-;    7;-;    7;-;    5;-
4607;5027;05;A;  52;100513; 4;s;17; 1884;-; 1878;-;   17;-;   10;-; 1855;-; 1761;-;   90;-;    4;-;    2;-;    3;-;    5;-;    9;-;    8;-;   10;-; 1836;-; 1730;-;  101;-;    5;-;   21;-;    3;-;    4;-;    3;-;    1;-;   11;-
4607;5027;05;A;  52;100513; 4;s;18; 2103;-; 2081;-;   19;-;   29;-; 2059;-; 1979;-;   74;-;    6;-;   11;-;    3;-;    7;-;    9;-;    7;-;   14;-; 2014;-; 1901;-;  107;-;    6;-;   30;-;    5;-;   13;-;   11;-;   10;-;    8;-
4607;5027;05;A;  52;100513; 4;s;19; 2004;-; 2073;-;   18;-;   23;-; 1962;-; 1875;-;   77;-;   10;-;    3;-;    3;-;    6;-;    9;-;    7;-;   21;-; 2022;-; 1932;-;   85;-;    5;-;   24;-;    4;-;   10;-;    9;-;    8;-;    4;-
4607;5027;05;A;  52;100513; 4;s;20; 1480;-; 1621;-;   20;-;   20;-; 1447;-; 1376;-;   69;-;    2;-;    2;-;    4;-;    6;-;   10;-;    9;-;   11;-; 1583;-; 1506;-;   77;-;    0;-;   11;-;    5;-;    8;-;    7;-;    7;-;    7;-
4607;5027;05;A;  52;100513; 4;s;21; 1182;-; 1354;-;   22;-;   18;-; 1151;-; 1095;-;   52;-;    4;-;    2;-;    5;-;    7;-;   10;-;    9;-;    7;-; 1320;-; 1254;-;   61;-;    5;-;    7;-;    2;-;    6;-;   10;-;    8;-;    9;-
4607;5027;05;A;  52;100513; 4;s;22;  977;-; 1000;-;   17;-;   22;-;  946;-;  899;-;   46;-;    1;-;    3;-;    1;-;    2;-;   14;-;   10;-;   11;-;  977;-;  932;-;   45;-;    0;-;    0;-;    3;-;   10;-;    9;-;    4;-;    1;-
4607;5027;05;A;  52;100513; 4;s;23;  839;-;  977;-;   34;-;   30;-;  799;-;  752;-;   46;-;    1;-;    2;-;    1;-;    6;-;   27;-;   23;-;    4;-;  941;-;  898;-;   40;-;    3;-;    4;-;    1;-;    5;-;   24;-;   16;-;    2;-
4607;5027;05;A;  52;100513; 4;s;24;  685;-;  949;-;   39;-;   37;-;  641;-;  611;-;   29;-;    1;-;    0;-;    2;-;    7;-;   30;-;   23;-;    5;-;  911;-;  845;-;   63;-;    3;-;    0;-;    1;-;   10;-;   26;-;   20;-;    1;-
4607;5027;05;A;  52;100514; 5;w;01;  331;-;  395;-;   27;-;   31;-;  296;-;  271;-;   24;-;    1;-;    3;-;    4;-;    5;-;   18;-;   15;-;    5;-;  363;-;  345;-;   18;-;    0;-;    0;-;    2;-;    1;-;   28;-;   18;-;    1;-
4607;5027;05;A;  52;100514; 5;w;02;  159;-;  191;-;   25;-;   32;-;  132;-;  119;-;   12;-;    1;-;    1;-;    0;-;    3;-;   22;-;   17;-;    1;-;  155;-;  142;-;   13;-;    0;-;    2;-;    0;-;    8;-;   24;-;   19;-;    2;-
4607;5027;05;A;  52;100514; 5;w;03;  185;-;  160;-;   47;-;   33;-;  138;-;  122;-;   16;-;    0;-;    0;-;    2;-;   16;-;   29;-;   19;-;    0;-;  126;-;  110;-;   15;-;    1;-;    1;-;    0;-;   10;-;   23;-;   21;-;    0;-
4607;5027;05;A;  52;100514; 5;w;04;  461;-;  236;-;   56;-;   57;-;  398;-;  351;-;   46;-;    1;-;    3;-;    0;-;   22;-;   34;-;   21;-;    4;-;  179;-;  152;-;   27;-;    0;-;    0;-;    0;-;   28;-;   29;-;   22;-;    0;-
4607;5027;05;A;  52;100514; 5;w;05;  775;-;  430;-;  113;-;   72;-;  654;-;  616;-;   35;-;    3;-;    3;-;    5;-;   41;-;   67;-;   45;-;    5;-;  356;-;  312;-;   44;-;    0;-;    2;-;    1;-;   28;-;   43;-;   28;-;    0;-
4607;5027;05;A;  52;100514; 5;w;06; 1706;-;  644;-;  188;-;  139;-; 1512;-; 1427;-;   78;-;    7;-;    1;-;    2;-;   70;-;  116;-;   98;-;    5;-;  497;-;  438;-;   58;-;    1;-;    6;-;    2;-;   36;-;  101;-;   72;-;    2;-
4607;5027;05;A;  52;100514; 5;w;07; 3270;-; 1318;-;  206;-;  159;-; 3023;-; 2817;-;  190;-;   16;-;   14;-;    9;-;   71;-;  126;-;  108;-;   27;-; 1151;-; 1046;-;  102;-;    3;-;    4;-;    5;-;   63;-;   91;-;   71;-;    4;-
4607;5027;05;A;  52;100514; 5;w;08; 4015;-; 2096;-;  220;-;  204;-; 3759;-; 3577;-;  173;-;    9;-;    9;-;    8;-;   82;-;  130;-;   99;-;   27;-; 1876;-; 1720;-;  150;-;    6;-;    6;-;    3;-;   89;-;  112;-;   90;-;   10;-
4607;5027;05;A;  52;100514; 5;w;09; 3875;-; 2418;-;  220;-;  206;-; 3627;-; 3460;-;  158;-;    9;-;   13;-;    5;-;   96;-;  119;-;  100;-;   15;-; 2189;-; 2000;-;  181;-;    8;-;    9;-;    3;-;   91;-;  112;-;   84;-;   14;-
4607;5027;05;A;  52;100514; 5;w;10; 3365;-; 2288;-;  235;-;  278;-; 3094;-; 2938;-;  149;-;    7;-;   15;-;    6;-;   93;-;  136;-;  115;-;   21;-; 1991;-; 1801;-;  189;-;    1;-;   10;-;   10;-;  104;-;  164;-;  128;-;    9;-
4607;5027;05;A;  52;100514; 5;w;11; 3238;-; 2449;-;  218;-;  187;-; 2998;-; 2834;-;  154;-;   10;-;   12;-;    4;-;   99;-;  115;-;   89;-;   10;-; 2231;-; 2038;-;  189;-;    4;-;   17;-;    8;-;   78;-;  101;-;   91;-;   14;-
4607;5027;05;A;  52;100514; 5;w;12; 3064;-; 2829;-;  198;-;  191;-; 2820;-; 2643;-;  168;-;    9;-;   21;-;    2;-;   82;-;  114;-;   80;-;   25;-; 2606;-; 2398;-;  193;-;   15;-;   24;-;    2;-;   90;-;   99;-;   75;-;    8;-
4607;5027;05;A;  52;100514; 5;w;13; 3002;-; 3299;-;  205;-;  219;-; 2763;-; 2588;-;  162;-;   13;-;   17;-;    2;-;   87;-;  116;-;   95;-;   17;-; 3052;-; 2836;-;  212;-;    4;-;   16;-;    2;-;   89;-;  128;-;   99;-;   12;-
4607;5027;05;A;  52;100514; 5;w;14; 3139;-; 3739;-;  189;-;  173;-; 2924;-; 2745;-;  161;-;   18;-;   11;-;    7;-;   60;-;  122;-;   98;-;   15;-; 3539;-; 3332;-;  203;-;    4;-;   16;-;    4;-;   82;-;   87;-;   69;-;   11;-
4607;5027;05;A;  52;100514; 5;w;15; 3115;-; 4327;-;  194;-;  187;-; 2883;-; 2725;-;  146;-;   12;-;   22;-;    2;-;   79;-;  113;-;   88;-;   16;-; 4110;-; 3882;-;  214;-;   14;-;   20;-;    4;-;   79;-;  104;-;   80;-;   10;-
4607;5027;05;A;  52;100514; 5;w;16; 3019;-; 4460;-;  165;-;  137;-; 2809;-; 2621;-;  159;-;   29;-;   23;-;    3;-;   63;-;   99;-;   71;-;   22;-; 4291;-; 4088;-;  186;-;   17;-;   16;-;    6;-;   44;-;   87;-;   62;-;   16;-
4607;5027;05;A;  52;100514; 5;w;17; 2894;-; 4121;-;  146;-;  112;-; 2717;-; 2557;-;  140;-;   20;-;   16;-;    6;-;   60;-;   80;-;   66;-;   15;-; 3984;-; 3784;-;  190;-;   10;-;   10;-;    1;-;   47;-;   64;-;   55;-;   15;-
4607;5027;05;A;  52;100514; 5;w;18; 2597;-; 3782;-;   87;-;   88;-; 2491;-; 2358;-;  118;-;   15;-;    8;-;    3;-;   29;-;   55;-;   45;-;   11;-; 3670;-; 3488;-;  171;-;   11;-;   11;-;    5;-;   26;-;   57;-;   44;-;   13;-
4607;5027;05;A;  52;100514; 5;w;19; 2457;-; 3421;-;   64;-;   86;-; 2372;-; 2270;-;   96;-;    6;-;   10;-;    3;-;   16;-;   45;-;   33;-;   11;-; 3313;-; 3176;-;  129;-;    8;-;    9;-;    5;-;   32;-;   49;-;   38;-;   13;-
4607;5027;05;A;  52;100514; 5;w;20; 2022;-; 2621;-;   53;-;   54;-; 1945;-; 1826;-;  113;-;    6;-;    5;-;    2;-;   18;-;   33;-;   28;-;   19;-; 2554;-; 2404;-;  144;-;    6;-;    6;-;    3;-;   14;-;   37;-;   28;-;    7;-
4607;5027;05;A;  52;100514; 5;w;21; 1429;-; 1817;-;   49;-;   58;-; 1364;-; 1270;-;   88;-;    6;-;    7;-;    4;-;    8;-;   37;-;   22;-;    9;-; 1739;-; 1634;-;   99;-;    6;-;    9;-;    5;-;   14;-;   39;-;   25;-;   11;-
4607;5027;05;A;  52;100514; 5;w;22; 1068;-; 1229;-;   42;-;   45;-; 1016;-;  960;-;   53;-;    3;-;    3;-;    2;-;   14;-;   26;-;   21;-;    7;-; 1174;-; 1095;-;   76;-;    3;-;    4;-;    0;-;   10;-;   35;-;   24;-;    6;-
4607;5027;05;A;  52;100514; 5;w;23;  948;-; 1145;-;   37;-;   52;-;  902;-;  850;-;   50;-;    2;-;    0;-;    4;-;    7;-;   26;-;   24;-;    9;-; 1085;-; 1022;-;   57;-;    6;-;    4;-;    2;-;    9;-;   41;-;   25;-;    4;-
4607;5027;05;A;  52;100514; 5;w;24;  634;-; 1074;-;   38;-;   48;-;  585;-;  560;-;   24;-;    1;-;    1;-;    3;-;   12;-;   23;-;   17;-;   10;-; 1023;-;  975;-;   46;-;    2;-;    0;-;    3;-;    8;-;   37;-;   29;-;    3;-
4607;5027;05;A;  52;100515; 6;w;01;  465;-;  629;-;   21;-;   31;-;  438;-;  401;-;   36;-;    1;-;    0;-;    1;-;    6;-;   14;-;    7;-;    6;-;  596;-;  568;-;   27;-;    1;-;    1;-;    3;-;    7;-;   21;-;   15;-;    1;-
4607;5027;05;A;  52;100515; 6;w;02;  323;-;  370;-;   31;-;   28;-;  289;-;  273;-;   16;-;    0;-;    3;-;    2;-;    4;-;   25;-;   20;-;    0;-;  337;-;  314;-;   23;-;    0;-;    3;-;    0;-;    6;-;   22;-;   21;-;    2;-
4607;5027;05;A;  52;100515; 6;w;03;  255;-;  261;-;   40;-;   38;-;  214;-;  200;-;   14;-;    0;-;    1;-;    2;-;   10;-;   28;-;   18;-;    0;-;  219;-;  200;-;   19;-;    0;-;    2;-;    0;-;   10;-;   28;-;   22;-;    2;-
4607;5027;05;A;  52;100515; 6;w;04;  590;-;  301;-;   45;-;   44;-;  538;-;  491;-;   47;-;    0;-;    2;-;    2;-;   17;-;   26;-;   11;-;    5;-;  256;-;  229;-;   27;-;    0;-;    0;-;    1;-;   23;-;   20;-;   18;-;    1;-
4607;5027;05;A;  52;100515; 6;w;05;  668;-;  451;-;   56;-;   38;-;  609;-;  569;-;   39;-;    1;-;    1;-;    4;-;   25;-;   27;-;   20;-;    2;-;  410;-;  368;-;   41;-;    1;-;    2;-;    3;-;   22;-;   13;-;   11;-;    1;-
4607;5027;05;A;  52;100515; 6;w;06;  912;-;  488;-;   68;-;   43;-;  828;-;  772;-;   51;-;    5;-;    6;-;    6;-;   30;-;   32;-;   26;-;   10;-;  441;-;  384;-;   57;-;    0;-;    3;-;    4;-;   24;-;   15;-;    9;-;    1;-
4607;5027;05;A;  52;100515; 6;w;07;  843;-;  695;-;   59;-;   36;-;  759;-;  656;-;   99;-;    4;-;   17;-;    4;-;   23;-;   32;-;   24;-;    8;-;  646;-;  578;-;   67;-;    1;-;    6;-;    2;-;   15;-;   19;-;   12;-;    7;-
4607;5027;05;A;  52;100515; 6;w;08;  998;-;  842;-;   50;-;   49;-;  931;-;  825;-;  105;-;    1;-;   14;-;   11;-;   14;-;   25;-;   20;-;    3;-;  782;-;  685;-;   97;-;    0;-;    6;-;    5;-;   24;-;   20;-;   14;-;    5;-
4607;5027;05;A;  52;100515; 6;w;09; 1448;-; 1312;-;   53;-;   65;-; 1366;-; 1244;-;  114;-;    8;-;   15;-;    4;-;   27;-;   22;-;   20;-;   14;-; 1235;-; 1118;-;  115;-;    2;-;    8;-;    9;-;   33;-;   23;-;   18;-;    4;-
4607;5027;05;A;  52;100515; 6;w;10; 2286;-; 1766;-;   64;-;   75;-; 2183;-; 2073;-;  101;-;    9;-;   21;-;    4;-;   33;-;   27;-;   24;-;   18;-; 1677;-; 1550;-;  122;-;    5;-;   11;-;    5;-;   37;-;   33;-;   22;-;    3;-
4607;5027;05;A;  52;100515; 6;w;11; 2526;-; 2182;-;   47;-;   46;-; 2437;-; 2320;-;  107;-;   10;-;   23;-;    4;-;   25;-;   18;-;   14;-;   19;-; 2106;-; 1982;-;  117;-;    7;-;   22;-;    3;-;   19;-;   24;-;   21;-;    8;-
4607;5027;05;A;  52;100515; 6;w;12; 2691;-; 2342;-;   45;-;   53;-; 2605;-; 2471;-;  118;-;   16;-;   21;-;    5;-;   19;-;   21;-;   20;-;   20;-; 2271;-; 2129;-;  133;-;    9;-;   10;-;    4;-;   29;-;   20;-;   17;-;    8;-
4607;5027;05;A;  52;100515; 6;w;13; 2742;-; 2657;-;   32;-;   47;-; 2671;-; 2549;-;  108;-;   14;-;   20;-;    3;-;   13;-;   16;-;   13;-;   19;-; 2587;-; 2441;-;  133;-;   13;-;   14;-;    4;-;   22;-;   21;-;   16;-;    9;-
4607;5027;05;A;  52;100515; 6;w;14; 2750;-; 2801;-;   32;-;   27;-; 2684;-; 2540;-;  131;-;   13;-;   14;-;    6;-;   16;-;   10;-;    9;-;   20;-; 2743;-; 2595;-;  128;-;   20;-;   20;-;    4;-;   16;-;    7;-;    5;-;   11;-
4607;5027;05;A;  52;100515; 6;w;15; 2709;-; 3004;-;   32;-;   32;-; 2648;-; 2502;-;  123;-;   23;-;   16;-;    0;-;   21;-;   11;-;    8;-;   13;-; 2944;-; 2798;-;  126;-;   20;-;   19;-;    4;-;   16;-;   12;-;    8;-;    9;-
4607;5027;05;A;  52;100515; 6;w;16; 2447;-; 2894;-;   38;-;   40;-; 2378;-; 2257;-;  109;-;   12;-;   16;-;    7;-;   18;-;   13;-;   12;-;   15;-; 2833;-; 2697;-;  119;-;   17;-;   15;-;    7;-;   18;-;   15;-;   12;-;    6;-
4607;5027;05;A;  52;100515; 6;w;17; 2148;-; 2659;-;   28;-;   18;-; 2093;-; 1976;-;  105;-;   12;-;   13;-;    2;-;   13;-;   13;-;   11;-;   14;-; 2618;-; 2484;-;  127;-;    7;-;   18;-;    2;-;    8;-;    8;-;    6;-;    5;-
4607;5027;05;A;  52;100515; 6;w;18; 2279;-; 2573;-;   25;-;   24;-; 2228;-; 2107;-;  105;-;   16;-;   14;-;    9;-;    9;-;    7;-;    4;-;   12;-; 2514;-; 2333;-;  174;-;    7;-;   18;-;    4;-;   11;-;    9;-;    7;-;   17;-
4607;5027;05;A;  52;100515; 6;w;19; 2420;-; 2455;-;   24;-;   23;-; 2373;-; 2283;-;   73;-;   17;-;   10;-;    6;-;   12;-;    6;-;    6;-;   13;-; 2399;-; 2285;-;  108;-;    6;-;   22;-;    3;-;   13;-;    7;-;    6;-;   11;-
4607;5027;05;A;  52;100515; 6;w;20; 1809;-; 1917;-;    9;-;   28;-; 1785;-; 1702;-;   75;-;    8;-;    5;-;    4;-;    3;-;    2;-;    2;-;   10;-; 1868;-; 1770;-;   88;-;   10;-;   15;-;    5;-;   20;-;    3;-;    3;-;    6;-
4607;5027;05;A;  52;100515; 6;w;21; 1347;-; 1557;-;   18;-;   17;-; 1319;-; 1236;-;   74;-;    9;-;    3;-;    9;-;    8;-;    1;-;    1;-;    7;-; 1528;-; 1435;-;   86;-;    7;-;    6;-;    7;-;    9;-;    1;-;    1;-;    6;-
4607;5027;05;A;  52;100515; 6;w;22; 1038;-; 1079;-;   12;-;   11;-; 1017;-;  961;-;   53;-;    3;-;    2;-;    3;-;    7;-;    2;-;    2;-;    7;-; 1056;-; 1002;-;   50;-;    4;-;    5;-;    3;-;    5;-;    3;-;    2;-;    7;-
4607;5027;05;A;  52;100515; 6;w;23; 1146;-; 1165;-;   10;-;   10;-; 1127;-; 1059;-;   66;-;    2;-;    1;-;    1;-;    7;-;    2;-;    1;-;    8;-; 1153;-; 1114;-;   39;-;    0;-;    1;-;    3;-;    6;-;    1;-;    1;-;    1;-
4607;5027;05;A;  52;100515; 6;w;24;  926;-; 1438;-;    2;-;    7;-;  915;-;  877;-;   30;-;    8;-;    2;-;    0;-;    1;-;    1;-;    1;-;    7;-; 1426;-; 1369;-;   52;-;    5;-;    3;-;    5;-;    2;-;    0;-;    0;-;    2;-
4607;5027;05;A;  52;100516; 7;s;01;  716;-;  717;-;    7;-;    3;-;  701;-;  675;-;   26;-;    0;-;    2;-;    1;-;    4;-;    2;-;    1;-;    6;-;  710;-;  688;-;   21;-;    1;-;    2;-;    1;-;    2;-;    0;-;    0;-;    2;-
4607;5027;05;A;  52;100516; 7;s;02;  504;-;  456;-;    9;-;    2;-;  490;-;  463;-;   26;-;    1;-;    0;-;    2;-;    6;-;    1;-;    1;-;    5;-;  452;-;  432;-;   20;-;    0;-;    1;-;    2;-;    0;-;    0;-;    0;-;    1;-
4607;5027;05;A;  52;100516; 7;s;03;  355;-;  298;-;    6;-;    7;-;  346;-;  325;-;   18;-;    3;-;    1;-;    1;-;    5;-;    0;-;    0;-;    2;-;  289;-;  269;-;   20;-;    0;-;    1;-;    3;-;    3;-;    1;-;    0;-;    1;-
4607;5027;05;A;  52;100516; 7;s;04;  611;-;  382;-;    5;-;    4;-;  603;-;  568;-;   33;-;    2;-;    0;-;    2;-;    3;-;    0;-;    0;-;    3;-;  373;-;  340;-;   33;-;    0;-;    3;-;    1;-;    2;-;    1;-;    1;-;    2;-
4607;5027;05;A;  52;100516; 7;s;05;  618;-;  521;-;    2;-;    3;-;  607;-;  558;-;   48;-;    1;-;    3;-;    1;-;    1;-;    0;-;    0;-;    6;-;  513;-;  471;-;   42;-;    0;-;    2;-;    1;-;    2;-;    0;-;    0;-;    3;-
4607;5027;05;A;  52;100516; 7;s;06;  824;-;  456;-;   13;-;    6;-;  801;-;  747;-;   51;-;    3;-;    6;-;    6;-;    5;-;    2;-;    1;-;    4;-;  449;-;  399;-;   49;-;    1;-;    1;-;    1;-;    4;-;    1;-;    1;-;    0;-
4607;5027;05;A;  52;100516; 7;s;07;  708;-;  500;-;   22;-;   12;-;  657;-;  594;-;   60;-;    3;-;   23;-;    1;-;   15;-;    6;-;    5;-;    6;-;  484;-;  440;-;   42;-;    2;-;    4;-;    4;-;    3;-;    5;-;    5;-;    0;-
4607;5027;05;A;  52;100516; 7;s;08;  746;-;  561;-;   18;-;   18;-;  701;-;  615;-;   77;-;    9;-;   25;-;    5;-;    8;-;    5;-;    5;-;    2;-;  541;-;  492;-;   48;-;    1;-;    2;-;    6;-;    9;-;    3;-;    3;-;    0;-
4607;5027;05;A;  52;100516; 7;s;09; 1021;-;  826;-;   17;-;   14;-;  978;-;  917;-;   55;-;    6;-;   20;-;    5;-;    7;-;    5;-;    5;-;    6;-;  807;-;  744;-;   57;-;    6;-;    3;-;    6;-;    4;-;    4;-;    4;-;    2;-
4607;5027;05;A;  52;100516; 7;s;10; 1393;-; 1287;-;   24;-;   22;-; 1352;-; 1285;-;   53;-;   14;-;   11;-;    8;-;    8;-;    8;-;    8;-;    6;-; 1256;-; 1171;-;   73;-;   12;-;    8;-;    8;-;   10;-;    4;-;    3;-;    1;-
4607;5027;05;A;  52;100516; 7;s;11; 1832;-; 1758;-;   22;-;   26;-; 1784;-; 1681;-;   78;-;   25;-;   12;-;    4;-;   12;-;    6;-;    6;-;   14;-; 1711;-; 1581;-;   76;-;   54;-;   10;-;    7;-;    9;-;   10;-;    8;-;   11;-
4607;5027;05;A;  52;100516; 7;s;12; 2153;-; 1959;-;   18;-;   15;-; 2110;-; 1996;-;   82;-;   32;-;   13;-;    5;-;    8;-;    5;-;    5;-;   12;-; 1924;-; 1793;-;   94;-;   37;-;   13;-;    2;-;    9;-;    4;-;    4;-;    7;-
4607;5027;05;A;  52;100516; 7;s;13; 2263;-; 2342;-;   14;-;   13;-; 2226;-; 2100;-;   97;-;   29;-;   11;-;    1;-;    9;-;    4;-;    3;-;   12;-; 2306;-; 2177;-;  100;-;   29;-;   15;-;    0;-;    8;-;    5;-;    4;-;    8;-
4607;5027;05;A;  52;100516; 7;s;14; 2457;-; 2568;-;   13;-;   21;-; 2416;-; 2286;-;   82;-;   48;-;   13;-;    1;-;   10;-;    2;-;    2;-;   15;-; 2526;-; 2413;-;   92;-;   21;-;   14;-;    3;-;   16;-;    2;-;    2;-;    7;-
4607;5027;05;A;  52;100516; 7;s;15; 2514;-; 2608;-;   20;-;   16;-; 2459;-; 2358;-;   76;-;   25;-;   14;-;    3;-;   12;-;    5;-;    4;-;   21;-; 2571;-; 2457;-;   95;-;   19;-;   13;-;    3;-;   10;-;    3;-;    3;-;    8;-
4607;5027;05;A;  52;100516; 7;s;16; 2532;-; 2486;-;   28;-;   20;-; 2479;-; 2346;-;   96;-;   37;-;    5;-;    6;-;   14;-;    8;-;    7;-;   20;-; 2453;-; 2310;-;  113;-;   30;-;    8;-;    7;-;    7;-;    6;-;    6;-;    5;-
4607;5027;05;A;  52;100516; 7;s;17; 2474;-; 2316;-;   25;-;   23;-; 2426;-; 2298;-;  111;-;   17;-;   11;-;    7;-;    5;-;   13;-;    9;-;   12;-; 2266;-; 2138;-;  100;-;   28;-;   18;-;    7;-;   10;-;    6;-;    5;-;    9;-
4607;5027;05;A;  52;100516; 7;s;18; 2743;-; 2449;-;   26;-;   33;-; 2684;-; 2586;-;   75;-;   23;-;   11;-;    5;-;   10;-;   11;-;    9;-;   22;-; 2369;-; 2245;-;   99;-;   25;-;   37;-;   11;-;   16;-;    6;-;    5;-;   10;-
4607;5027;05;A;  52;100516; 7;s;19; 2704;-; 2443;-;   22;-;   25;-; 2638;-; 2501;-;  108;-;   29;-;   16;-;    2;-;   10;-;   10;-;    7;-;   28;-; 2382;-; 2266;-;   97;-;   19;-;   32;-;    3;-;   14;-;    8;-;    5;-;    4;-
4607;5027;05;A;  52;100516; 7;s;20; 2290;-; 2028;-;   24;-;   29;-; 2244;-; 2144;-;   87;-;   13;-;    5;-;    7;-;   11;-;    6;-;    5;-;   17;-; 1973;-; 1864;-;   95;-;   14;-;   18;-;   16;-;    6;-;    7;-;    7;-;    8;-
4607;5027;05;A;  52;100516; 7;s;21; 1751;-; 1523;-;   25;-;   26;-; 1700;-; 1607;-;   84;-;    9;-;    9;-;    2;-;   12;-;   11;-;    8;-;   17;-; 1483;-; 1376;-;  102;-;    5;-;    7;-;    9;-;    6;-;   11;-;    9;-;    7;-
4607;5027;05;A;  52;100516; 7;s;22; 1650;-; 1102;-;   24;-;   19;-; 1609;-; 1506;-;   96;-;    7;-;    8;-;    4;-;    6;-;   14;-;   10;-;    9;-; 1073;-; 1011;-;   59;-;    3;-;    8;-;   10;-;    4;-;    5;-;    4;-;    2;-
4607;5027;05;A;  52;100516; 7;s;23; 1145;-; 1061;-;   42;-;   37;-; 1093;-; 1034;-;   54;-;    5;-;    5;-;    3;-;   13;-;   26;-;   22;-;    5;-; 1012;-;  947;-;   60;-;    5;-;    7;-;    2;-;    8;-;   27;-;   23;-;    5;-
4607;5027;05;A;  52;100516; 7;s;24;  728;-; 1040;-;   24;-;   40;-;  692;-;  633;-;   59;-;    0;-;    4;-;    0;-;    8;-;   16;-;    9;-;    8;-;  993;-;  918;-;   72;-;    3;-;    5;-;    4;-;   13;-;   23;-;   18;-;    2;-
4607;5027;05;A;  52;100517; 1;w;01;  363;-;  305;-;   29;-;   22;-;  330;-;  281;-;   49;-;    0;-;    3;-;    1;-;    8;-;   20;-;   17;-;    1;-;  281;-;  254;-;   26;-;    1;-;    2;-;    3;-;    4;-;   15;-;   13;-;    0;-
4607;5027;05;A;  52;100517; 1;w;02;  187;-;  158;-;   31;-;   28;-;  154;-;  136;-;   17;-;    1;-;    1;-;    0;-;    5;-;   26;-;   20;-;    1;-;  129;-;  113;-;   16;-;    0;-;    1;-;    0;-;   10;-;   18;-;   12;-;    0;-
4607;5027;05;A;  52;100517; 1;w;03;  145;-;  113;-;   34;-;   29;-;  109;-;   96;-;   12;-;    1;-;    1;-;    1;-;   15;-;   18;-;   11;-;    1;-;   83;-;   67;-;   16;-;    0;-;    0;-;    0;-;    7;-;   22;-;   18;-;    1;-
4607;5027;05;A;  52;100517; 1;w;04;  488;-;  214;-;   67;-;   54;-;  417;-;  376;-;   40;-;    1;-;    3;-;    2;-;   23;-;   42;-;   32;-;    1;-;  158;-;  124;-;   31;-;    3;-;    0;-;    1;-;   26;-;   27;-;   22;-;    2;-
4607;5027;05;A;  52;100517; 1;w;05;  967;-;  478;-;  100;-;   80;-;  857;-;  809;-;   43;-;    5;-;    2;-;    7;-;   37;-;   56;-;   44;-;    8;-;  394;-;  359;-;   35;-;    0;-;    2;-;    0;-;   39;-;   41;-;   35;-;    2;-
4607;5027;05;A;  52;100517; 1;w;06; 2969;-;  899;-;  210;-;  115;-; 2730;-; 2588;-;  124;-;   18;-;    4;-;    4;-;   72;-;  134;-;  111;-;   25;-;  780;-;  698;-;   81;-;    1;-;    3;-;    4;-;   33;-;   78;-;   64;-;    1;-
4607;5027;05;A;  52;100517; 1;w;07; 5323;-; 2077;-;  251;-;  173;-; 5018;-; 4763;-;  236;-;   19;-;   21;-;   10;-;   96;-;  145;-;  109;-;   33;-; 1891;-; 1729;-;  154;-;    8;-;    5;-;    4;-;   72;-;   97;-;   72;-;    8;-
4607;5027;05;A;  52;100517; 1;w;08; 6237;-; 3609;-;  218;-;  235;-; 5944;-; 5705;-;  231;-;    8;-;   24;-;    8;-;   90;-;  120;-;   91;-;   51;-; 3354;-; 3163;-;  185;-;    6;-;    9;-;   10;-;   88;-;  137;-;  104;-;   11;-
4607;5027;05;A;  52;100517; 1;w;09; 6032;-; 3940;-;  289;-;  258;-; 5664;-; 5474;-;  177;-;   13;-;   24;-;    8;-;  126;-;  155;-;  121;-;   55;-; 3657;-; 3431;-;  221;-;    5;-;   12;-;   12;-;  127;-;  119;-;   95;-;   13;-
4607;5027;05;A;  52;100517; 1;w;10; 4185;-; 2957;-;  240;-;  299;-; 3903;-; 3713;-;  179;-;   11;-;   14;-;    7;-;   96;-;  137;-;   99;-;   28;-; 2628;-; 2416;-;  209;-;    3;-;   18;-;   11;-;  133;-;  155;-;  113;-;   12;-
4607;5027;05;A;  52;100517; 1;w;11; 3136;-; 2425;-;  277;-;  264;-; 2829;-; 2678;-;  147;-;    4;-;   14;-;   11;-;  117;-;  149;-;  119;-;   16;-; 2142;-; 1953;-;  184;-;    5;-;   12;-;   10;-;  116;-;  138;-;  104;-;    7;-
4607;5027;05;A;  52;100517; 1;w;12; 2907;-; 2581;-;  268;-;  281;-; 2605;-; 2427;-;  172;-;    6;-;   23;-;    5;-;  108;-;  155;-;  124;-;   11;-; 2281;-; 2059;-;  216;-;    6;-;   14;-;    6;-;  112;-;  163;-;  117;-;    5;-
4607;5027;05;A;  52;100517; 1;w;13; 3140;-; 2943;-;  283;-;  237;-; 2827;-; 2618;-;  199;-;   10;-;   19;-;    3;-;  109;-;  171;-;  137;-;   11;-; 2678;-; 2464;-;  211;-;    3;-;   23;-;    5;-;   96;-;  136;-;  109;-;    5;-
4607;5027;05;A;  52;100517; 1;w;14; 3090;-; 3330;-;  248;-;  259;-; 2799;-; 2630;-;  163;-;    6;-;   19;-;    5;-;   98;-;  145;-;  113;-;   24;-; 3038;-; 2830;-;  205;-;    3;-;   21;-;    3;-;  108;-;  148;-;  115;-;   12;-
4607;5027;05;A;  52;100517; 1;w;15; 2755;-; 3815;-;  251;-;  249;-; 2468;-; 2288;-;  168;-;   12;-;   14;-;    8;-;   99;-;  144;-;  109;-;   22;-; 3532;-; 3286;-;  238;-;    8;-;   26;-;    8;-;   91;-;  150;-;  119;-;    8;-
4607;5027;05;A;  52;100517; 1;w;16; 2863;-; 4828;-;  217;-;  215;-; 2605;-; 2423;-;  169;-;   13;-;   13;-;    5;-;   91;-;  121;-;  103;-;   28;-; 4570;-; 4301;-;  254;-;   15;-;   34;-;    8;-;   88;-;  119;-;   90;-;    9;-
4607;5027;05;A;  52;100517; 1;w;17; 3223;-; 5423;-;  167;-;  214;-; 3013;-; 2841;-;  163;-;    9;-;   16;-;   11;-;   60;-;   96;-;   79;-;   27;-; 5176;-; 4895;-;  269;-;   12;-;   18;-;   10;-;   84;-;  120;-;   94;-;   15;-
4607;5027;05;A;  52;100517; 1;w;18; 3489;-; 5623;-;  144;-;  138;-; 3322;-; 3205;-;  112;-;    5;-;    5;-;    4;-;   47;-;   93;-;   79;-;   18;-; 5457;-; 5313;-;  133;-;   11;-;   14;-;    8;-;   43;-;   87;-;   69;-;   14;-
4607;5027;05;A;  52;100517; 1;w;19; 3250;-; 4960;-;   93;-;  115;-; 3119;-; 3014;-;  103;-;    2;-;    9;-;    5;-;   21;-;   67;-;   49;-;   29;-; 4813;-; 4660;-;  141;-;   12;-;   16;-;    7;-;   31;-;   77;-;   62;-;   16;-
4607;5027;05;A;  52;100517; 1;w;20; 2262;-; 3081;-;   81;-;  103;-; 2157;-; 2033;-;  124;-;    0;-;    9;-;    5;-;   23;-;   53;-;   38;-;   15;-; 2949;-; 2819;-;  122;-;    8;-;   15;-;    1;-;   25;-;   77;-;   62;-;   14;-
4607;5027;05;A;  52;100517; 1;w;21; 1402;-; 1935;-;   50;-;   80;-; 1333;-; 1244;-;   80;-;    9;-;    7;-;    2;-;   11;-;   37;-;   31;-;   12;-; 1836;-; 1740;-;   95;-;    1;-;   10;-;    5;-;   14;-;   61;-;   43;-;    9;-
4607;5027;05;A;  52;100517; 1;w;22; 1185;-; 1587;-;   57;-;   56;-; 1120;-; 1049;-;   69;-;    2;-;    2;-;    2;-;   17;-;   38;-;   30;-;    6;-; 1515;-; 1421;-;   82;-;   12;-;   10;-;    2;-;    6;-;   48;-;   35;-;    6;-
4607;5027;05;A;  52;100517; 1;w;23;  884;-; 1397;-;   37;-;   39;-;  835;-;  771;-;   60;-;    4;-;    2;-;    1;-;    9;-;   27;-;   21;-;   10;-; 1351;-; 1277;-;   71;-;    3;-;    5;-;    1;-;    6;-;   32;-;   19;-;    2;-
4607;5027;05;A;  52;100517; 1;w;24;  577;-;  953;-;   44;-;   60;-;  528;-;  488;-;   38;-;    2;-;    0;-;    1;-;    6;-;   37;-;   31;-;    5;-;  887;-;  821;-;   65;-;    1;-;    2;-;    2;-;    9;-;   49;-;   38;-;    4;-
4607;5027;05;A;  52;100518; 2;w;01;  268;-;  468;-;   41;-;   43;-;  225;-;  187;-;   38;-;    0;-;    0;-;    0;-;   11;-;   30;-;   23;-;    2;-;  424;-;  390;-;   33;-;    1;-;    0;-;    4;-;    8;-;   31;-;   20;-;    1;-
4607;5027;05;A;  52;100518; 2;w;02;  182;-;  160;-;   45;-;   36;-;  133;-;  109;-;   23;-;    1;-;    0;-;    2;-;   11;-;   32;-;   26;-;    4;-;  122;-;  106;-;   16;-;    0;-;    1;-;    0;-;    3;-;   33;-;   24;-;    1;-
4607;5027;05;A;  52;100518; 2;w;03;  164;-;  149;-;   47;-;   56;-;  117;-;  103;-;   14;-;    0;-;    0;-;    1;-;   12;-;   34;-;   21;-;    0;-;   92;-;   77;-;   15;-;    0;-;    0;-;    0;-;   18;-;   38;-;   28;-;    1;-
4607;5027;05;A;  52;100518; 2;w;04;  504;-;  245;-;   61;-;   62;-;  436;-;  381;-;   53;-;    2;-;    3;-;    0;-;   20;-;   41;-;   27;-;    4;-;  182;-;  141;-;   38;-;    3;-;    1;-;    1;-;   29;-;   32;-;   23;-;    0;-
4607;5027;05;A;  52;100518; 2;w;05;  975;-;  462;-;  121;-;   93;-;  844;-;  799;-;   40;-;    5;-;    2;-;    3;-;   45;-;   73;-;   56;-;    8;-;  367;-;  328;-;   39;-;    0;-;    2;-;    0;-;   31;-;   62;-;   48;-;    0;-
4607;5027;05;A;  52;100518; 2;w;06; 2661;-;  800;-;  167;-;  138;-; 2465;-; 2334;-;  113;-;   18;-;    6;-;    3;-;   54;-;  110;-;   96;-;   23;-;  651;-;  576;-;   69;-;    6;-;    3;-;    1;-;   46;-;   91;-;   71;-;    8;-
4607;5027;05;A;  52;100518; 2;w;07; 5368;-; 1906;-;  250;-;  156;-; 5069;-; 4781;-;  273;-;   15;-;   15;-;    6;-;   91;-;  153;-;  118;-;   34;-; 1728;-; 1580;-;  144;-;    4;-;    9;-;    4;-;   65;-;   87;-;   66;-;   13;-
4607;5027;05;A;  52;100518; 2;w;08; 6509;-; 3249;-;  249;-;  165;-; 6207;-; 5965;-;  226;-;   16;-;   25;-;   13;-;   98;-;  138;-;  113;-;   28;-; 3063;-; 2858;-;  200;-;    5;-;   12;-;    4;-;   66;-;   95;-;   68;-;    9;-
4607;5027;05;A;  52;100518; 2;w;09; 5820;-; 4052;-;  248;-;  224;-; 5513;-; 5319;-;  179;-;   15;-;   20;-;    4;-;  104;-;  140;-;  116;-;   39;-; 3803;-; 3590;-;  199;-;   14;-;   10;-;    7;-;   99;-;  118;-;   86;-;   15;-
4607;5027;05;A;  52;100518; 2;w;10; 4253;-; 2697;-;  252;-;  228;-; 3967;-; 3749;-;  211;-;    7;-;   13;-;    6;-;   99;-;  147;-;  102;-;   21;-; 2443;-; 2253;-;  182;-;    8;-;   16;-;    9;-;   99;-;  120;-;   93;-;   10;-
4607;5027;05;A;  52;100518; 2;w;11; 3064;-; 2313;-;  299;-;  246;-; 2732;-; 2539;-;  185;-;    8;-;   17;-;    7;-;  110;-;  182;-;  147;-;   16;-; 2045;-; 1828;-;  209;-;    8;-;   13;-;    9;-;  105;-;  132;-;  102;-;    9;-
4607;5027;05;A;  52;100518; 2;w;12; 2927;-; 2499;-;  299;-;  259;-; 2597;-; 2404;-;  184;-;    9;-;   16;-;    4;-;  114;-;  181;-;  146;-;   15;-; 2218;-; 2015;-;  196;-;    7;-;   12;-;    4;-;   95;-;  160;-;  123;-;   10;-
4607;5027;05;A;  52;100518; 2;w;13; 3050;-; 2807;-;  253;-;  256;-; 2753;-; 2534;-;  205;-;   14;-;   17;-;    1;-;   84;-;  168;-;  117;-;   27;-; 2529;-; 2289;-;  229;-;   11;-;   12;-;    3;-;  106;-;  147;-;  113;-;   10;-
4607;5027;05;A;  52;100518; 2;w;14; 3161;-; 3373;-;  243;-;  259;-; 2882;-; 2691;-;  187;-;    4;-;   17;-;    5;-;   98;-;  140;-;  118;-;   19;-; 3087;-; 2859;-;  221;-;    7;-;   14;-;    5;-;  108;-;  146;-;  110;-;   13;-
4607;5027;05;A;  52;100518; 2;w;15; 3162;-; 3962;-;  215;-;  223;-; 2913;-; 2726;-;  173;-;   14;-;   15;-;    2;-;   82;-;  131;-;  108;-;   19;-; 3708;-; 3448;-;  249;-;   11;-;   22;-;    7;-;   93;-;  123;-;   94;-;    9;-
4607;5027;05;A;  52;100518; 2;w;16; 2985;-; 5155;-;  204;-;  220;-; 2752;-; 2537;-;  205;-;   10;-;   16;-;    4;-;   83;-;  117;-;   83;-;   13;-; 4903;-; 4576;-;  311;-;   16;-;   22;-;    7;-;   84;-;  129;-;   98;-;   10;-
4607;5027;05;A;  52;100518; 2;w;17; 3311;-; 5539;-;  187;-;  177;-; 3087;-; 2882;-;  191;-;   14;-;   10;-;    3;-;   73;-;  111;-;   84;-;   27;-; 5317;-; 5079;-;  218;-;   20;-;   31;-;    8;-;   54;-;  115;-;   79;-;   14;-
4607;5027;05;A;  52;100518; 2;w;18; 3514;-; 5819;-;  141;-;  156;-; 3331;-; 3173;-;  149;-;    9;-;   14;-;    8;-;   40;-;   93;-;   72;-;   28;-; 5638;-; 5431;-;  192;-;   15;-;   17;-;    8;-;   48;-;  100;-;   75;-;    8;-
4607;5027;05;A;  52;100518; 2;w;19; 3183;-; 4925;-;   74;-;  108;-; 3085;-; 2947;-;  119;-;   19;-;    9;-;    1;-;   16;-;   57;-;   47;-;   15;-; 4792;-; 4622;-;  155;-;   15;-;    9;-;    3;-;   38;-;   67;-;   53;-;   16;-
4607;5027;05;A;  52;100518; 2;w;20; 2359;-; 3224;-;   81;-;  106;-; 2257;-; 2133;-;  113;-;   11;-;    4;-;    3;-;   17;-;   61;-;   46;-;   17;-; 3094;-; 2914;-;  157;-;   23;-;    9;-;    2;-;   27;-;   77;-;   59;-;   15;-
4607;5027;05;A;  52;100518; 2;w;21; 1709;-; 2236;-;   68;-;   74;-; 1620;-; 1515;-;   97;-;    8;-;    9;-;    7;-;   14;-;   47;-;   37;-;   12;-; 2144;-; 2010;-;  127;-;    7;-;    6;-;    6;-;   19;-;   49;-;   29;-;   12;-
4607;5027;05;A;  52;100518; 2;w;22; 1380;-; 1755;-;   46;-;   65;-; 1322;-; 1249;-;   65;-;    8;-;    1;-;    6;-;    8;-;   32;-;   24;-;   11;-; 1680;-; 1558;-;  107;-;   15;-;    4;-;    3;-;   14;-;   48;-;   35;-;    6;-
4607;5027;05;A;  52;100518; 2;w;23;  987;-; 1456;-;   53;-;   48;-;  921;-;  860;-;   52;-;    9;-;    3;-;    4;-;   10;-;   39;-;   24;-;   10;-; 1401;-; 1319;-;   73;-;    9;-;    2;-;    1;-;   11;-;   36;-;   24;-;    5;-
4607;5027;05;A;  52;100518; 2;w;24;  556;-; 1008;-;   50;-;   52;-;  504;-;  461;-;   43;-;    0;-;    1;-;    3;-;   13;-;   34;-;   30;-;    1;-;  952;-;  897;-;   55;-;    0;-;    1;-;    1;-;    6;-;   45;-;   32;-;    3;-
4607;5027;05;A;  52;100519; 3;w;01;  255;-;  401;-;   36;-;   41;-;  217;-;  192;-;   25;-;    0;-;    0;-;    0;-;   10;-;   26;-;   17;-;    2;-;  359;-;  337;-;   22;-;    0;-;    1;-;    4;-;    3;-;   34;-;   22;-;    0;-
4607;5027;05;A;  52;100519; 3;w;02;  169;-;  172;-;   52;-;   42;-;  116;-;   92;-;   24;-;    0;-;    0;-;    1;-;   11;-;   40;-;   31;-;    1;-;  129;-;  109;-;   20;-;    0;-;    1;-;    0;-;   10;-;   32;-;   25;-;    0;-
4607;5027;05;A;  52;100519; 3;w;03;  156;-;  144;-;   54;-;   51;-;   99;-;   84;-;   14;-;    1;-;    1;-;    0;-;   15;-;   39;-;   27;-;    2;-;   92;-;   79;-;   13;-;    0;-;    1;-;    1;-;   13;-;   37;-;   20;-;    0;-
4607;5027;05;A;  52;100519; 3;w;04;  513;-;  257;-;   67;-;   56;-;  441;-;  380;-;   59;-;    2;-;    1;-;    1;-;   21;-;   45;-;   29;-;    4;-;  200;-;  153;-;   43;-;    4;-;    0;-;    0;-;   23;-;   33;-;   22;-;    1;-
4607;5027;05;A;  52;100519; 3;w;05;  883;-;  398;-;  110;-;   74;-;  769;-;  705;-;   58;-;    6;-;    1;-;    6;-;   46;-;   58;-;   40;-;    3;-;  321;-;  274;-;   47;-;    0;-;    0;-;    1;-;   32;-;   41;-;   25;-;    3;-
4607;5027;05;A;  52;100519; 3;w;06; 2642;-;  817;-;  174;-;  136;-; 2434;-; 2312;-;  101;-;   21;-;    5;-;    9;-;   65;-;  100;-;   85;-;   29;-;  672;-;  600;-;   68;-;    4;-;    5;-;    3;-;   38;-;   95;-;   68;-;    4;-
4607;5027;05;A;  52;100519; 3;w;07; 5268;-; 2050;-;  232;-;  164;-; 4987;-; 4675;-;  277;-;   35;-;   20;-;    2;-;   87;-;  143;-;  111;-;   29;-; 1865;-; 1709;-;  151;-;    5;-;   14;-;    2;-;   77;-;   85;-;   61;-;    7;-
4607;5027;05;A;  52;100519; 3;w;08; 6510;-; 3527;-;  253;-;  204;-; 6179;-; 5951;-;  214;-;   14;-;   36;-;   11;-;   96;-;  146;-;  109;-;   42;-; 3297;-; 3094;-;  194;-;    9;-;    9;-;    5;-;   92;-;  107;-;   80;-;   17;-
4607;5027;05;A;  52;100519; 3;w;09; 5804;-; 3826;-;  233;-;  229;-; 5495;-; 5291;-;  190;-;   14;-;   17;-;    7;-;   92;-;  134;-;   95;-;   59;-; 3571;-; 3351;-;  218;-;    2;-;   13;-;    9;-;   98;-;  122;-;   90;-;   13;-
4607;5027;05;A;  52;100519; 3;w;10; 4580;-; 2704;-;  282;-;  240;-; 4248;-; 4014;-;  222;-;   12;-;   25;-;   18;-;   96;-;  168;-;  128;-;   25;-; 2446;-; 2227;-;  214;-;    5;-;   12;-;    6;-;  109;-;  125;-;   92;-;    6;-
4607;5027;05;A;  52;100519; 3;w;11; 3307;-; 2505;-;  282;-;  249;-; 2990;-; 2813;-;  166;-;   11;-;   10;-;    5;-;  102;-;  175;-;  136;-;   25;-; 2236;-; 2010;-;  216;-;   10;-;   16;-;    7;-;   93;-;  149;-;  111;-;    4;-
4607;5027;05;A;  52;100519; 3;w;12; 3006;-; 2684;-;  252;-;  284;-; 2719;-; 2509;-;  203;-;    7;-;   16;-;    3;-;   99;-;  150;-;  113;-;   19;-; 2378;-; 2158;-;  213;-;    7;-;   14;-;   12;-;  110;-;  162;-;  115;-;    8;-
4607;5027;05;A;  52;100519; 3;w;13; 3079;-; 3072;-;  210;-;  243;-; 2831;-; 2644;-;  169;-;   18;-;   14;-;   10;-;   62;-;  138;-;  111;-;   24;-; 2792;-; 2567;-;  217;-;    8;-;   22;-;    6;-;   88;-;  149;-;  110;-;   15;-
4607;5027;05;A;  52;100519; 3;w;14; 3148;-; 3510;-;  242;-;  238;-; 2878;-; 2695;-;  163;-;   20;-;   14;-;    3;-;   91;-;  148;-;  117;-;   14;-; 3238;-; 2981;-;  244;-;   13;-;   21;-;    9;-;  108;-;  121;-;   93;-;   13;-
4607;5027;05;A;  52;100519; 3;w;15; 2921;-; 4020;-;  200;-;  250;-; 2691;-; 2484;-;  193;-;   14;-;   16;-;    2;-;   83;-;  115;-;   92;-;   14;-; 3740;-; 3455;-;  268;-;   17;-;   16;-;    7;-;  110;-;  133;-;  102;-;   14;-
4607;5027;05;A;  52;100519; 3;w;16; 3065;-; 5033;-;  203;-;  221;-; 2827;-; 2634;-;  179;-;   14;-;   18;-;    2;-;   73;-;  128;-;  100;-;   17;-; 4775;-; 4453;-;  301;-;   21;-;   21;-;    5;-;   75;-;  141;-;  113;-;   16;-
4607;5027;05;A;  52;100519; 3;w;17; 3376;-; 5813;-;  157;-;  187;-; 3182;-; 2998;-;  173;-;   11;-;   15;-;    9;-;   56;-;   92;-;   68;-;   22;-; 5584;-; 5316;-;  243;-;   25;-;   31;-;   10;-;   57;-;  120;-;  100;-;   11;-
4607;5027;05;A;  52;100519; 3;w;18; 2502;-; 6041;-;   85;-;  161;-; 2392;-; 2276;-;  103;-;   13;-;    6;-;    4;-;   27;-;   54;-;   41;-;   19;-; 5849;-; 5677;-;  159;-;   13;-;   20;-;    7;-;   51;-;  103;-;   84;-;   11;-
4607;5027;05;A;  52;100519; 3;w;19; 3000;-; 5034;-;   97;-;   94;-; 2872;-; 2730;-;  132;-;   10;-;    9;-;    1;-;   27;-;   69;-;   45;-;   22;-; 4905;-; 4729;-;  160;-;   16;-;   16;-;    8;-;   20;-;   66;-;   50;-;   19;-
4607;5027;05;A;  52;100519; 3;w;20; 2484;-; 3455;-;   79;-;   86;-; 2364;-; 2236;-;  111;-;   17;-;    9;-;    5;-;   23;-;   51;-;   46;-;   32;-; 3339;-; 3188;-;  143;-;    8;-;    9;-;    2;-;   20;-;   64;-;   47;-;   21;-
4607;5027;05;A;  52;100519; 3;w;21; 1851;-; 2294;-;   77;-;   76;-; 1758;-; 1624;-;  121;-;   13;-;    4;-;    5;-;   14;-;   58;-;   44;-;   12;-; 2193;-; 2043;-;  140;-;   10;-;    8;-;    8;-;   13;-;   55;-;   39;-;   17;-
4607;5027;05;A;  52;100519; 3;w;22; 1385;-; 1748;-;   46;-;   61;-; 1331;-; 1247;-;   75;-;    9;-;    3;-;    8;-;    7;-;   31;-;   24;-;    5;-; 1679;-; 1577;-;   88;-;   14;-;    3;-;    2;-;    7;-;   52;-;   35;-;    5;-
4607;5027;05;A;  52;100519; 3;w;23; 1045;-; 1712;-;   50;-;   42;-;  983;-;  928;-;   54;-;    1;-;    3;-;    2;-;   10;-;   38;-;   29;-;    9;-; 1662;-; 1549;-;  104;-;    9;-;    4;-;    1;-;   11;-;   30;-;   18;-;    4;-
4607;5027;05;A;  52;100519; 3;w;24;  607;-; 1080;-;   44;-;   54;-;  555;-;  512;-;   42;-;    1;-;    1;-;    1;-;   10;-;   33;-;   25;-;    7;-; 1019;-;  957;-;   58;-;    4;-;    3;-;    3;-;    8;-;   43;-;   34;-;    4;-
4607;5027;05;A;  52;100520; 4;w;01;  295;-;  442;-;   41;-;   38;-;  252;-;  218;-;   33;-;    1;-;    0;-;    0;-;    9;-;   32;-;   27;-;    2;-;  401;-;  363;-;   35;-;    3;-;    1;-;    3;-;    5;-;   30;-;   19;-;    2;-
4607;5027;05;A;  52;100520; 4;w;02;  167;-;  199;-;   44;-;   39;-;  121;-;  104;-;   16;-;    1;-;    0;-;    0;-;   10;-;   34;-;   23;-;    2;-;  159;-;  135;-;   24;-;    0;-;    0;-;    0;-;    5;-;   34;-;   25;-;    1;-
4607;5027;05;A;  52;100520; 4;w;03;  159;-;  138;-;   47;-;   40;-;  110;-;   96;-;   14;-;    0;-;    2;-;    1;-;   17;-;   29;-;   21;-;    0;-;   97;-;   80;-;   17;-;    0;-;    1;-;    1;-;   12;-;   27;-;   20;-;    0;-
4607;5027;05;A;  52;100520; 4;w;04;  424;-;  231;-;   63;-;   66;-;  358;-;  318;-;   38;-;    2;-;    3;-;    2;-;   16;-;   45;-;   25;-;    0;-;  164;-;  137;-;   25;-;    2;-;    1;-;    1;-;   32;-;   33;-;   21;-;    0;-
4607;5027;05;A;  52;100520; 4;w;05;  902;-;  424;-;  114;-;   87;-;  781;-;  716;-;   59;-;    6;-;    4;-;    6;-;   42;-;   66;-;   42;-;    3;-;  336;-;  290;-;   46;-;    0;-;    0;-;    1;-;   28;-;   58;-;   44;-;    1;-
4607;5027;05;A;  52;100520; 4;w;06; 2608;-;  820;-;  191;-;  112;-; 2399;-; 2267;-;  108;-;   24;-;    5;-;    7;-;   63;-;  121;-;   96;-;   13;-;  704;-;  623;-;   76;-;    5;-;    3;-;    1;-;   41;-;   70;-;   56;-;    1;-
4607;5027;05;A;  52;100520; 4;w;07; 5228;-; 2060;-;  243;-;  163;-; 4934;-; 4607;-;  299;-;   28;-;   13;-;    3;-;   95;-;  145;-;  107;-;   38;-; 1874;-; 1705;-;  161;-;    8;-;   16;-;    3;-;   74;-;   86;-;   65;-;    7;-
4607;5027;05;A;  52;100520; 4;w;08; 6428;-; 3524;-;  239;-;  202;-; 6125;-; 5868;-;  240;-;   17;-;   27;-;    9;-;  102;-;  128;-;   97;-;   37;-; 3293;-; 3057;-;  224;-;   12;-;   13;-;    5;-;   94;-;  103;-;   72;-;   16;-
4607;5027;05;A;  52;100520; 4;w;09; 5731;-; 3718;-;  261;-;  265;-; 5407;-; 5206;-;  189;-;   12;-;   18;-;    6;-;  105;-;  150;-;  112;-;   45;-; 3433;-; 3219;-;  202;-;   12;-;    7;-;    9;-;  113;-;  143;-;  114;-;   13;-
4607;5027;05;A;  52;100520; 4;w;10; 4100;-; 2797;-;  257;-;  279;-; 3805;-; 3580;-;  212;-;   13;-;   17;-;   11;-;   96;-;  150;-;  113;-;   21;-; 2501;-; 2298;-;  196;-;    7;-;    9;-;    6;-;  131;-;  142;-;  116;-;    8;-
4607;5027;05;A;  52;100520; 4;w;11; 3167;-; 2386;-;  258;-;  204;-; 2869;-; 2681;-;  177;-;   11;-;   22;-;    6;-;   90;-;  162;-;  118;-;   18;-; 2153;-; 1947;-;  201;-;    5;-;   17;-;    6;-;   77;-;  121;-;   99;-;   12;-
4607;5027;05;A;  52;100520; 4;w;12; 2895;-; 2652;-;  251;-;  240;-; 2607;-; 2409;-;  187;-;   11;-;   18;-;    5;-;   96;-;  150;-;  108;-;   19;-; 2386;-; 2172;-;  207;-;    7;-;   19;-;    5;-;   92;-;  143;-;   99;-;    7;-
4607;5027;05;A;  52;100520; 4;w;13; 3144;-; 2929;-;  244;-;  239;-; 2865;-; 2646;-;  190;-;   29;-;   22;-;    3;-;   86;-;  155;-;  121;-;   13;-; 2656;-; 2426;-;  222;-;    8;-;   18;-;    2;-;   94;-;  143;-;  107;-;   16;-
4607;5027;05;A;  52;100520; 4;w;14; 2921;-; 3419;-;  231;-;  265;-; 2660;-; 2485;-;  162;-;   13;-;   15;-;    9;-;   89;-;  133;-;  106;-;   15;-; 3125;-; 2875;-;  238;-;   12;-;   16;-;    7;-;  111;-;  147;-;  120;-;   13;-
4607;5027;05;A;  52;100520; 4;w;15; 2884;-; 4066;-;  225;-;  268;-; 2619;-; 2393;-;  216;-;   10;-;   21;-;    3;-;   93;-;  129;-;   99;-;   19;-; 3766;-; 3500;-;  246;-;   20;-;   25;-;    8;-;  100;-;  160;-;  120;-;    7;-
4607;5027;05;A;  52;100520; 4;w;16; 3079;-; 4857;-;  222;-;  219;-; 2821;-; 2584;-;  210;-;   27;-;   20;-;    3;-;   70;-;  149;-;  110;-;   16;-; 4599;-; 4313;-;  266;-;   20;-;   21;-;    8;-;   71;-;  140;-;   97;-;   18;-
4607;5027;05;A;  52;100520; 4;w;17; 3439;-; 5622;-;  164;-;  208;-; 3253;-; 3061;-;  172;-;   20;-;    8;-;    5;-;   50;-;  109;-;   84;-;   14;-; 5371;-; 5130;-;  216;-;   25;-;   34;-;   12;-;   64;-;  132;-;   99;-;    9;-
4607;5027;05;A;  52;100520; 4;w;18; 3533;-; 5843;-;  140;-;  176;-; 3364;-; 3192;-;  155;-;   17;-;   11;-;    5;-;   44;-;   91;-;   73;-;   18;-; 5642;-; 5454;-;  164;-;   24;-;   14;-;    9;-;   61;-;  106;-;   82;-;   11;-
4607;5027;05;A;  52;100520; 4;w;19; 3374;-; 5048;-;  119;-;   99;-; 3221;-; 3095;-;  115;-;   11;-;   12;-;   10;-;   31;-;   78;-;   56;-;   22;-; 4924;-; 4738;-;  162;-;   24;-;   17;-;    7;-;   26;-;   66;-;   53;-;    8;-
4607;5027;05;A;  52;100520; 4;w;20; 2530;-; 3738;-;   85;-;  105;-; 2417;-; 2263;-;  132;-;   22;-;   10;-;    5;-;   20;-;   60;-;   45;-;   18;-; 3613;-; 3456;-;  143;-;   14;-;    9;-;    3;-;   31;-;   71;-;   53;-;   11;-
4607;5027;05;A;  52;100520; 4;w;21; 1655;-; 2524;-;   56;-;   74;-; 1581;-; 1453;-;  115;-;   13;-;    5;-;    6;-;    8;-;   42;-;   31;-;   13;-; 2439;-; 2271;-;  145;-;   23;-;    3;-;    7;-;   22;-;   45;-;   33;-;    8;-
4607;5027;05;A;  52;100520; 4;w;22; 1471;-; 2032;-;   64;-;   69;-; 1394;-; 1288;-;   94;-;   12;-;    1;-;    5;-;    9;-;   50;-;   38;-;   12;-; 1949;-; 1849;-;   89;-;   11;-;    4;-;    4;-;   11;-;   54;-;   41;-;   10;-
4607;5027;05;A;  52;100520; 4;w;23; 1133;-; 1628;-;   49;-;   47;-; 1071;-; 1000;-;   64;-;    7;-;    2;-;    3;-;   11;-;   35;-;   29;-;   11;-; 1568;-; 1470;-;   82;-;   16;-;    3;-;    2;-;   11;-;   34;-;   27;-;   10;-
4607;5027;05;A;  52;100520; 4;w;24;  605;-; 1183;-;   51;-;   58;-;  546;-;  500;-;   44;-;    2;-;    0;-;    5;-;   14;-;   32;-;   24;-;    8;-; 1115;-; 1055;-;   58;-;    2;-;    3;-;    1;-;   11;-;   46;-;   33;-;    7;-
4607;5027;05;A;  52;100521; 5;w;01;  316;-;  503;-;   39;-;   40;-;  273;-;  231;-;   41;-;    1;-;    2;-;    0;-;   10;-;   29;-;   22;-;    2;-;  458;-;  413;-;   42;-;    3;-;    0;-;    4;-;    3;-;   33;-;   22;-;    5;-
4607;5027;05;A;  52;100521; 5;w;02;  190;-;  217;-;   39;-;   41;-;  149;-;  129;-;   18;-;    2;-;    2;-;    0;-;   11;-;   28;-;   22;-;    0;-;  175;-;  151;-;   23;-;    1;-;    1;-;    0;-;   10;-;   31;-;   20;-;    0;-
4607;5027;05;A;  52;100521; 5;w;03;  167;-;  165;-;   55;-;   52;-;  111;-;   94;-;   17;-;    0;-;    1;-;    1;-;   20;-;   34;-;   21;-;    0;-;  110;-;   91;-;   19;-;    0;-;    3;-;    0;-;   10;-;   42;-;   25;-;    0;-
4607;5027;05;A;  52;100521; 5;w;04;  454;-;  272;-;   72;-;   65;-;  377;-;  338;-;   34;-;    5;-;    3;-;    1;-;   20;-;   51;-;   33;-;    2;-;  205;-;  167;-;   37;-;    1;-;    1;-;    2;-;   21;-;   42;-;   32;-;    1;-
4607;5027;05;A;  52;100521; 5;w;05;  934;-;  428;-;  115;-;   88;-;  809;-;  740;-;   64;-;    5;-;    2;-;    7;-;   38;-;   70;-;   52;-;    8;-;  337;-;  292;-;   42;-;    3;-;    1;-;    2;-;   39;-;   47;-;   30;-;    2;-
4607;5027;05;A;  52;100521; 5;w;06; 2411;-;  898;-;  196;-;  143;-; 2197;-; 2056;-;  104;-;   37;-;    5;-;    5;-;   66;-;  125;-;  103;-;   13;-;  747;-;  662;-;   76;-;    9;-;    2;-;    5;-;   43;-;   95;-;   67;-;    6;-
4607;5027;05;A;  52;100521; 5;w;07; 5018;-; 1921;-;  253;-;  169;-; 4714;-; 4382;-;  283;-;   49;-;   17;-;    6;-;  101;-;  146;-;  102;-;   34;-; 1733;-; 1563;-;  160;-;   10;-;   11;-;    5;-;   76;-;   88;-;   64;-;    8;-
4607;5027;05;A;  52;100521; 5;w;08; 6137;-; 3195;-;  261;-;  223;-; 5814;-; 5563;-;  224;-;   27;-;   21;-;    8;-;  111;-;  142;-;  116;-;   41;-; 2948;-; 2729;-;  201;-;   18;-;    8;-;   11;-;   97;-;  115;-;   82;-;   16;-
4607;5027;05;A;  52;100521; 5;w;09; 5036;-; 3615;-;  223;-;  257;-; 4775;-; 4570;-;  176;-;   29;-;   15;-;   10;-;   93;-;  120;-;   91;-;   23;-; 3329;-; 3079;-;  235;-;   15;-;   17;-;    6;-;  105;-;  146;-;  106;-;   12;-
4607;5027;05;A;  52;100521; 5;w;10; 3655;-; 2738;-;  245;-;  280;-; 3382;-; 3161;-;  207;-;   14;-;   15;-;    7;-;   94;-;  144;-;  113;-;   13;-; 2426;-; 2190;-;  227;-;    9;-;   22;-;   11;-;  118;-;  151;-;  121;-;   10;-
4607;5027;05;A;  52;100521; 5;w;11; 2972;-; 2629;-;  280;-;  264;-; 2660;-; 2463;-;  184;-;   13;-;   15;-;    5;-;  107;-;  168;-;  136;-;   17;-; 2334;-; 2100;-;  221;-;   13;-;   23;-;    8;-;  104;-;  152;-;  120;-;    8;-
4607;5027;05;A;  52;100521; 5;w;12; 2878;-; 2858;-;  257;-;  249;-; 2578;-; 2375;-;  180;-;   23;-;   22;-;    4;-;   93;-;  160;-;  129;-;   21;-; 2574;-; 2286;-;  274;-;   14;-;   22;-;    4;-;   93;-;  152;-;  111;-;   13;-
4607;5027;05;A;  52;100521; 5;w;13; 3273;-; 3884;-;  247;-;  246;-; 2991;-; 2752;-;  212;-;   27;-;   21;-;    7;-;   92;-;  148;-;  112;-;   14;-; 3612;-; 3349;-;  243;-;   20;-;   14;-;    5;-;   86;-;  155;-;  128;-;   12;-
4607;5027;05;A;  52;100521; 5;w;14; 3509;-; 4600;-;  250;-;  277;-; 3208;-; 3008;-;  166;-;   34;-;   21;-;    4;-;   79;-;  167;-;  122;-;   30;-; 4286;-; 4009;-;  248;-;   29;-;   23;-;    8;-;  115;-;  154;-;  118;-;   14;-
4607;5027;05;A;  52;100521; 5;w;15; 3329;-; 5376;-;  212;-;  259;-; 3057;-; 2856;-;  173;-;   28;-;   34;-;    4;-;   79;-;  129;-;   93;-;   26;-; 5072;-; 4799;-;  227;-;   46;-;   30;-;    6;-;   94;-;  159;-;  121;-;   15;-
4607;5027;05;A;  52;100521; 5;w;16; 3558;-; 5273;-;  205;-;  241;-; 3293;-; 3091;-;  185;-;   17;-;   29;-;    6;-;   81;-;  118;-;   96;-;   31;-; 4996;-; 4732;-;  238;-;   26;-;   25;-;   10;-;   78;-;  153;-;  105;-;   11;-
4607;5027;05;A;  52;100521; 5;w;17; 3502;-; 5164;-;  169;-;  191;-; 3298;-; 3118;-;  158;-;   22;-;   17;-;   16;-;   68;-;   85;-;   68;-;   18;-; 4920;-; 4690;-;  202;-;   28;-;   32;-;   17;-;   61;-;  113;-;   86;-;   21;-
4607;5027;05;A;  52;100521; 5;w;18; 3373;-; 4876;-;  130;-;  149;-; 3189;-; 3023;-;  142;-;   24;-;   17;-;    7;-;   37;-;   86;-;   66;-;   37;-; 4687;-; 4473;-;  172;-;   42;-;   30;-;    9;-;   52;-;   88;-;   69;-;   10;-
4607;5027;05;A;  52;100521; 5;w;19; 3105;-; 4553;-;  111;-;  129;-; 2963;-; 2794;-;  142;-;   27;-;   15;-;    4;-;   25;-;   82;-;   59;-;   16;-; 4398;-; 4194;-;  185;-;   19;-;   16;-;    8;-;   37;-;   84;-;   62;-;   10;-
4607;5027;05;A;  52;100521; 5;w;20; 2305;-; 3420;-;   73;-;   91;-; 2203;-; 2078;-;  111;-;   14;-;   12;-;    6;-;   18;-;   49;-;   33;-;   17;-; 3302;-; 3113;-;  163;-;   26;-;   12;-;    3;-;   26;-;   62;-;   46;-;   15;-
4607;5027;05;A;  52;100521; 5;w;21; 1668;-; 2359;-;   64;-;   87;-; 1579;-; 1474;-;   87;-;   18;-;   10;-;    3;-;   19;-;   42;-;   34;-;   15;-; 2255;-; 2097;-;  140;-;   18;-;    4;-;   10;-;   18;-;   59;-;   39;-;   13;-
4607;5027;05;A;  52;100521; 5;w;22; 1422;-; 1912;-;   48;-;   68;-; 1363;-; 1273;-;   84;-;    6;-;    2;-;    3;-;   10;-;   35;-;   27;-;    9;-; 1829;-; 1737;-;   67;-;   25;-;    8;-;    6;-;   20;-;   42;-;   26;-;    7;-
4607;5027;05;A;  52;100521; 5;w;23; 1154;-; 1610;-;   44;-;   49;-; 1096;-; 1028;-;   62;-;    6;-;    4;-;    7;-;   11;-;   26;-;   22;-;   10;-; 1553;-; 1476;-;   60;-;   17;-;    5;-;    0;-;    8;-;   41;-;   26;-;    3;-
4607;5027;05;A;  52;100521; 5;w;24;  929;-; 1447;-;   33;-;   57;-;  890;-;  829;-;   54;-;    7;-;    5;-;    2;-;    6;-;   25;-;   21;-;    1;-; 1383;-; 1316;-;   63;-;    4;-;    2;-;    4;-;   12;-;   41;-;   30;-;    5;-
4607;5027;05;A;  52;100522; 6;u;01;  601;-;  749;-;   33;-;   40;-;  564;-;  507;-;   54;-;    3;-;    0;-;    1;-;   11;-;   21;-;   16;-;    4;-;  704;-;  667;-;   34;-;    3;-;    2;-;    6;-;    7;-;   27;-;   21;-;    3;-
4607;5027;05;A;  52;100522; 6;u;02;  354;-;  442;-;   32;-;   31;-;  320;-;  291;-;   28;-;    1;-;    0;-;    2;-;    9;-;   21;-;   16;-;    2;-;  403;-;  372;-;   29;-;    2;-;    2;-;    0;-;    5;-;   26;-;   21;-;    6;-
4607;5027;05;A;  52;100522; 6;u;03;  283;-;  283;-;   42;-;   31;-;  237;-;  207;-;   29;-;    1;-;    1;-;    2;-;   16;-;   24;-;   15;-;    3;-;  251;-;  228;-;   20;-;    3;-;    0;-;    1;-;   11;-;   19;-;   16;-;    1;-
4607;5027;05;A;  52;100522; 6;u;04;  514;-;  330;-;   39;-;   41;-;  472;-;  419;-;   52;-;    1;-;    2;-;    4;-;   12;-;   23;-;   12;-;    1;-;  288;-;  244;-;   44;-;    0;-;    0;-;    1;-;   20;-;   20;-;   12;-;    1;-
4607;5027;05;A;  52;100522; 6;u;05;  708;-;  479;-;   46;-;   48;-;  656;-;  599;-;   49;-;    8;-;    3;-;    4;-;   18;-;   24;-;   19;-;    3;-;  428;-;  372;-;   56;-;    0;-;    2;-;    5;-;   27;-;   16;-;    9;-;    1;-
4607;5027;05;A;  52;100522; 6;u;06; 1022;-;  620;-;   80;-;   54;-;  928;-;  848;-;   70;-;   10;-;    8;-;   10;-;   35;-;   35;-;   23;-;    6;-;  559;-;  485;-;   73;-;    1;-;    6;-;    1;-;   29;-;   24;-;   21;-;    1;-
4607;5027;05;A;  52;100522; 6;u;07;  936;-;  851;-;   73;-;   50;-;  844;-;  745;-;   96;-;    3;-;    9;-;    9;-;   33;-;   31;-;   28;-;   10;-;  781;-;  694;-;   82;-;    5;-;   12;-;    4;-;   21;-;   25;-;   12;-;    8;-
4607;5027;05;A;  52;100522; 6;u;08; 1031;-; 1081;-;   50;-;   71;-;  960;-;  858;-;   94;-;    8;-;   13;-;    6;-;   16;-;   28;-;   24;-;    8;-;  994;-;  881;-;  107;-;    6;-;   13;-;    6;-;   31;-;   34;-;   26;-;    3;-
4607;5027;05;A;  52;100522; 6;u;09; 1521;-; 1472;-;   58;-;   78;-; 1439;-; 1314;-;  114;-;   11;-;   18;-;    8;-;   35;-;   15;-;   14;-;    6;-; 1373;-; 1264;-;   98;-;   11;-;   11;-;    9;-;   33;-;   36;-;   26;-;   10;-
4607;5027;05;A;  52;100522; 6;u;10; 2207;-; 1939;-;   66;-;   56;-; 2115;-; 1979;-;  119;-;   17;-;   23;-;   10;-;   28;-;   28;-;   22;-;    3;-; 1863;-; 1726;-;  113;-;   24;-;   12;-;    4;-;   26;-;   26;-;   16;-;    8;-
4607;5027;05;A;  52;100522; 6;u;11; 2470;-; 2213;-;   54;-;   46;-; 2392;-; 2278;-;   86;-;   28;-;   19;-;    4;-;   26;-;   24;-;   20;-;    5;-; 2139;-; 1980;-;  139;-;   20;-;   23;-;    3;-;   13;-;   30;-;   24;-;    5;-
4607;5027;05;A;  52;100522; 6;u;12; 2632;-; 2510;-;   54;-;   48;-; 2542;-; 2410;-;  107;-;   25;-;   15;-;    3;-;   27;-;   24;-;   19;-;   21;-; 2442;-; 2271;-;  142;-;   29;-;   16;-;    1;-;   19;-;   28;-;   23;-;    4;-
4607;5027;05;A;  52;100522; 6;u;13; 2629;-; 2494;-;   40;-;   52;-; 2567;-; 2438;-;  103;-;   26;-;   12;-;    3;-;   17;-;   20;-;   12;-;   10;-; 2424;-; 2274;-;  125;-;   25;-;   12;-;    5;-;   25;-;   22;-;   21;-;    6;-
4607;5027;05;A;  52;100522; 6;u;14; 2707;-; 2802;-;   46;-;   42;-; 2630;-; 2501;-;  106;-;   23;-;   20;-;    1;-;   17;-;   28;-;   23;-;   11;-; 2734;-; 2558;-;  142;-;   34;-;   16;-;    5;-;   16;-;   21;-;   16;-;   10;-
4607;5027;05;A;  52;100522; 6;u;15; 2574;-; 2945;-;   44;-;   46;-; 2499;-; 2343;-;  128;-;   28;-;   18;-;    1;-;   23;-;   20;-;   17;-;   13;-; 2867;-; 2697;-;  133;-;   37;-;   22;-;    3;-;   18;-;   25;-;   18;-;   10;-
4607;5027;05;A;  52;100522; 6;u;16; 2244;-; 2616;-;   37;-;   33;-; 2177;-; 2051;-;   90;-;   36;-;   12;-;    6;-;   18;-;   13;-;   12;-;   18;-; 2550;-; 2402;-;  114;-;   34;-;   23;-;    4;-;   16;-;   13;-;   11;-;   10;-
4607;5027;05;A;  52;100522; 6;u;17; 1997;-; 2350;-;   32;-;   26;-; 1941;-; 1801;-;  112;-;   28;-;   11;-;    5;-;   14;-;   13;-;    8;-;   13;-; 2300;-; 2156;-;  122;-;   22;-;   13;-;    5;-;    6;-;   15;-;   12;-;   11;-
4607;5027;05;A;  52;100522; 6;u;18; 1965;-; 2286;-;   21;-;   22;-; 1924;-; 1826;-;   71;-;   27;-;   12;-;    2;-;   13;-;    6;-;    6;-;    8;-; 2247;-; 2107;-;  118;-;   22;-;    5;-;    5;-;    7;-;   10;-;    7;-;   12;-
4607;5027;05;A;  52;100522; 6;u;19; 2030;-; 2232;-;   15;-;   13;-; 1989;-; 1881;-;   84;-;   24;-;    9;-;    4;-;    6;-;    5;-;    5;-;   17;-; 2196;-; 2081;-;   87;-;   28;-;    9;-;    3;-;    7;-;    3;-;    3;-;   14;-
4607;5027;05;A;  52;100522; 6;u;20; 1656;-; 1911;-;   13;-;   14;-; 1613;-; 1506;-;   88;-;   19;-;   11;-;    2;-;   10;-;    1;-;    1;-;   19;-; 1877;-; 1780;-;   84;-;   13;-;    9;-;    2;-;    5;-;    7;-;    6;-;   11;-
4607;5027;05;A;  52;100522; 6;u;21; 1197;-; 1557;-;   17;-;   18;-; 1155;-; 1068;-;   76;-;   11;-;    7;-;    3;-;    9;-;    5;-;    3;-;   18;-; 1526;-; 1424;-;   88;-;   14;-;    9;-;    5;-;    9;-;    4;-;    3;-;    4;-
4607;5027;05;A;  52;100522; 6;u;22;  960;-;  941;-;   10;-;    8;-;  941;-;  880;-;   52;-;    9;-;    3;-;    4;-;    3;-;    3;-;    2;-;    6;-;  922;-;  867;-;   45;-;   10;-;    5;-;    1;-;    2;-;    5;-;    5;-;    6;-
4607;5027;05;A;  52;100522; 6;u;23;  935;-; 1050;-;    5;-;    9;-;  920;-;  866;-;   51;-;    3;-;    3;-;    0;-;    5;-;    0;-;    0;-;    7;-; 1036;-;  988;-;   40;-;    8;-;    3;-;    1;-;    7;-;    1;-;    1;-;    2;-
4607;5027;05;A;  52;100522; 6;u;24; 1018;-; 1300;-;    6;-;    6;-; 1000;-;  943;-;   52;-;    5;-;    2;-;    1;-;    4;-;    1;-;    1;-;   10;-; 1292;-; 1217;-;   70;-;    5;-;    0;-;    2;-;    2;-;    2;-;    2;-;    2;-
4607;5027;05;A;  52;100523; 7;s;01;  678;-;  862;-;    6;-;    0;-;  671;-;  630;-;   39;-;    2;-;    1;-;    0;-;    4;-;    2;-;    1;-;    0;-;  860;-;  818;-;   40;-;    2;-;    2;-;    0;-;    0;-;    0;-;    0;-;    0;-
4607;5027;05;A;  52;100523; 7;s;02;  399;-;  439;-;    7;-;    3;-;  391;-;  381;-;    9;-;    1;-;    0;-;    0;-;    4;-;    3;-;    2;-;    1;-;  435;-;  411;-;   22;-;    2;-;    0;-;    1;-;    2;-;    0;-;    0;-;    1;-
4607;5027;05;A;  52;100523; 7;s;03;  285;-;  312;-;    6;-;    7;-;  277;-;  260;-;   17;-;    0;-;    0;-;    0;-;    3;-;    3;-;    1;-;    2;-;  303;-;  291;-;   11;-;    1;-;    0;-;    3;-;    3;-;    1;-;    0;-;    2;-
4607;5027;05;A;  52;100523; 7;s;04;  554;-;  303;-;    7;-;    7;-;  544;-;  507;-;   36;-;    1;-;    0;-;    1;-;    5;-;    1;-;    1;-;    3;-;  295;-;  268;-;   27;-;    0;-;    1;-;    2;-;    5;-;    0;-;    0;-;    0;-
4607;5027;05;A;  52;100523; 7;s;05;  540;-;  480;-;    6;-;    5;-;  527;-;  486;-;   34;-;    7;-;    2;-;    3;-;    3;-;    0;-;    0;-;    5;-;  473;-;  428;-;   45;-;    0;-;    1;-;    1;-;    4;-;    0;-;    0;-;    1;-
4607;5027;05;A;  52;100523; 7;s;06;  688;-;  466;-;    9;-;    5;-;  666;-;  611;-;   49;-;    6;-;    8;-;    0;-;    4;-;    5;-;    1;-;    5;-;  458;-;  417;-;   37;-;    4;-;    1;-;    1;-;    4;-;    0;-;    0;-;    2;-
4607;5027;05;A;  52;100523; 7;s;07;  563;-;  502;-;   14;-;    7;-;  529;-;  466;-;   61;-;    2;-;   17;-;    0;-;    8;-;    6;-;    5;-;    3;-;  488;-;  445;-;   39;-;    4;-;    5;-;    2;-;    4;-;    1;-;    1;-;    2;-
4607;5027;05;A;  52;100523; 7;s;08;  554;-;  510;-;   14;-;    7;-;  523;-;  460;-;   49;-;   14;-;   14;-;    7;-;    5;-;    2;-;    2;-;    3;-;  499;-;  453;-;   40;-;    6;-;    3;-;    3;-;    3;-;    1;-;    1;-;    1;-
4607;5027;05;A;  52;100523; 7;s;09;  756;-;  723;-;    6;-;    8;-;  740;-;  678;-;   48;-;   14;-;    8;-;    2;-;    2;-;    2;-;    2;-;    2;-;  708;-;  649;-;   50;-;    9;-;    2;-;    5;-;    2;-;    1;-;    1;-;    5;-
4607;5027;05;A;  52;100523; 7;s;10; 1161;-; 1228;-;    7;-;   10;-; 1143;-; 1064;-;   63;-;   16;-;    3;-;    3;-;    1;-;    3;-;    3;-;    8;-; 1206;-; 1126;-;   55;-;   25;-;    9;-;    6;-;    3;-;    1;-;    1;-;    3;-
4607;5027;05;A;  52;100523; 7;s;11; 1572;-; 1685;-;    6;-;   12;-; 1544;-; 1440;-;   82;-;   22;-;   13;-;    4;-;    2;-;    0;-;    0;-;    9;-; 1660;-; 1539;-;   91;-;   30;-;    3;-;    7;-;    2;-;    3;-;    3;-;   10;-
4607;5027;05;A;  52;100523; 7;s;12; 1894;-; 1939;-;    8;-;    8;-; 1870;-; 1747;-;   71;-;   52;-;    6;-;    0;-;    6;-;    2;-;    2;-;   10;-; 1925;-; 1821;-;   69;-;   35;-;    4;-;    1;-;    4;-;    3;-;    2;-;    2;-
4607;5027;05;A;  52;100523; 7;s;13; 2061;-; 2117;-;    8;-;    7;-; 2035;-; 1920;-;   79;-;   36;-;    5;-;    2;-;    5;-;    1;-;    1;-;   13;-; 2101;-; 1993;-;   86;-;   22;-;    4;-;    2;-;    5;-;    0;-;    0;-;    5;-
4607;5027;05;A;  52;100523; 7;s;14; 2206;-; 2267;-;    9;-;   10;-; 2175;-; 2058;-;   80;-;   37;-;    4;-;    1;-;    6;-;    2;-;    2;-;   18;-; 2245;-; 2135;-;   74;-;   36;-;    6;-;    3;-;    5;-;    2;-;    1;-;    6;-
4607;5027;05;A;  52;100523; 7;s;15; 2290;-; 2381;-;    4;-;   10;-; 2256;-; 2145;-;   85;-;   26;-;    6;-;    2;-;    1;-;    1;-;    1;-;   24;-; 2359;-; 2248;-;   76;-;   35;-;    2;-;    2;-;    3;-;    5;-;    0;-;   10;-
4607;5027;05;A;  52;100523; 7;s;16; 2131;-; 2156;-;    8;-;    3;-; 2110;-; 1998;-;   78;-;   34;-;    5;-;    2;-;    4;-;    2;-;    2;-;    8;-; 2146;-; 2045;-;   74;-;   27;-;    6;-;    1;-;    2;-;    0;-;    0;-;    1;-
4607;5027;05;A;  52;100523; 7;s;17; 1969;-; 1974;-;   12;-;   13;-; 1932;-; 1803;-;   89;-;   40;-;    7;-;    3;-;    6;-;    3;-;    3;-;   18;-; 1942;-; 1834;-;   91;-;   17;-;    8;-;    4;-;    7;-;    2;-;    2;-;   11;-
4607;5027;05;A;  52;100523; 7;s;18; 2110;-; 1914;-;    5;-;   14;-; 2084;-; 1998;-;   63;-;   23;-;    7;-;    3;-;    2;-;    0;-;    0;-;   14;-; 1870;-; 1763;-;   80;-;   27;-;   24;-;    4;-;    7;-;    3;-;    2;-;    6;-
4607;5027;05;A;  52;100523; 7;s;19; 2063;-; 1946;-;   12;-;   19;-; 2034;-; 1927;-;   73;-;   34;-;    8;-;    2;-;    7;-;    3;-;    2;-;    9;-; 1891;-; 1776;-;   89;-;   26;-;   27;-;    4;-;   12;-;    3;-;    2;-;    9;-
4607;5027;05;A;  52;100523; 7;s;20; 1810;-; 1790;-;    9;-;   14;-; 1788;-; 1701;-;   72;-;   15;-;    2;-;    3;-;    2;-;    4;-;    4;-;   11;-; 1756;-; 1655;-;   75;-;   26;-;   12;-;    5;-;    5;-;    4;-;    4;-;    8;-
4607;5027;05;A;  52;100523; 7;s;21; 1555;-; 1462;-;    5;-;    8;-; 1527;-; 1427;-;   75;-;   25;-;    3;-;    1;-;    2;-;    2;-;    2;-;   20;-; 1443;-; 1363;-;   57;-;   23;-;    3;-;    3;-;    3;-;    2;-;    2;-;    8;-
4607;5027;05;A;  52;100523; 7;s;22; 1332;-; 1208;-;    8;-;    6;-; 1317;-; 1255;-;   54;-;    8;-;    3;-;    1;-;    5;-;    2;-;    2;-;    4;-; 1187;-; 1124;-;   47;-;   16;-;    8;-;    3;-;    2;-;    1;-;    1;-;    7;-
4607;5027;05;A;  52;100523; 7;s;23; 1162;-; 1163;-;   14;-;    9;-; 1140;-; 1086;-;   49;-;    5;-;    3;-;    1;-;    4;-;    9;-;    9;-;    5;-; 1147;-; 1102;-;   42;-;    3;-;    3;-;    2;-;    3;-;    4;-;    3;-;    4;-
4607;5027;05;A;  52;100523; 7;s;24;  839;-; 1207;-;    5;-;    8;-;  823;-;  781;-;   37;-;    5;-;    3;-;    1;-;    1;-;    3;-;    2;-;    8;-; 1196;-; 1144;-;   48;-;    4;-;    1;-;    0;-;    2;-;    6;-;    5;-;    2;-
4607;5027;05;A;  52;100524; 1;s;01;  603;-;  648;-;    5;-;   10;-;  592;-;  563;-;   28;-;    1;-;    1;-;    1;-;    2;-;    2;-;    1;-;    5;-;  631;-;  603;-;   24;-;    4;-;    4;-;    2;-;    3;-;    5;-;    5;-;    3;-
4607;5027;05;A;  52;100524; 1;s;02;  338;-;  343;-;   13;-;    5;-;  320;-;  299;-;   21;-;    0;-;    0;-;    2;-;    3;-;    8;-;    7;-;    5;-;  333;-;  316;-;   14;-;    3;-;    2;-;    0;-;    1;-;    4;-;    2;-;    3;-
4607;5027;05;A;  52;100524; 1;s;03;  185;-;  240;-;    4;-;    6;-;  180;-;  165;-;   15;-;    0;-;    1;-;    0;-;    1;-;    3;-;    2;-;    0;-;  234;-;  223;-;   11;-;    0;-;    0;-;    1;-;    1;-;    4;-;    4;-;    0;-
4607;5027;05;A;  52;100524; 1;s;04;  407;-;  277;-;    8;-;    7;-;  396;-;  363;-;   30;-;    3;-;    0;-;    0;-;    5;-;    3;-;    3;-;    3;-;  268;-;  248;-;   19;-;    1;-;    1;-;    1;-;    1;-;    5;-;    3;-;    1;-
4607;5027;05;A;  52;100524; 1;s;05;  457;-;  382;-;    5;-;    8;-;  449;-;  414;-;   30;-;    5;-;    2;-;    2;-;    0;-;    3;-;    3;-;    1;-;  370;-;  330;-;   39;-;    1;-;    2;-;    2;-;    0;-;    6;-;    6;-;    2;-
4607;5027;05;A;  52;100524; 1;s;06;  645;-;  410;-;    6;-;   11;-;  637;-;  589;-;   40;-;    8;-;    1;-;    1;-;    3;-;    2;-;    1;-;    1;-;  399;-;  365;-;   31;-;    3;-;    0;-;    4;-;    4;-;    3;-;    2;-;    0;-
4607;5027;05;A;  52;100524; 1;s;07;  519;-;  427;-;   18;-;   10;-;  488;-;  439;-;   48;-;    1;-;    7;-;    3;-;    9;-;    6;-;    6;-;    6;-;  414;-;  384;-;   25;-;    5;-;    2;-;    4;-;    5;-;    1;-;    1;-;    1;-
4607;5027;05;A;  52;100524; 1;s;08;  518;-;  424;-;   11;-;   19;-;  498;-;  427;-;   59;-;   12;-;    8;-;    4;-;    6;-;    1;-;    1;-;    1;-;  401;-;  361;-;   36;-;    4;-;    3;-;    7;-;    6;-;    6;-;    5;-;    1;-
4607;5027;05;A;  52;100524; 1;s;09;  752;-;  676;-;   10;-;   12;-;  733;-;  680;-;   43;-;   10;-;    6;-;    0;-;    4;-;    6;-;    6;-;    3;-;  658;-;  593;-;   64;-;    1;-;    3;-;    6;-;    2;-;    4;-;    4;-;    3;-
4607;5027;05;A;  52;100524; 1;s;10; 1183;-;  968;-;   17;-;   16;-; 1148;-; 1058;-;   83;-;    7;-;    9;-;    1;-;    8;-;    8;-;    8;-;    9;-;  946;-;  887;-;   57;-;    2;-;    6;-;    5;-;    6;-;    5;-;    4;-;    0;-
4607;5027;05;A;  52;100524; 1;s;11; 1555;-; 1668;-;   18;-;   17;-; 1519;-; 1414;-;   85;-;   20;-;    8;-;    3;-;   11;-;    4;-;    4;-;   10;-; 1640;-; 1527;-;   85;-;   28;-;    6;-;    6;-;    4;-;    7;-;    7;-;    5;-
4607;5027;05;A;  52;100524; 1;s;12; 1833;-; 1769;-;   16;-;   27;-; 1802;-; 1699;-;   76;-;   27;-;    4;-;    4;-;   10;-;    2;-;    2;-;   11;-; 1725;-; 1587;-;   96;-;   42;-;   14;-;    4;-;   12;-;   11;-;    9;-;    3;-
4607;5027;05;A;  52;100524; 1;s;13; 2020;-; 2031;-;   15;-;   19;-; 1976;-; 1861;-;   85;-;   30;-;   19;-;    3;-;    7;-;    5;-;    5;-;   10;-; 1994;-; 1866;-;  101;-;   27;-;    9;-;    4;-;   10;-;    5;-;    3;-;    9;-
4607;5027;05;A;  52;100524; 1;s;14; 2308;-; 2308;-;   14;-;   10;-; 2262;-; 2131;-;   90;-;   41;-;   13;-;    0;-;    6;-;    8;-;    8;-;   19;-; 2275;-; 2139;-;   98;-;   38;-;   17;-;    1;-;    5;-;    4;-;    4;-;    6;-
4607;5027;05;A;  52;100524; 1;s;15; 2229;-; 2375;-;   10;-;   14;-; 2199;-; 2104;-;   75;-;   20;-;   10;-;    1;-;    2;-;    7;-;    7;-;   10;-; 2342;-; 2204;-;   96;-;   42;-;   10;-;    4;-;    5;-;    5;-;    5;-;    9;-
4607;5027;05;A;  52;100524; 1;s;16; 2191;-; 2117;-;   19;-;   19;-; 2147;-; 2042;-;   80;-;   25;-;   11;-;    3;-;    4;-;   12;-;   11;-;   14;-; 2078;-; 1967;-;   84;-;   27;-;   11;-;    4;-;    8;-;    7;-;    6;-;    9;-
4607;5027;05;A;  52;100524; 1;s;17; 2127;-; 1962;-;   13;-;   23;-; 2087;-; 1991;-;   78;-;   18;-;   12;-;    3;-;    7;-;    3;-;    2;-;   15;-; 1914;-; 1830;-;   68;-;   16;-;   18;-;    2;-;    7;-;   14;-;   13;-;    7;-
4607;5027;05;A;  52;100524; 1;s;18; 2354;-; 2016;-;   23;-;   20;-; 2303;-; 2195;-;   83;-;   25;-;   12;-;    6;-;    6;-;   11;-;   10;-;   16;-; 1967;-; 1847;-;  101;-;   19;-;   21;-;    5;-;   10;-;    5;-;    4;-;    8;-
4607;5027;05;A;  52;100524; 1;s;19; 2385;-; 2208;-;   23;-;   23;-; 2336;-; 2215;-;  108;-;   13;-;   13;-;    4;-;    9;-;   10;-;    7;-;   13;-; 2156;-; 2044;-;   91;-;   21;-;   17;-;    5;-;    7;-;   11;-;    9;-;   12;-
4607;5027;05;A;  52;100524; 1;s;20; 2123;-; 1845;-;   24;-;   19;-; 2081;-; 1983;-;   83;-;   15;-;    5;-;    5;-;    7;-;   12;-;    8;-;   13;-; 1804;-; 1708;-;   87;-;    9;-;   14;-;    8;-;    3;-;    8;-;    7;-;    8;-
4607;5027;05;A;  52;100524; 1;s;21; 1848;-; 1653;-;   21;-;   21;-; 1800;-; 1703;-;   87;-;   10;-;    7;-;    3;-;    5;-;   13;-;   10;-;   20;-; 1615;-; 1511;-;   92;-;   12;-;   11;-;    9;-;    4;-;    8;-;    6;-;    6;-
4607;5027;05;A;  52;100524; 1;s;22; 1656;-; 1305;-;   27;-;   18;-; 1607;-; 1496;-;  100;-;   11;-;    6;-;    2;-;    9;-;   16;-;   13;-;   16;-; 1280;-; 1214;-;   62;-;    4;-;    3;-;    4;-;    8;-;    6;-;    6;-;    4;-
4607;5027;05;A;  52;100524; 1;s;23; 1279;-; 1117;-;   45;-;   33;-; 1214;-; 1125;-;   79;-;   10;-;    6;-;    1;-;   15;-;   29;-;   22;-;   14;-; 1079;-; 1024;-;   49;-;    6;-;    3;-;    0;-;   10;-;   23;-;   19;-;    2;-
4607;5027;05;A;  52;100524; 1;s;24;  809;-; 1042;-;   32;-;   43;-;  766;-;  701;-;   64;-;    1;-;    3;-;    0;-;    7;-;   25;-;   18;-;    8;-;  990;-;  922;-;   61;-;    7;-;    5;-;    1;-;   13;-;   29;-;   25;-;    4;-
4607;5027;05;A;  52;100525; 2;u;01;  470;-;  431;-;   24;-;   20;-;  442;-;  392;-;   48;-;    2;-;    1;-;    1;-;    6;-;   17;-;   13;-;    3;-;  408;-;  377;-;   29;-;    2;-;    2;-;    2;-;    4;-;   14;-;   10;-;    1;-
4607;5027;05;A;  52;100525; 2;u;02;  253;-;  167;-;   40;-;   28;-;  211;-;  193;-;   15;-;    3;-;    2;-;    0;-;    9;-;   31;-;   24;-;    0;-;  137;-;  124;-;   12;-;    1;-;    2;-;    0;-;    6;-;   22;-;   17;-;    0;-
4607;5027;05;A;  52;100525; 2;u;03;  156;-;  131;-;   34;-;   29;-;  119;-;  103;-;   15;-;    1;-;    1;-;    2;-;    9;-;   23;-;   17;-;    2;-;  102;-;   87;-;   15;-;    0;-;    0;-;    0;-;    9;-;   20;-;   16;-;    0;-
4607;5027;05;A;  52;100525; 2;u;04;  492;-;  240;-;   40;-;   56;-;  448;-;  396;-;   51;-;    1;-;    2;-;    2;-;   13;-;   25;-;   19;-;    2;-;  181;-;  156;-;   25;-;    0;-;    2;-;    1;-;   25;-;   30;-;   24;-;    1;-
4607;5027;05;A;  52;100525; 2;u;05;  995;-;  470;-;   94;-;   90;-;  891;-;  843;-;   38;-;   10;-;    5;-;    5;-;   40;-;   49;-;   41;-;    5;-;  379;-;  331;-;   44;-;    4;-;    1;-;    1;-;   44;-;   45;-;   38;-;    0;-
4607;5027;05;A;  52;100525; 2;u;06; 2859;-;  989;-;  210;-;  123;-; 2633;-; 2473;-;  133;-;   27;-;    1;-;    3;-;   76;-;  131;-;  104;-;   15;-;  858;-;  763;-;   91;-;    4;-;    3;-;    2;-;   37;-;   84;-;   61;-;    5;-
4607;5027;05;A;  52;100525; 2;u;07; 5193;-; 2097;-;  266;-;  166;-; 4890;-; 4598;-;  265;-;   27;-;   18;-;    7;-;   92;-;  167;-;  128;-;   19;-; 1914;-; 1754;-;  154;-;    6;-;    9;-;    3;-;   73;-;   90;-;   71;-;    8;-
4607;5027;05;A;  52;100525; 2;u;08; 6136;-; 3308;-;  248;-;  214;-; 5836;-; 5584;-;  232;-;   20;-;   24;-;    2;-;  107;-;  139;-;  106;-;   28;-; 3078;-; 2852;-;  204;-;   22;-;   10;-;    5;-;   90;-;  119;-;   92;-;    6;-
4607;5027;05;A;  52;100525; 2;u;09; 5403;-; 3681;-;  261;-;  236;-; 5102;-; 4873;-;  212;-;   17;-;   20;-;    4;-;  112;-;  145;-;  110;-;   20;-; 3417;-; 3200;-;  205;-;   12;-;   14;-;    5;-;  120;-;  111;-;   79;-;   14;-
4607;5027;05;A;  52;100525; 2;u;10; 4195;-; 2786;-;  262;-;  266;-; 3904;-; 3691;-;  201;-;   12;-;   16;-;    4;-;  104;-;  154;-;  122;-;   13;-; 2497;-; 2283;-;  209;-;    5;-;   13;-;    4;-;  118;-;  144;-;  115;-;   10;-
4607;5027;05;A;  52;100525; 2;u;11; 3304;-; 2479;-;  252;-;  239;-; 3008;-; 2811;-;  188;-;    9;-;   18;-;    4;-;   77;-;  171;-;  136;-;   26;-; 2220;-; 2015;-;  193;-;   12;-;   12;-;    5;-;  108;-;  126;-;   99;-;    8;-
4607;5027;05;A;  52;100525; 2;u;12; 2869;-; 2662;-;  232;-;  252;-; 2603;-; 2394;-;  198;-;   11;-;   17;-;    4;-;  104;-;  124;-;   96;-;   17;-; 2379;-; 2177;-;  192;-;   10;-;   23;-;    3;-;  101;-;  148;-;  119;-;    8;-
4607;5027;05;A;  52;100525; 2;u;13; 3000;-; 2807;-;  269;-;  222;-; 2695;-; 2424;-;  258;-;   13;-;   24;-;    2;-;   96;-;  171;-;  132;-;   12;-; 2554;-; 2281;-;  261;-;   12;-;   25;-;    3;-;   95;-;  124;-;   91;-;    6;-
4607;5027;05;A;  52;100525; 2;u;14; 3100;-; 3168;-;  264;-;  227;-; 2802;-; 2584;-;  202;-;   16;-;   16;-;    0;-;  107;-;  157;-;  130;-;   18;-; 2910;-; 2660;-;  233;-;   17;-;   20;-;    2;-;   96;-;  129;-;  101;-;   11;-
4607;5027;05;A;  52;100525; 2;u;15; 2769;-; 3866;-;  225;-;  242;-; 2499;-; 2299;-;  195;-;    5;-;   21;-;    1;-;   81;-;  143;-;  111;-;   24;-; 3597;-; 3370;-;  202;-;   25;-;   16;-;    4;-;  110;-;  128;-;   98;-;   11;-
4607;5027;05;A;  52;100525; 2;u;16; 3043;-; 4431;-;  201;-;  187;-; 2783;-; 2566;-;  206;-;   11;-;   19;-;    6;-;   76;-;  119;-;   85;-;   40;-; 4211;-; 3950;-;  243;-;   18;-;   23;-;    5;-;   72;-;  110;-;   79;-;   10;-
4607;5027;05;A;  52;100525; 2;u;17; 3322;-; 4412;-;  182;-;  134;-; 3103;-; 2900;-;  192;-;   11;-;   16;-;    4;-;   59;-;  119;-;   96;-;   21;-; 4249;-; 4011;-;  217;-;   21;-;   12;-;    4;-;   50;-;   80;-;   56;-;   17;-
4607;5027;05;A;  52;100525; 2;u;18; 3492;-; 4650;-;  128;-;  128;-; 3325;-; 3157;-;  151;-;   17;-;   14;-;    9;-;   41;-;   78;-;   59;-;   25;-; 4503;-; 4304;-;  178;-;   21;-;    5;-;    7;-;   53;-;   68;-;   48;-;   14;-
4607;5027;05;A;  52;100525; 2;u;19; 3225;-; 5709;-;  106;-;  127;-; 3087;-; 2917;-;  156;-;   14;-;   12;-;    8;-;   20;-;   78;-;   60;-;   20;-; 5549;-; 5371;-;  162;-;   16;-;   21;-;    4;-;   40;-;   83;-;   68;-;   12;-
4607;5027;05;A;  52;100525; 2;u;20; 2392;-; 3267;-;   79;-;   87;-; 2288;-; 2164;-;  116;-;    8;-;   12;-;    2;-;   18;-;   59;-;   43;-;   13;-; 3154;-; 2944;-;  188;-;   22;-;   11;-;    2;-;   21;-;   64;-;   52;-;   15;-
4607;5027;05;A;  52;100525; 2;u;21; 1652;-; 2123;-;   65;-;   92;-; 1565;-; 1436;-;  118;-;   11;-;    7;-;    2;-;   16;-;   47;-;   35;-;   15;-; 2017;-; 1879;-;  133;-;    5;-;    7;-;    4;-;   23;-;   65;-;   44;-;    7;-
4607;5027;05;A;  52;100525; 2;u;22; 1453;-; 1450;-;   54;-;   49;-; 1388;-; 1292;-;   85;-;   11;-;    2;-;    3;-;   13;-;   38;-;   26;-;    9;-; 1389;-; 1286;-;   94;-;    9;-;    2;-;    0;-;   13;-;   36;-;   24;-;   10;-
4607;5027;05;A;  52;100525; 2;u;23; 1097;-; 1422;-;   53;-;   61;-; 1035;-;  975;-;   57;-;    3;-;    3;-;    4;-;   13;-;   36;-;   25;-;    6;-; 1353;-; 1256;-;   86;-;   11;-;    4;-;    1;-;   14;-;   46;-;   34;-;    4;-
4607;5027;05;A;  52;100525; 2;u;24;  608;-; 1160;-;   34;-;   57;-;  572;-;  507;-;   65;-;    0;-;    0;-;    0;-;    9;-;   25;-;   18;-;    2;-; 1096;-; 1026;-;   66;-;    4;-;    2;-;    3;-;   10;-;   44;-;   33;-;    5;-
4607;5027;05;A;  52;100526; 3;w;01;  283;-;  452;-;   39;-;   36;-;  240;-;  206;-;   33;-;    1;-;    2;-;    2;-;    8;-;   29;-;   23;-;    2;-;  415;-;  373;-;   41;-;    1;-;    1;-;    2;-;    8;-;   26;-;   18;-;    0;-
4607;5027;05;A;  52;100526; 3;w;02;  157;-;  206;-;   47;-;   37;-;  109;-;   89;-;   20;-;    0;-;    0;-;    2;-;   13;-;   32;-;   24;-;    1;-;  168;-;  143;-;   24;-;    1;-;    1;-;    0;-;    8;-;   29;-;   18;-;    0;-
4607;5027;05;A;  52;100526; 3;w;03;  147;-;  128;-;   47;-;   49;-;  100;-;   86;-;   14;-;    0;-;    0;-;    0;-;   12;-;   35;-;   24;-;    0;-;   76;-;   62;-;   14;-;    0;-;    2;-;    1;-;   13;-;   35;-;   25;-;    1;-
4607;5027;05;A;  52;100526; 3;w;04;  498;-;  243;-;   63;-;   74;-;  429;-;  385;-;   43;-;    1;-;    3;-;    0;-;   20;-;   43;-;   29;-;    3;-;  168;-;  141;-;   27;-;    0;-;    0;-;    0;-;   32;-;   42;-;   31;-;    1;-
4607;5027;05;A;  52;100526; 3;w;05;  962;-;  441;-;  121;-;   86;-;  833;-;  769;-;   53;-;   11;-;    4;-;   10;-;   46;-;   65;-;   50;-;    4;-;  352;-;  307;-;   44;-;    1;-;    1;-;    1;-;   29;-;   56;-;   39;-;    2;-
4607;5027;05;A;  52;100526; 3;w;06; 2646;-;  883;-;  204;-;  122;-; 2412;-; 2289;-;  113;-;   10;-;    4;-;    5;-;   67;-;  132;-;   99;-;   26;-;  752;-;  656;-;   88;-;    8;-;    3;-;    2;-;   41;-;   79;-;   61;-;    6;-
4607;5027;05;A;  52;100526; 3;w;07; 5267;-; 2084;-;  241;-;  180;-; 4979;-; 4691;-;  267;-;   21;-;   18;-;    6;-;  101;-;  134;-;   98;-;   29;-; 1881;-; 1700;-;  173;-;    8;-;   12;-;    5;-;   82;-;   93;-;   69;-;   11;-
4607;5027;05;A;  52;100526; 3;w;08; 6451;-; 3474;-;  223;-;  208;-; 6171;-; 5931;-;  227;-;   13;-;   36;-;   11;-;   98;-;  114;-;   88;-;   21;-; 3243;-; 3032;-;  204;-;    7;-;    7;-;   13;-;   83;-;  112;-;   88;-;   16;-
4607;5027;05;A;  52;100526; 3;w;09; 5849;-; 3889;-;  231;-;  258;-; 5578;-; 5382;-;  186;-;   10;-;   14;-;    9;-;   90;-;  132;-;  106;-;   26;-; 3595;-; 3396;-;  194;-;    5;-;   22;-;   11;-;  107;-;  140;-;  104;-;   14;-
4607;5027;05;A;  52;100526; 3;w;10; 4349;-; 2775;-;  296;-;  276;-; 4019;-; 3813;-;  199;-;    7;-;   15;-;   10;-;  112;-;  174;-;  124;-;   19;-; 2484;-; 2261;-;  217;-;    6;-;    7;-;    6;-;  130;-;  140;-;  117;-;    8;-
4607;5027;05;A;  52;100526; 3;w;11; 3442;-; 2379;-;  328;-;  269;-; 3075;-; 2868;-;  198;-;    9;-;   17;-;    2;-;  129;-;  197;-;  157;-;   22;-; 2089;-; 1882;-;  201;-;    6;-;   12;-;   10;-;  111;-;  148;-;  120;-;    9;-
4607;5027;05;A;  52;100526; 3;w;12; 3108;-; 2549;-;  286;-;  257;-; 2787;-; 2581;-;  201;-;    5;-;   16;-;    5;-;  123;-;  158;-;  122;-;   19;-; 2262;-; 2031;-;  229;-;    2;-;   19;-;    4;-;  101;-;  152;-;  113;-;   11;-
4607;5027;05;A;  52;100526; 3;w;13; 3154;-; 3095;-;  300;-;  252;-; 2825;-; 2662;-;  156;-;    7;-;    9;-;    4;-;  107;-;  189;-;  154;-;   20;-; 2810;-; 2608;-;  194;-;    8;-;   16;-;    2;-;  117;-;  133;-;   98;-;   17;-
4607;5027;05;A;  52;100526; 3;w;14; 3315;-; 3470;-;  246;-;  280;-; 3027;-; 2832;-;  188;-;    7;-;   17;-;    4;-;   90;-;  152;-;  115;-;   25;-; 3162;-; 2935;-;  220;-;    7;-;   18;-;    1;-;  119;-;  160;-;  110;-;   10;-
4607;5027;05;A;  52;100526; 3;w;15; 2983;-; 4080;-;  264;-;  229;-; 2688;-; 2493;-;  189;-;    6;-;   14;-;    3;-;  110;-;  151;-;  116;-;   17;-; 3818;-; 3556;-;  250;-;   12;-;   15;-;    9;-;   95;-;  125;-;   98;-;   18;-
4607;5027;05;A;  52;100526; 3;w;16; 3086;-; 4342;-;  219;-;  219;-; 2818;-; 2660;-;  148;-;   10;-;   20;-;    2;-;   84;-;  133;-;  106;-;   29;-; 4086;-; 3870;-;  207;-;    9;-;   26;-;    5;-;   85;-;  129;-;   97;-;   11;-
4607;5027;05;A;  52;100526; 3;w;17; 3406;-; 4769;-;  197;-;  204;-; 3183;-; 3020;-;  151;-;   12;-;   13;-;    7;-;   76;-;  114;-;   90;-;   13;-; 4529;-; 4324;-;  191;-;   14;-;   22;-;    6;-;   67;-;  131;-;   94;-;   14;-
4607;5027;05;A;  52;100526; 3;w;18; 4069;-; 5406;-;  172;-;  167;-; 3869;-; 3736;-;  118;-;   15;-;    8;-;    8;-;   50;-;  114;-;   84;-;   20;-; 5202;-; 5059;-;  129;-;   14;-;   26;-;    9;-;   49;-;  109;-;   84;-;   11;-
4607;5027;05;A;  52;100526; 3;w;19; 3862;-; 5060;-;  131;-;  156;-; 3701;-; 3558;-;  133;-;   10;-;   13;-;    7;-;   31;-;   93;-;   68;-;   17;-; 4891;-; 4783;-;  101;-;    7;-;    6;-;    9;-;   47;-;  100;-;   82;-;    7;-
4607;5027;05;A;  52;100526; 3;w;20; 2489;-; 3790;-;   92;-;  115;-; 2372;-; 2258;-;  105;-;    9;-;    6;-;    4;-;   18;-;   70;-;   58;-;   19;-; 3651;-; 3517;-;  130;-;    4;-;   15;-;    8;-;   28;-;   79;-;   57;-;    9;-
4607;5027;05;A;  52;100526; 3;w;21; 1599;-; 2090;-;   73;-;   88;-; 1509;-; 1391;-;  111;-;    7;-;    5;-;    7;-;   17;-;   49;-;   33;-;   12;-; 1985;-; 1887;-;   97;-;    1;-;    6;-;    5;-;   17;-;   66;-;   45;-;   11;-
4607;5027;05;A;  52;100526; 3;w;22; 1385;-; 1808;-;   55;-;   74;-; 1318;-; 1250;-;   64;-;    4;-;    3;-;    3;-;    8;-;   44;-;   32;-;    9;-; 1725;-; 1619;-;  101;-;    5;-;    4;-;    2;-;    9;-;   63;-;   44;-;    5;-
4607;5027;05;A;  52;100526; 3;w;23; 1077;-; 1601;-;   48;-;   51;-; 1019;-;  963;-;   55;-;    1;-;    2;-;    7;-;    6;-;   35;-;   28;-;    8;-; 1543;-; 1465;-;   77;-;    1;-;    2;-;    1;-;   15;-;   35;-;   29;-;    5;-
4607;5027;05;A;  52;100526; 3;w;24;  667;-; 1236;-;   43;-;   54;-;  616;-;  563;-;   52;-;    1;-;    1;-;    2;-;   12;-;   29;-;   22;-;    7;-; 1179;-; 1116;-;   63;-;    0;-;    1;-;    3;-;    6;-;   45;-;   35;-;    2;-
4607;5027;05;A;  52;100527; 4;w;01;  332;-;  459;-;   38;-;   47;-;  291;-;  259;-;   32;-;    0;-;    1;-;    2;-;    7;-;   29;-;   22;-;    2;-;  408;-;  372;-;   34;-;    2;-;    3;-;    3;-;    4;-;   40;-;   26;-;    1;-
4607;5027;05;A;  52;100527; 4;w;02;  159;-;  218;-;   46;-;   31;-;  111;-;   87;-;   22;-;    2;-;    0;-;    2;-;   11;-;   33;-;   25;-;    2;-;  187;-;  163;-;   24;-;    0;-;    0;-;    0;-;    4;-;   27;-;   20;-;    0;-
4607;5027;05;A;  52;100527; 4;w;03;  140;-;  152;-;   43;-;   58;-;   95;-;   80;-;   14;-;    1;-;    0;-;    0;-;    9;-;   34;-;   24;-;    2;-;   93;-;   68;-;   23;-;    2;-;    0;-;    2;-;   16;-;   40;-;   30;-;    1;-
4607;5027;05;A;  52;100527; 4;w;04;  398;-;  230;-;   74;-;   72;-;  318;-;  287;-;   30;-;    1;-;    3;-;    1;-;   23;-;   50;-;   29;-;    3;-;  156;-;  120;-;   36;-;    0;-;    0;-;    1;-;   30;-;   41;-;   32;-;    2;-
4607;5027;05;A;  52;100527; 4;w;05;  894;-;  369;-;  128;-;   86;-;  756;-;  699;-;   53;-;    4;-;    5;-;    8;-;   39;-;   81;-;   50;-;    5;-;  281;-;  242;-;   38;-;    1;-;    1;-;    4;-;   31;-;   51;-;   35;-;    1;-
4607;5027;05;A;  52;100527; 4;w;06; 2619;-;  836;-;  187;-;  125;-; 2411;-; 2261;-;  135;-;   15;-;    6;-;    1;-;   62;-;  124;-;   90;-;   15;-;  706;-;  622;-;   81;-;    3;-;    4;-;    2;-;   36;-;   87;-;   66;-;    1;-
4607;5027;05;A;  52;100527; 4;w;07; 5168;-; 1967;-;  267;-;  157;-; 4864;-; 4593;-;  250;-;   21;-;   17;-;    8;-;  108;-;  151;-;  115;-;   20;-; 1794;-; 1637;-;  154;-;    3;-;   10;-;    4;-;   59;-;   94;-;   57;-;    6;-
4607;5027;05;A;  52;100527; 4;w;08; 6434;-; 3428;-;  261;-;  237;-; 6098;-; 5811;-;  268;-;   19;-;   24;-;   13;-;  104;-;  144;-;  110;-;   51;-; 3169;-; 2940;-;  224;-;    5;-;   10;-;    7;-;  111;-;  119;-;   83;-;   12;-
4607;5027;05;A;  52;100527; 4;w;09; 5818;-; 3950;-;  210;-;  260;-; 5543;-; 5339;-;  188;-;   16;-;   24;-;    6;-;   95;-;  109;-;   89;-;   41;-; 3660;-; 3454;-;  202;-;    4;-;    7;-;    8;-;  116;-;  136;-;  103;-;   23;-
4607;5027;05;A;  52;100527; 4;w;10; 4389;-; 2955;-;  301;-;  273;-; 4047;-; 3846;-;  193;-;    8;-;   16;-;   11;-;   97;-;  193;-;  142;-;   25;-; 2661;-; 2419;-;  237;-;    5;-;   14;-;    9;-;  100;-;  164;-;  127;-;    7;-
4607;5027;05;A;  52;100527; 4;w;11; 3315;-; 2659;-;  263;-;  293;-; 3012;-; 2792;-;  208;-;   12;-;   17;-;    7;-;  106;-;  150;-;  107;-;   23;-; 2349;-; 2140;-;  205;-;    4;-;   11;-;    7;-;  119;-;  167;-;  125;-;    6;-
4607;5027;05;A;  52;100527; 4;w;12; 2741;-; 2549;-;  245;-;  250;-; 2459;-; 2255;-;  197;-;    7;-;   13;-;    5;-;  110;-;  130;-;   99;-;   24;-; 2272;-; 2048;-;  216;-;    8;-;   18;-;    3;-;   90;-;  157;-;  122;-;    9;-
4607;5027;05;A;  52;100527; 4;w;13; 3052;-; 2989;-;  253;-;  249;-; 2767;-; 2548;-;  208;-;   11;-;   18;-;    3;-;  102;-;  148;-;  122;-;   14;-; 2716;-; 2482;-;  227;-;    7;-;   16;-;    2;-;   95;-;  152;-;  122;-;    8;-
4607;5027;05;A;  52;100527; 4;w;14; 3077;-; 3507;-;  237;-;  266;-; 2799;-; 2627;-;  165;-;    7;-;   19;-;    4;-;   71;-;  162;-;  122;-;   22;-; 3207;-; 2991;-;  205;-;   11;-;   23;-;    9;-;  115;-;  142;-;   98;-;   11;-
4607;5027;05;A;  52;100527; 4;w;15; 2868;-; 3968;-;  246;-;  234;-; 2591;-; 2386;-;  195;-;   10;-;   13;-;    5;-;   91;-;  150;-;  119;-;   18;-; 3705;-; 3428;-;  269;-;    8;-;   19;-;    8;-;   89;-;  137;-;  113;-;   10;-
4607;5027;05;A;  52;100527; 4;w;16; 3064;-; 5048;-;  219;-;  211;-; 2812;-; 2600;-;  202;-;   10;-;   16;-;    6;-;   83;-;  130;-;   97;-;   17;-; 4807;-; 4525;-;  268;-;   14;-;   17;-;    6;-;   82;-;  123;-;   95;-;   13;-
4607;5027;05;A;  52;100527; 4;w;17; 3578;-; 5640;-;  198;-;  216;-; 3327;-; 3118;-;  199;-;   10;-;   23;-;    7;-;   56;-;  135;-;  112;-;   30;-; 5377;-; 5069;-;  287;-;   21;-;   30;-;   11;-;   86;-;  119;-;   78;-;   17;-
4607;5027;05;A;  52;100527; 4;w;18; 3833;-; 5996;-;  136;-;  149;-; 3659;-; 3503;-;  142;-;   14;-;   18;-;    6;-;   36;-;   94;-;   71;-;   20;-; 5812;-; 5591;-;  207;-;   14;-;   25;-;    5;-;   52;-;   92;-;   74;-;   10;-
4607;5027;05;A;  52;100527; 4;w;19; 3268;-; 5248;-;  107;-;  114;-; 3119;-; 2967;-;  142;-;   10;-;   13;-;    5;-;   24;-;   78;-;   55;-;   29;-; 5118;-; 4922;-;  182;-;   14;-;    6;-;    3;-;   24;-;   87;-;   70;-;   10;-
4607;5027;05;A;  52;100527; 4;w;20; 2496;-; 3397;-;   84;-;   84;-; 2372;-; 2236;-;  124;-;   12;-;    8;-;    4;-;   16;-;   64;-;   52;-;   32;-; 3290;-; 3121;-;  158;-;   11;-;    7;-;    4;-;   23;-;   57;-;   41;-;   16;-
4607;5027;05;A;  52;100527; 4;w;21; 1699;-; 2238;-;   67;-;   62;-; 1605;-; 1480;-;  119;-;    6;-;    8;-;    6;-;   17;-;   44;-;   36;-;   19;-; 2155;-; 1998;-;  148;-;    9;-;    6;-;    7;-;    9;-;   46;-;   26;-;   15;-
4607;5027;05;A;  52;100527; 4;w;22; 1351;-; 1810;-;   57;-;   65;-; 1280;-; 1192;-;   83;-;    5;-;    5;-;    5;-;    9;-;   43;-;   34;-;    9;-; 1733;-; 1615;-;  107;-;   11;-;    3;-;    2;-;   13;-;   50;-;   37;-;    9;-
4607;5027;05;A;  52;100527; 4;w;23; 1088;-; 1623;-;   46;-;   51;-; 1033;-;  979;-;   50;-;    4;-;    4;-;    3;-;   11;-;   32;-;   20;-;    5;-; 1560;-; 1481;-;   73;-;    6;-;    6;-;    0;-;   12;-;   39;-;   30;-;    6;-
4607;5027;05;A;  52;100527; 4;w;24;  655;-; 1143;-;   47;-;   63;-;  603;-;  553;-;   48;-;    2;-;    1;-;    3;-;   13;-;   31;-;   24;-;    4;-; 1074;-;  995;-;   74;-;    5;-;    2;-;    5;-;   12;-;   46;-;   34;-;    4;-
4607;5027;05;A;  52;100528; 5;w;01;  309;-;  507;-;   35;-;   44;-;  271;-;  230;-;   41;-;    0;-;    3;-;    1;-;   10;-;   24;-;   19;-;    0;-;  460;-;  417;-;   43;-;    0;-;    0;-;    4;-;    7;-;   33;-;   20;-;    3;-
4607;5027;05;A;  52;100528; 5;w;02;  213;-;  273;-;   50;-;   33;-;  160;-;  133;-;   25;-;    2;-;    1;-;    1;-;    9;-;   40;-;   33;-;    2;-;  237;-;  212;-;   25;-;    0;-;    1;-;    0;-;   10;-;   23;-;   19;-;    2;-
4607;5027;05;A;  52;100528; 5;w;03;  170;-;  234;-;   51;-;   46;-;  118;-;  100;-;   18;-;    0;-;    0;-;    1;-;   16;-;   34;-;   18;-;    1;-;  188;-;  158;-;   30;-;    0;-;    0;-;    0;-;   15;-;   31;-;   23;-;    0;-
4607;5027;05;A;  52;100528; 5;w;04;  452;-;  241;-;   71;-;   58;-;  376;-;  334;-;   42;-;    0;-;    3;-;    2;-;   14;-;   55;-;   37;-;    2;-;  181;-;  147;-;   34;-;    0;-;    2;-;    1;-;   21;-;   36;-;   29;-;    0;-
4607;5027;05;A;  52;100528; 5;w;05;  959;-;  472;-;  123;-;   97;-;  829;-;  768;-;   55;-;    6;-;    5;-;    5;-;   44;-;   74;-;   64;-;    2;-;  373;-;  320;-;   53;-;    0;-;    1;-;    3;-;   45;-;   49;-;   34;-;    1;-
4607;5027;05;A;  52;100528; 5;w;06; 2415;-;  872;-;  202;-;  143;-; 2201;-; 2076;-;  101;-;   24;-;    1;-;    4;-;   68;-;  130;-;  105;-;   11;-;  721;-;  643;-;   73;-;    5;-;    7;-;    1;-;   39;-;  103;-;   76;-;    1;-
4607;5027;05;A;  52;100528; 5;w;07; 4810;-; 1930;-;  262;-;  182;-; 4487;-; 4202;-;  248;-;   37;-;   18;-;   12;-;  108;-;  142;-;  102;-;   43;-; 1733;-; 1590;-;  139;-;    4;-;    8;-;    6;-;   65;-;  111;-;   81;-;    7;-
4607;5027;05;A;  52;100528; 5;w;08; 6210;-; 3311;-;  247;-;  230;-; 5897;-; 5664;-;  214;-;   19;-;   33;-;   10;-;  124;-;  113;-;   86;-;   33;-; 3054;-; 2844;-;  205;-;    5;-;   14;-;   14;-;   88;-;  128;-;   97;-;   13;-
4607;5027;05;A;  52;100528; 5;w;09; 5615;-; 3817;-;  275;-;  294;-; 5272;-; 5057;-;  198;-;   17;-;   25;-;    8;-;  124;-;  143;-;  119;-;   43;-; 3492;-; 3246;-;  217;-;   29;-;   14;-;    8;-;  136;-;  150;-;  115;-;   17;-
4607;5027;05;A;  52;100528; 5;w;10; 3843;-; 2806;-;  279;-;  300;-; 3520;-; 3314;-;  189;-;   17;-;   14;-;    7;-;  110;-;  162;-;  119;-;   30;-; 2487;-; 2262;-;  214;-;   11;-;   13;-;   10;-;  125;-;  165;-;  123;-;    6;-
4607;5027;05;A;  52;100528; 5;w;11; 3067;-; 2699;-;  291;-;  298;-; 2729;-; 2547;-;  173;-;    9;-;   21;-;    6;-;   99;-;  186;-;  141;-;   26;-; 2379;-; 2143;-;  228;-;    8;-;   18;-;    6;-;  123;-;  169;-;  128;-;    4;-
4607;5027;05;A;  52;100528; 5;w;12; 2904;-; 2860;-;  260;-;  266;-; 2606;-; 2402;-;  199;-;    5;-;   21;-;    9;-;   97;-;  154;-;  125;-;   17;-; 2565;-; 2310;-;  247;-;    8;-;   21;-;    9;-;   96;-;  161;-;  121;-;    8;-
4607;5027;05;A;  52;100528; 5;w;13; 3061;-; 3637;-;  235;-;  270;-; 2792;-; 2585;-;  199;-;    8;-;   16;-;    2;-;   89;-;  144;-;  116;-;   18;-; 3335;-; 3048;-;  276;-;   11;-;   21;-;    4;-;  103;-;  163;-;  129;-;   11;-
4607;5027;05;A;  52;100528; 5;w;14; 3494;-; 4444;-;  216;-;  258;-; 3239;-; 3018;-;  199;-;   22;-;   22;-;    6;-;   79;-;  131;-;   91;-;   17;-; 4153;-; 3905;-;  239;-;    9;-;   20;-;    7;-;  105;-;  146;-;  107;-;   13;-
4607;5027;05;A;  52;100528; 5;w;15; 3284;-; 5203;-;  230;-;  255;-; 3007;-; 2824;-;  170;-;   13;-;   19;-;    2;-;   85;-;  143;-;  100;-;   28;-; 4916;-; 4632;-;  253;-;   31;-;   19;-;    7;-;  113;-;  135;-;  103;-;   13;-
4607;5027;05;A;  52;100528; 5;w;16; 3615;-; 5337;-;  165;-;  240;-; 3411;-; 3194;-;  198;-;   19;-;   19;-;    3;-;   61;-;  101;-;   77;-;   20;-; 5064;-; 4794;-;  247;-;   23;-;   17;-;    3;-;   96;-;  141;-;  112;-;   16;-
4607;5027;05;A;  52;100528; 5;w;17; 3622;-; 5476;-;  176;-;  172;-; 3384;-; 3195;-;  157;-;   32;-;   16;-;    8;-;   64;-;  104;-;   85;-;   46;-; 5268;-; 5020;-;  232;-;   16;-;   22;-;   11;-;   61;-;  100;-;   77;-;   14;-
4607;5027;05;A;  52;100528; 5;w;18; 3779;-; 4980;-;  139;-;  136;-; 3606;-; 3445;-;  140;-;   21;-;   12;-;    6;-;   41;-;   92;-;   67;-;   22;-; 4813;-; 4600;-;  188;-;   25;-;   15;-;    7;-;   37;-;   92;-;   80;-;   16;-
4607;5027;05;A;  52;100528; 5;w;19; 3857;-; 4449;-;   90;-;  111;-; 3728;-; 3570;-;  138;-;   20;-;   10;-;    4;-;   25;-;   61;-;   47;-;   29;-; 4319;-; 4110;-;  184;-;   25;-;   10;-;    9;-;   28;-;   74;-;   59;-;    9;-
4607;5027;05;A;  52;100528; 5;w;20; 2744;-; 3296;-;   72;-;   96;-; 2640;-; 2494;-;  135;-;   11;-;    7;-;    5;-;   18;-;   49;-;   36;-;   25;-; 3177;-; 3005;-;  155;-;   17;-;   12;-;    2;-;   25;-;   69;-;   52;-;   11;-
4607;5027;05;A;  52;100528; 5;w;21; 1822;-; 2385;-;   76;-;   75;-; 1728;-; 1598;-;  118;-;   12;-;    7;-;    5;-;   21;-;   50;-;   36;-;   11;-; 2283;-; 2142;-;  131;-;   10;-;    9;-;    9;-;   14;-;   52;-;   35;-;   18;-
4607;5027;05;A;  52;100528; 5;w;22; 1469;-; 1925;-;   43;-;   73;-; 1414;-; 1305;-;  100;-;    9;-;    3;-;    3;-;    9;-;   31;-;   22;-;    9;-; 1835;-; 1702;-;  119;-;   14;-;    8;-;    5;-;   22;-;   46;-;   35;-;    9;-
4607;5027;05;A;  52;100528; 5;w;23; 1263;-; 2134;-;   42;-;   56;-; 1209;-; 1137;-;   67;-;    5;-;    2;-;    3;-;   12;-;   27;-;   22;-;   10;-; 2068;-; 1969;-;   88;-;   11;-;    4;-;    2;-;   17;-;   37;-;   26;-;    6;-
4607;5027;05;A;  52;100528; 5;w;24;  915;-; 2269;-;   39;-;   57;-;  870;-;  829;-;   35;-;    6;-;    2;-;    2;-;   13;-;   24;-;   18;-;    4;-; 2208;-; 2119;-;   87;-;    2;-;    1;-;    2;-;   11;-;   44;-;   34;-;    3;-
4607;5027;05;A;  52;100529; 6;w;01;  629;-;  975;-;   37;-;   44;-;  586;-;  534;-;   50;-;    2;-;    0;-;    4;-;   13;-;   20;-;   12;-;    6;-;  927;-;  877;-;   49;-;    1;-;    1;-;    5;-;    5;-;   34;-;   26;-;    3;-
4607;5027;05;A;  52;100529; 6;w;02;  350;-;  430;-;   34;-;   24;-;  315;-;  288;-;   24;-;    3;-;    1;-;    1;-;    9;-;   24;-;   20;-;    0;-;  405;-;  378;-;   26;-;    1;-;    1;-;    3;-;    4;-;   17;-;   12;-;    0;-
4607;5027;05;A;  52;100529; 6;w;03;  269;-;  279;-;   34;-;   40;-;  234;-;  213;-;   20;-;    1;-;    0;-;    4;-;    9;-;   21;-;   11;-;    1;-;  237;-;  210;-;   27;-;    0;-;    2;-;    2;-;   11;-;   27;-;   19;-;    0;-
4607;5027;05;A;  52;100529; 6;w;04;  509;-;  314;-;   32;-;   41;-;  471;-;  426;-;   43;-;    2;-;    3;-;    0;-;   13;-;   19;-;   11;-;    3;-;  272;-;  238;-;   34;-;    0;-;    1;-;    3;-;   21;-;   17;-;   15;-;    0;-
4607;5027;05;A;  52;100529; 6;w;05;  652;-;  486;-;   53;-;   55;-;  592;-;  543;-;   48;-;    1;-;    2;-;    3;-;   19;-;   31;-;   23;-;    5;-;  424;-;  365;-;   58;-;    1;-;    5;-;    0;-;   24;-;   31;-;   25;-;    2;-
4607;5027;05;A;  52;100529; 6;w;06; 1004;-;  533;-;   62;-;   42;-;  933;-;  858;-;   70;-;    5;-;    7;-;    7;-;   33;-;   22;-;   16;-;    2;-;  482;-;  420;-;   56;-;    6;-;    7;-;    1;-;   19;-;   22;-;   17;-;    2;-
4607;5027;05;A;  52;100529; 6;w;07; 1074;-;  806;-;   64;-;   60;-;  985;-;  854;-;  122;-;    9;-;   18;-;    8;-;   28;-;   28;-;   23;-;    7;-;  728;-;  631;-;   94;-;    3;-;   16;-;    6;-;   24;-;   30;-;   23;-;    2;-
4607;5027;05;A;  52;100529; 6;w;08; 1193;-; 1059;-;   70;-;   67;-; 1093;-;  980;-;  108;-;    5;-;   25;-;    5;-;   34;-;   31;-;   27;-;    5;-;  978;-;  860;-;  116;-;    2;-;   13;-;   11;-;   30;-;   26;-;   22;-;    1;-
4607;5027;05;A;  52;100529; 6;w;09; 1757;-; 1623;-;   63;-;   77;-; 1662;-; 1493;-;  157;-;   12;-;   23;-;    8;-;   30;-;   25;-;   19;-;    9;-; 1526;-; 1384;-;  138;-;    4;-;   13;-;    8;-;   47;-;   22;-;   16;-;    7;-
4607;5027;05;A;  52;100529; 6;w;10; 2372;-; 2001;-;   66;-;   71;-; 2267;-; 2150;-;  112;-;    5;-;   23;-;    4;-;   39;-;   23;-;   20;-;   16;-; 1905;-; 1745;-;  145;-;   15;-;   13;-;    8;-;   32;-;   31;-;   29;-;   12;-
4607;5027;05;A;  52;100529; 6;w;11; 2613;-; 2271;-;   54;-;   67;-; 2516;-; 2407;-;   95;-;   14;-;   25;-;    6;-;   28;-;   20;-;   16;-;   18;-; 2185;-; 2025;-;  146;-;   14;-;   11;-;    9;-;   36;-;   22;-;   18;-;    8;-
4607;5027;05;A;  52;100529; 6;w;12; 3344;-; 2413;-;   58;-;   53;-; 3246;-; 3083;-;  141;-;   22;-;   28;-;    2;-;   27;-;   29;-;   26;-;   12;-; 2334;-; 2151;-;  155;-;   28;-;   16;-;    6;-;   25;-;   22;-;   19;-;   10;-
4607;5027;05;A;  52;100529; 6;w;13; 3276;-; 2893;-;   50;-;   44;-; 3196;-; 3043;-;  133;-;   20;-;   14;-;    5;-;   25;-;   20;-;   19;-;   16;-; 2817;-; 2642;-;  160;-;   15;-;   21;-;    4;-;   26;-;   14;-;   10;-;   11;-
4607;5027;05;A;  52;100529; 6;w;14; 3014;-; 3166;-;   41;-;   43;-; 2937;-; 2795;-;  109;-;   33;-;   15;-;    2;-;   23;-;   16;-;   14;-;   21;-; 3078;-; 2900;-;  158;-;   20;-;   27;-;    1;-;   25;-;   17;-;   16;-;   18;-
4607;5027;05;A;  52;100529; 6;w;15; 2988;-; 3270;-;   45;-;   37;-; 2885;-; 2746;-;  105;-;   34;-;   26;-;    2;-;   20;-;   23;-;   20;-;   32;-; 3200;-; 3032;-;  138;-;   30;-;   24;-;    5;-;   16;-;   16;-;   13;-;    9;-
4607;5027;05;A;  52;100529; 6;w;16; 2686;-; 3053;-;   25;-;   36;-; 2625;-; 2473;-;  113;-;   39;-;   15;-;    0;-;   16;-;    9;-;    8;-;   21;-; 2981;-; 2827;-;  132;-;   22;-;   24;-;    3;-;   18;-;   15;-;   13;-;   12;-
4607;5027;05;A;  52;100529; 6;w;17; 2423;-; 2872;-;   23;-;   30;-; 2356;-; 2217;-;  109;-;   30;-;   21;-;    3;-;   12;-;    8;-;    8;-;   23;-; 2816;-; 2655;-;  135;-;   26;-;   12;-;    6;-;   12;-;   12;-;    8;-;   14;-
4607;5027;05;A;  52;100529; 6;w;18; 2889;-; 2744;-;   31;-;   36;-; 2833;-; 2713;-;   95;-;   25;-;   11;-;   12;-;    8;-;   11;-;   11;-;   14;-; 2672;-; 2502;-;  142;-;   28;-;   21;-;    7;-;   19;-;   10;-;    7;-;   15;-
4607;5027;05;A;  52;100529; 6;w;19; 2670;-; 2647;-;   15;-;   26;-; 2633;-; 2506;-;  100;-;   27;-;    9;-;    9;-;    3;-;    3;-;    3;-;   13;-; 2590;-; 2445;-;  132;-;   13;-;   13;-;    8;-;   15;-;    3;-;    3;-;   18;-
4607;5027;05;A;  52;100529; 6;w;20; 2210;-; 2439;-;   19;-;   15;-; 2162;-; 2046;-;  101;-;   15;-;    9;-;    6;-;    9;-;    4;-;    4;-;   20;-; 2405;-; 2277;-;  115;-;   13;-;   11;-;    4;-;    8;-;    3;-;    3;-;    8;-
4607;5027;05;A;  52;100529; 6;w;21; 1843;-; 1960;-;   20;-;   23;-; 1805;-; 1719;-;   72;-;   14;-;    5;-;    4;-;   10;-;    6;-;    4;-;   13;-; 1911;-; 1812;-;   82;-;   17;-;   12;-;    5;-;   15;-;    3;-;    3;-;   14;-
4607;5027;05;A;  52;100529; 6;w;22; 1459;-; 1395;-;   22;-;   15;-; 1426;-; 1372;-;   47;-;    7;-;    2;-;    3;-;   12;-;    7;-;    5;-;    9;-; 1372;-; 1289;-;   67;-;   16;-;    4;-;    4;-;   10;-;    1;-;    1;-;    4;-
4607;5027;05;A;  52;100529; 6;w;23; 1220;-; 1194;-;   15;-;   11;-; 1197;-; 1145;-;   47;-;    5;-;    2;-;    2;-;   11;-;    2;-;    2;-;    6;-; 1178;-; 1122;-;   49;-;    7;-;    4;-;    4;-;    4;-;    3;-;    2;-;    1;-
4607;5027;05;A;  52;100529; 6;w;24;  920;-; 1410;-;    6;-;    7;-;  906;-;  859;-;   44;-;    3;-;    3;-;    1;-;    4;-;    1;-;    1;-;    5;-; 1395;-; 1333;-;   55;-;    7;-;    2;-;    1;-;    6;-;    0;-;    0;-;    6;-
4607;5027;05;A;  52;100530; 7;s;01;  847;-; 2325;-;    6;-;    7;-;  830;-;  806;-;   23;-;    1;-;    4;-;    0;-;    4;-;    2;-;    2;-;    7;-; 2310;-; 2252;-;   49;-;    9;-;    4;-;    2;-;    4;-;    1;-;    0;-;    4;-
4607;5027;05;A;  52;100530; 7;s;02;  746;-; 1028;-;   11;-;    6;-;  732;-;  705;-;   24;-;    3;-;    0;-;    0;-;    9;-;    2;-;    1;-;    3;-; 1018;-;  985;-;   29;-;    4;-;    3;-;    1;-;    4;-;    1;-;    1;-;    1;-
4607;5027;05;A;  52;100530; 7;s;03;  412;-;  447;-;   10;-;    5;-;  398;-;  377;-;   21;-;    0;-;    0;-;    3;-;    5;-;    2;-;    1;-;    4;-;  440;-;  426;-;   13;-;    1;-;    1;-;    3;-;    2;-;    0;-;    0;-;    1;-
4607;5027;05;A;  52;100530; 7;s;04;  567;-;  388;-;    5;-;    6;-;  559;-;  521;-;   36;-;    2;-;    2;-;    1;-;    4;-;    0;-;    0;-;    1;-;  379;-;  358;-;   20;-;    1;-;    2;-;    1;-;    4;-;    1;-;    1;-;    1;-
4607;5027;05;A;  52;100530; 7;s;05;  660;-;  580;-;    9;-;    5;-;  646;-;  605;-;   40;-;    1;-;    2;-;    1;-;    6;-;    2;-;    1;-;    3;-;  572;-;  541;-;   30;-;    1;-;    2;-;    1;-;    4;-;    0;-;    0;-;    1;-
4607;5027;05;A;  52;100530; 7;s;06;  781;-;  503;-;   14;-;    3;-;  757;-;  707;-;   49;-;    1;-;    3;-;    3;-;    6;-;    5;-;    4;-;    7;-;  498;-;  450;-;   48;-;    0;-;    2;-;    3;-;    0;-;    0;-;    0;-;    0;-
4607;5027;05;A;  52;100530; 7;s;07;  664;-;  545;-;   13;-;    6;-;  632;-;  577;-;   54;-;    1;-;   17;-;    3;-;    6;-;    4;-;    4;-;    2;-;  529;-;  481;-;   45;-;    3;-;    6;-;    1;-;    5;-;    0;-;    0;-;    4;-
4607;5027;05;A;  52;100530; 7;s;08;  739;-;  667;-;   22;-;   11;-;  698;-;  627;-;   67;-;    4;-;   16;-;    7;-;   11;-;    4;-;    3;-;    3;-;  649;-;  592;-;   57;-;    0;-;    4;-;    7;-;    3;-;    1;-;    1;-;    3;-
4607;5027;05;A;  52;100530; 7;s;09;  994;-;  926;-;   20;-;   15;-;  952;-;  873;-;   74;-;    5;-;   19;-;    4;-;   10;-;    6;-;    5;-;    3;-;  906;-;  853;-;   49;-;    4;-;    3;-;    5;-;    7;-;    3;-;    2;-;    2;-
4607;5027;05;A;  52;100530; 7;s;10; 1281;-; 1257;-;   24;-;   24;-; 1231;-; 1139;-;   90;-;    2;-;   19;-;    7;-;    9;-;    8;-;    6;-;    7;-; 1220;-; 1137;-;   78;-;    5;-;    8;-;    9;-;   11;-;    4;-;    4;-;    5;-
4607;5027;05;A;  52;100530; 7;s;11; 1621;-; 1558;-;   26;-;   19;-; 1574;-; 1509;-;   59;-;    6;-;    6;-;    4;-;   18;-;    4;-;    3;-;   15;-; 1527;-; 1452;-;   65;-;   10;-;    9;-;    5;-;   11;-;    3;-;    3;-;    3;-
4607;5027;05;A;  52;100530; 7;s;12; 1833;-; 1812;-;   17;-;   17;-; 1802;-; 1726;-;   71;-;    5;-;    4;-;    4;-;    8;-;    5;-;    4;-;   10;-; 1788;-; 1689;-;   84;-;   15;-;    4;-;    3;-;   10;-;    4;-;    4;-;    3;-
4607;5027;05;A;  52;100530; 7;s;13; 2121;-; 2179;-;   18;-;   20;-; 2066;-; 1973;-;   86;-;    7;-;   11;-;    4;-;   10;-;    4;-;    3;-;   26;-; 2140;-; 2029;-;   87;-;   24;-;   11;-;    4;-;    8;-;    8;-;    5;-;    8;-
4607;5027;05;A;  52;100530; 7;s;14; 2357;-; 2306;-;   15;-;   14;-; 2321;-; 2217;-;   97;-;    7;-;   11;-;    3;-;    8;-;    4;-;    2;-;   10;-; 2277;-; 2170;-;   97;-;   10;-;    8;-;    4;-;   10;-;    0;-;    0;-;    7;-
4607;5027;05;A;  52;100530; 7;s;15; 2281;-; 2632;-;   14;-;   22;-; 2248;-; 2166;-;   73;-;    9;-;    6;-;    6;-;    5;-;    3;-;    3;-;   13;-; 2583;-; 2506;-;   67;-;   10;-;   11;-;    3;-;   15;-;    4;-;    4;-;   16;-
4607;5027;05;A;  52;100530; 7;s;16; 2204;-; 2527;-;   14;-;    9;-; 2166;-; 2082;-;   82;-;    2;-;    9;-;    3;-;    7;-;    4;-;    4;-;   15;-; 2495;-; 2375;-;  108;-;   12;-;   14;-;    1;-;    5;-;    3;-;    3;-;    9;-
4607;5027;05;A;  52;100530; 7;s;17; 2307;-; 2288;-;   20;-;   21;-; 2265;-; 2189;-;   67;-;    9;-;   12;-;    3;-;   13;-;    4;-;    3;-;   10;-; 2245;-; 2155;-;   88;-;    2;-;   20;-;    4;-;   11;-;    6;-;    6;-;    2;-
4607;5027;05;A;  52;100530; 7;s;18; 2421;-; 2223;-;   32;-;   21;-; 2366;-; 2278;-;   75;-;   13;-;   11;-;    2;-;   18;-;   12;-;   12;-;   12;-; 2164;-; 2063;-;   97;-;    4;-;   29;-;    7;-;    7;-;    7;-;    3;-;    9;-
4607;5027;05;A;  52;100530; 7;s;19; 2217;-; 2137;-;   24;-;   33;-; 2171;-; 2057;-;  100;-;   14;-;    7;-;    9;-;    9;-;    6;-;    4;-;   15;-; 2076;-; 1946;-;  126;-;    4;-;   24;-;    5;-;   19;-;    9;-;    9;-;    4;-
4607;5027;05;A;  52;100530; 7;s;20; 1925;-; 2005;-;   14;-;   31;-; 1888;-; 1825;-;   60;-;    3;-;    5;-;    4;-;    3;-;    7;-;    3;-;   18;-; 1936;-; 1857;-;   76;-;    3;-;   34;-;    8;-;   15;-;    8;-;    5;-;    4;-
4607;5027;05;A;  52;100530; 7;s;21; 1645;-; 1521;-;   27;-;   17;-; 1608;-; 1535;-;   72;-;    1;-;    4;-;    7;-;   10;-;   10;-;    7;-;    6;-; 1491;-; 1417;-;   72;-;    2;-;    9;-;    5;-;    7;-;    5;-;    5;-;    4;-
4607;5027;05;A;  52;100530; 7;s;22; 1364;-; 1099;-;   20;-;   26;-; 1331;-; 1257;-;   70;-;    4;-;    5;-;    4;-;    5;-;   11;-;   11;-;    8;-; 1052;-;  986;-;   66;-;    0;-;   15;-;    5;-;    8;-;   13;-;    8;-;    6;-
4607;5027;05;A;  52;100530; 7;s;23;  980;-;  887;-;   27;-;   29;-;  946;-;  880;-;   62;-;    4;-;    1;-;    1;-;    5;-;   21;-;   19;-;    6;-;  853;-;  813;-;   38;-;    2;-;    5;-;    0;-;    7;-;   22;-;   17;-;    0;-
4607;5027;05;A;  52;100530; 7;s;24;  661;-;  854;-;   41;-;   41;-;  614;-;  566;-;   46;-;    2;-;    2;-;    2;-;    8;-;   31;-;   21;-;    4;-;  808;-;  752;-;   56;-;    0;-;    1;-;    3;-;    9;-;   29;-;   26;-;    4;-
4607;5027;05;A;  52;100531; 1;w;01;  295;-;  564;-;   31;-;   33;-;  261;-;  233;-;   28;-;    0;-;    1;-;    1;-;   12;-;   18;-;   15;-;    2;-;  530;-;  494;-;   36;-;    0;-;    1;-;    5;-;    6;-;   22;-;   16;-;    0;-
4607;5027;05;A;  52;100531; 1;w;02;  186;-;  207;-;   37;-;   32;-;  143;-;  120;-;   23;-;    0;-;    3;-;    1;-;   10;-;   26;-;   20;-;    3;-;  173;-;  156;-;   17;-;    0;-;    0;-;    2;-;    3;-;   27;-;   18;-;    2;-
4607;5027;05;A;  52;100531; 1;w;03;  137;-;  112;-;   33;-;   31;-;  103;-;   88;-;   14;-;    1;-;    0;-;    0;-;    5;-;   28;-;   21;-;    1;-;   80;-;   60;-;   20;-;    0;-;    1;-;    0;-;    7;-;   24;-;   20;-;    0;-
4607;5027;05;A;  52;100531; 1;w;04;  454;-;  200;-;   61;-;   48;-;  389;-;  346;-;   43;-;    0;-;    2;-;    4;-;   21;-;   36;-;   29;-;    2;-;  152;-;  121;-;   30;-;    1;-;    0;-;    2;-;   22;-;   24;-;   18;-;    0;-
4607;5027;05;A;  52;100531; 1;w;05;  942;-;  437;-;  116;-;   85;-;  819;-;  779;-;   33;-;    7;-;    2;-;    7;-;   41;-;   68;-;   57;-;    5;-;  349;-;  310;-;   39;-;    0;-;    2;-;    3;-;   32;-;   50;-;   41;-;    1;-
4607;5027;05;A;  52;100531; 1;w;06; 2764;-;  859;-;  211;-;  118;-; 2540;-; 2406;-;  125;-;    9;-;    3;-;    5;-;   85;-;  121;-;   99;-;   10;-;  737;-;  676;-;   58;-;    3;-;    3;-;    0;-;   43;-;   75;-;   61;-;    1;-
4607;5027;05;A;  52;100531; 1;w;07; 5208;-; 2073;-;  245;-;  182;-; 4916;-; 4643;-;  262;-;   11;-;   15;-;    6;-;   89;-;  150;-;  118;-;   32;-; 1877;-; 1740;-;  135;-;    2;-;    7;-;    5;-;   77;-;  100;-;   73;-;    7;-
4607;5027;05;A;  52;100531; 1;w;08; 6465;-; 3466;-;  266;-;  196;-; 6123;-; 5870;-;  234;-;   19;-;   30;-;   11;-;  118;-;  137;-;  102;-;   46;-; 3244;-; 3034;-;  201;-;    9;-;   10;-;    3;-;   99;-;   94;-;   74;-;   16;-
4607;5027;05;A;  52;100531; 1;w;09; 6046;-; 3948;-;  255;-;  233;-; 5718;-; 5502;-;  202;-;   14;-;   26;-;   10;-;   93;-;  152;-;  123;-;   47;-; 3682;-; 3461;-;  215;-;    6;-;   17;-;   11;-;  103;-;  119;-;   84;-;   16;-
4607;5027;05;A;  52;100531; 1;w;10; 4163;-; 2810;-;  262;-;  297;-; 3859;-; 3673;-;  178;-;    8;-;   22;-;    8;-;  100;-;  154;-;  108;-;   20;-; 2488;-; 2261;-;  221;-;    6;-;   15;-;    8;-;  127;-;  162;-;  127;-;   10;-
4607;5027;05;A;  52;100531; 1;w;11; 3229;-; 2407;-;  280;-;  230;-; 2913;-; 2728;-;  182;-;    3;-;   20;-;    6;-;  113;-;  161;-;  125;-;   16;-; 2159;-; 1935;-;  223;-;    1;-;    9;-;   11;-;   83;-;  136;-;  107;-;    9;-
4607;5027;05;A;  52;100531; 1;w;12; 2990;-; 2685;-;  287;-;  260;-; 2670;-; 2487;-;  176;-;    7;-;    6;-;    5;-;  115;-;  167;-;  122;-;   27;-; 2400;-; 2197;-;  202;-;    1;-;   18;-;    3;-;   89;-;  168;-;  128;-;    7;-
4607;5027;05;A;  52;100531; 1;w;13; 3062;-; 3081;-;  233;-;  301;-; 2779;-; 2560;-;  212;-;    7;-;   21;-;    3;-;  102;-;  128;-;  101;-;   29;-; 2758;-; 2550;-;  199;-;    9;-;   13;-;    3;-;  126;-;  172;-;  134;-;    9;-
4607;5027;05;A;  52;100531; 1;w;14; 3034;-; 3439;-;  270;-;  233;-; 2744;-; 2556;-;  179;-;    9;-;    7;-;    9;-;  108;-;  153;-;  119;-;   13;-; 3174;-; 2972;-;  200;-;    2;-;   19;-;    6;-;   95;-;  132;-;  103;-;   13;-
4607;5027;05;A;  52;100531; 1;w;15; 2770;-; 3917;-;  218;-;  268;-; 2519;-; 2319;-;  190;-;   10;-;   16;-;    4;-;   71;-;  143;-;  113;-;   17;-; 3614;-; 3340;-;  262;-;   12;-;   23;-;    6;-;  120;-;  142;-;  106;-;   12;-
4607;5027;05;A;  52;100531; 1;w;16; 2811;-; 4668;-;  207;-;  231;-; 2564;-; 2384;-;  176;-;    4;-;   21;-;    2;-;   84;-;  121;-;   94;-;   19;-; 4404;-; 4151;-;  246;-;    7;-;   19;-;    7;-;   83;-;  141;-;  102;-;   14;-
4607;5027;05;A;  52;100531; 1;w;17; 3318;-; 5229;-;  152;-;  175;-; 3133;-; 2952;-;  173;-;    8;-;   20;-;    3;-;   59;-;   90;-;   69;-;   13;-; 5023;-; 4808;-;  201;-;   14;-;   22;-;    5;-;   54;-;  116;-;   88;-;    9;-
4607;5027;05;A;  52;100531; 1;w;18; 3494;-; 5634;-;  114;-;  158;-; 3359;-; 3213;-;  141;-;    5;-;   10;-;    5;-;   38;-;   71;-;   57;-;   11;-; 5437;-; 5258;-;  169;-;   10;-;   21;-;    7;-;   53;-;   98;-;   83;-;   18;-
4607;5027;05;A;  52;100531; 1;w;19; 3234;-; 5045;-;  102;-;  102;-; 3106;-; 2972;-;  132;-;    2;-;    8;-;    4;-;   18;-;   80;-;   66;-;   18;-; 4919;-; 4761;-;  156;-;    2;-;   11;-;    5;-;   27;-;   70;-;   48;-;   13;-
4607;5027;05;A;  52;100531; 1;w;20; 2301;-; 3110;-;   75;-;   82;-; 2199;-; 2064;-;  128;-;    7;-;    7;-;    1;-;   16;-;   58;-;   41;-;   20;-; 3008;-; 2834;-;  168;-;    6;-;    7;-;    2;-;   17;-;   63;-;   49;-;   13;-
4607;5027;05;A;  52;100531; 1;w;21; 1576;-; 1995;-;   63;-;   67;-; 1494;-; 1375;-;  109;-;   10;-;    5;-;    3;-;   13;-;   47;-;   32;-;   14;-; 1913;-; 1778;-;  131;-;    4;-;    6;-;    5;-;   17;-;   45;-;   25;-;    9;-
4607;5027;05;A;  52;100531; 1;w;22; 1294;-; 1582;-;   64;-;   54;-; 1217;-; 1139;-;   75;-;    3;-;    3;-;    3;-;   23;-;   38;-;   27;-;   10;-; 1516;-; 1423;-;   83;-;   10;-;    4;-;    1;-;    9;-;   44;-;   31;-;    8;-
4607;5027;05;A;  52;100531; 1;w;23;  936;-; 1294;-;   52;-;   55;-;  875;-;  827;-;   48;-;    0;-;    5;-;    2;-;   10;-;   40;-;   34;-;    4;-; 1233;-; 1168;-;   62;-;    3;-;    1;-;    1;-;   15;-;   39;-;   28;-;    5;-
4607;5027;05;A;  52;100531; 1;w;24;  695;-;  979;-;   44;-;   54;-;  646;-;  595;-;   50;-;    1;-;    1;-;    1;-;   13;-;   30;-;   24;-;    4;-;  920;-;  858;-;   61;-;    1;-;    4;-;    3;-;    9;-;   42;-;   25;-;    1;-
4607;5027;05;A;  52;100601; 2;w;01;  341;-;  534;-;   40;-;   37;-;  296;-;  258;-;   37;-;    1;-;    0;-;    0;-;    6;-;   34;-;   22;-;    5;-;  490;-;  456;-;   32;-;    2;-;    5;-;    2;-;    8;-;   27;-;   21;-;    2;-
4607;5027;05;A;  52;100601; 2;w;02;  157;-;  164;-;   39;-;   27;-;  116;-;   98;-;   18;-;    0;-;    1;-;    1;-;    8;-;   30;-;   22;-;    1;-;  137;-;  118;-;   19;-;    0;-;    0;-;    1;-;    5;-;   21;-;   14;-;    0;-
4607;5027;05;A;  52;100601; 2;w;03;  140;-;  130;-;   39;-;   57;-;   98;-;   82;-;   16;-;    0;-;    1;-;    0;-;   13;-;   26;-;   15;-;    2;-;   73;-;   49;-;   24;-;    0;-;    0;-;    0;-;   11;-;   46;-;   31;-;    0;-
4607;5027;05;A;  52;100601; 2;w;04;  518;-;  251;-;   68;-;   64;-;  446;-;  395;-;   50;-;    1;-;    3;-;    2;-;   22;-;   44;-;   31;-;    1;-;  184;-;  143;-;   40;-;    1;-;    2;-;    2;-;   20;-;   42;-;   22;-;    1;-
4607;5027;05;A;  52;100601; 2;w;05;  945;-;  430;-;  120;-;   87;-;  816;-;  758;-;   51;-;    7;-;    3;-;    6;-;   36;-;   78;-;   53;-;    6;-;  342;-;  296;-;   46;-;    0;-;    1;-;    3;-;   34;-;   50;-;   33;-;    0;-
4607;5027;05;A;  52;100601; 2;w;06; 2616;-;  854;-;  188;-;  135;-; 2408;-; 2282;-;  111;-;   15;-;    8;-;    3;-;   71;-;  114;-;   86;-;   12;-;  713;-;  621;-;   88;-;    4;-;    2;-;    0;-;   47;-;   88;-;   68;-;    4;-
4607;5027;05;A;  52;100601; 2;w;07; 5343;-; 2001;-;  248;-;  172;-; 5033;-; 4739;-;  267;-;   27;-;   14;-;    4;-;   97;-;  147;-;   98;-;   48;-; 1808;-; 1633;-;  173;-;    2;-;   10;-;    3;-;   67;-;  102;-;   82;-;   11;-
4607;5027;05;A;  52;100601; 2;w;08; 7105;-; 3422;-;  295;-;  187;-; 6749;-; 6508;-;  219;-;   22;-;   36;-;    9;-;  114;-;  172;-;  131;-;   25;-; 3211;-; 2992;-;  209;-;   10;-;    9;-;    9;-;   92;-;   86;-;   67;-;   15;-
4607;5027;05;A;  52;100601; 2;w;09; 6483;-; 3942;-;  280;-;  227;-; 6154;-; 5986;-;  156;-;   12;-;   24;-;    9;-;  124;-;  147;-;  115;-;   25;-; 3692;-; 3481;-;  200;-;   11;-;    6;-;    6;-;   98;-;  123;-;   89;-;   17;-
4607;5027;05;A;  52;100601; 2;w;10; 4730;-; 2929;-;  302;-;  252;-; 4381;-; 4154;-;  217;-;   10;-;   21;-;   13;-;  113;-;  176;-;  132;-;   26;-; 2651;-; 2424;-;  218;-;    9;-;   18;-;   10;-;  106;-;  136;-;  110;-;    8;-
4607;5027;05;A;  52;100601; 2;w;11; 3528;-; 2540;-;  343;-;  269;-; 3147;-; 2923;-;  218;-;    6;-;   22;-;    9;-;  122;-;  212;-;  161;-;   16;-; 2243;-; 2002;-;  238;-;    3;-;    7;-;    9;-;  107;-;  153;-;  118;-;   21;-
4607;5027;05;A;  52;100601; 2;w;12; 2879;-; 2607;-;  235;-;  273;-; 2612;-; 2387;-;  219;-;    6;-;   20;-;    4;-;   77;-;  154;-;  119;-;   12;-; 2309;-; 2042;-;  264;-;    3;-;   16;-;    5;-;  101;-;  167;-;  134;-;    9;-
4607;5027;05;A;  52;100601; 2;w;13; 3062;-; 2916;-;  274;-;  243;-; 2758;-; 2560;-;  186;-;   12;-;    9;-;    3;-;   82;-;  189;-;  141;-;   21;-; 2644;-; 2395;-;  244;-;    5;-;   17;-;    7;-;   87;-;  149;-;  116;-;   12;-
4607;5027;05;A;  52;100601; 2;w;14; 3222;-; 3249;-;  284;-;  253;-; 2912;-; 2710;-;  187;-;   15;-;   12;-;    4;-;  107;-;  173;-;  136;-;   14;-; 2964;-; 2715;-;  239;-;   10;-;   14;-;    5;-;   97;-;  151;-;  120;-;   18;-
4607;5027;05;A;  52;100601; 2;w;15; 2939;-; 4108;-;  257;-;  271;-; 2649;-; 2446;-;  196;-;    7;-;   19;-;    6;-;   94;-;  157;-;  123;-;   14;-; 3807;-; 3515;-;  279;-;   13;-;   21;-;    8;-;   96;-;  167;-;  129;-;    9;-
4607;5027;05;A;  52;100601; 2;w;16; 3037;-; 5043;-;  235;-;  239;-; 2772;-; 2565;-;  200;-;    7;-;   12;-;    1;-;  101;-;  133;-;  102;-;   18;-; 4760;-; 4474;-;  271;-;   15;-;   26;-;    7;-;  100;-;  132;-;  102;-;   18;-
4607;5027;05;A;  52;100601; 2;w;17; 3371;-; 5550;-;  202;-;  204;-; 3111;-; 2907;-;  193;-;   11;-;   26;-;    6;-;   79;-;  117;-;   92;-;   32;-; 5314;-; 4998;-;  293;-;   23;-;   22;-;   10;-;   67;-;  127;-;   97;-;   10;-
4607;5027;05;A;  52;100601; 2;w;18; 3536;-; 5851;-;  137;-;  144;-; 3366;-; 3190;-;  161;-;   15;-;   14;-;    5;-;   40;-;   92;-;   68;-;   19;-; 5674;-; 5465;-;  189;-;   20;-;   15;-;    7;-;   49;-;   88;-;   65;-;   18;-
4607;5027;05;A;  52;100601; 2;w;19; 3404;-; 5217;-;  117;-;  108;-; 3245;-; 3088;-;  144;-;   13;-;    6;-;   12;-;   24;-;   81;-;   60;-;   36;-; 5089;-; 4906;-;  167;-;   16;-;   10;-;    7;-;   31;-;   70;-;   48;-;   10;-
4607;5027;05;A;  52;100601; 2;w;20; 2504;-; 3346;-;   78;-;   82;-; 2404;-; 2257;-;  133;-;   14;-;    7;-;    2;-;   14;-;   62;-;   48;-;   15;-; 3243;-; 3051;-;  183;-;    9;-;    9;-;    3;-;   21;-;   58;-;   43;-;   12;-
4607;5027;05;A;  52;100601; 2;w;21; 1666;-; 2188;-;   66;-;   72;-; 1579;-; 1472;-;   99;-;    8;-;    2;-;    6;-;   13;-;   47;-;   32;-;   19;-; 2101;-; 1946;-;  146;-;    9;-;    6;-;    5;-;   17;-;   50;-;   34;-;    9;-
4607;5027;05;A;  52;100601; 2;w;22; 1349;-; 1790;-;   58;-;   51;-; 1284;-; 1174;-;  102;-;    8;-;    1;-;    1;-;    9;-;   48;-;   35;-;    6;-; 1715;-; 1596;-;   99;-;   20;-;    8;-;    1;-;   10;-;   40;-;   27;-;   16;-
4607;5027;05;A;  52;100601; 2;w;23; 1085;-; 1441;-;   61;-;   50;-; 1013;-;  943;-;   63;-;    7;-;    1;-;    2;-;   15;-;   44;-;   32;-;   10;-; 1381;-; 1308;-;   67;-;    6;-;    5;-;    0;-;    9;-;   41;-;   32;-;    5;-
4607;5027;05;A;  52;100601; 2;w;24;  671;-; 1173;-;   47;-;   50;-;  613;-;  560;-;   50;-;    3;-;    2;-;    2;-;   11;-;   34;-;   27;-;    9;-; 1118;-; 1050;-;   64;-;    4;-;    1;-;    3;-;    6;-;   41;-;   24;-;    4;-
4607;5027;05;A;  52;100602; 3;w;01;  395;-;  447;-;   51;-;   51;-;  341;-;  295;-;   46;-;    0;-;    0;-;    2;-;   12;-;   37;-;   26;-;    3;-;  395;-;  359;-;   34;-;    2;-;    0;-;    2;-;    7;-;   42;-;   34;-;    1;-
4607;5027;05;A;  52;100602; 3;w;02;  182;-;  210;-;   41;-;   35;-;  139;-;  117;-;   21;-;    1;-;    2;-;    2;-;    8;-;   31;-;   22;-;    0;-;  174;-;  148;-;   26;-;    0;-;    0;-;    0;-;    8;-;   27;-;   19;-;    1;-
4607;5027;05;A;  52;100602; 3;w;03;  157;-;  165;-;   42;-;   51;-;  114;-;   98;-;   16;-;    0;-;    0;-;    1;-;   10;-;   31;-;   23;-;    1;-;  113;-;   86;-;   26;-;    1;-;    1;-;    2;-;   11;-;   38;-;   25;-;    0;-
4607;5027;05;A;  52;100602; 3;w;04;  523;-;  253;-;   77;-;   56;-;  439;-;  395;-;   42;-;    2;-;    3;-;    4;-;   23;-;   50;-;   33;-;    4;-;  195;-;  148;-;   46;-;    1;-;    0;-;    3;-;   23;-;   30;-;   20;-;    2;-
4607;5027;05;A;  52;100602; 3;w;05;  893;-;  493;-;  108;-;  101;-;  777;-;  715;-;   54;-;    8;-;    2;-;    7;-;   35;-;   66;-;   47;-;    6;-;  389;-;  337;-;   52;-;    0;-;    1;-;    2;-;   40;-;   59;-;   42;-;    2;-
4607;5027;05;A;  52;100602; 3;w;06; 2526;-;  868;-;  208;-;  135;-; 2294;-; 2149;-;  124;-;   21;-;    7;-;    3;-;   80;-;  125;-;   96;-;   17;-;  721;-;  633;-;   82;-;    6;-;    5;-;    1;-;   46;-;   88;-;   64;-;    7;-
4607;5027;05;A;  52;100602; 3;w;07; 5246;-; 1970;-;  243;-;  172;-; 4953;-; 4638;-;  279;-;   36;-;   23;-;    8;-;  105;-;  130;-;   91;-;   27;-; 1781;-; 1612;-;  163;-;    6;-;    6;-;    4;-;   78;-;   90;-;   63;-;   11;-
4607;5027;05;A;  52;100602; 3;w;08; 6353;-; 3452;-;  274;-;  201;-; 6004;-; 5742;-;  239;-;   23;-;   33;-;   12;-;  100;-;  162;-;  118;-;   42;-; 3229;-; 3011;-;  205;-;   13;-;    7;-;    8;-;   86;-;  107;-;   83;-;   15;-
4607;5027;05;A;  52;100602; 3;w;09; 5733;-; 3853;-;  244;-;  260;-; 5422;-; 5183;-;  210;-;   29;-;   29;-;    7;-;  114;-;  123;-;   93;-;   38;-; 3566;-; 3336;-;  219;-;   11;-;   16;-;    7;-;  107;-;  146;-;  105;-;   11;-
4607;5027;05;A;  52;100602; 3;w;10; 4187;-; 2956;-;  269;-;  282;-; 3890;-; 3681;-;  196;-;   13;-;   15;-;    8;-;  102;-;  159;-;  117;-;   13;-; 2640;-; 2408;-;  221;-;   11;-;   22;-;    8;-;  118;-;  156;-;  115;-;   12;-
4607;5027;05;A;  52;100602; 3;w;11; 3257;-; 2711;-;  297;-;  270;-; 2918;-; 2690;-;  213;-;   15;-;   17;-;    9;-;  120;-;  168;-;  126;-;   25;-; 2401;-; 2155;-;  236;-;   10;-;   22;-;    4;-;  100;-;  166;-;  124;-;   18;-
4607;5027;05;A;  52;100602; 3;w;12; 2979;-; 2775;-;  245;-;  257;-; 2691;-; 2456;-;  222;-;   13;-;   19;-;    4;-;   93;-;  148;-;  123;-;   24;-; 2490;-; 2251;-;  227;-;   12;-;   15;-;    6;-;   99;-;  152;-;  120;-;   13;-
4607;5027;05;A;  52;100602; 3;w;13; 3243;-; 3392;-;  222;-;  301;-; 2979;-; 2713;-;  238;-;   28;-;   17;-;    7;-;   85;-;  130;-;  103;-;   25;-; 3057;-; 2792;-;  253;-;   12;-;   20;-;   10;-;  117;-;  174;-;  127;-;   14;-
4607;5027;05;A;  52;100602; 3;w;14; 3111;-; 3902;-;  254;-;  281;-; 2811;-; 2581;-;  205;-;   25;-;   21;-;    8;-;  101;-;  145;-;  118;-;   25;-; 3592;-; 3321;-;  249;-;   22;-;   20;-;    6;-;  116;-;  159;-;  124;-;    9;-
4607;5027;05;A;  52;100602; 3;w;15; 3196;-; 4762;-;  237;-;  275;-; 2919;-; 2705;-;  187;-;   27;-;   21;-;    5;-;   92;-;  140;-;  105;-;   19;-; 4436;-; 4109;-;  298;-;   29;-;   34;-;   10;-;  111;-;  154;-;  118;-;   17;-
4607;5027;05;A;  52;100602; 3;w;16; 3300;-; 5176;-;  223;-;  248;-; 3043;-; 2829;-;  198;-;   16;-;   16;-;    4;-;   95;-;  124;-;   94;-;   18;-; 4878;-; 4561;-;  282;-;   35;-;   36;-;    5;-;  101;-;  142;-;  100;-;   14;-
4607;5027;05;A;  52;100602; 3;w;17; 3542;-; 5782;-;  148;-;  210;-; 3357;-; 3134;-;  207;-;   16;-;   14;-;   10;-;   49;-;   89;-;   74;-;   23;-; 5518;-; 5228;-;  261;-;   29;-;   39;-;   11;-;   66;-;  133;-;  102;-;   15;-
4607;5027;05;A;  52;100602; 3;w;18; 3863;-; 5970;-;  166;-;  176;-; 3645;-; 3462;-;  159;-;   24;-;   15;-;    7;-;   52;-;  107;-;   85;-;   37;-; 5765;-; 5543;-;  188;-;   34;-;   19;-;   10;-;   48;-;  118;-;   89;-;   10;-
4607;5027;05;A;  52;100602; 3;w;19; 3622;-; 5273;-;  112;-;  127;-; 3477;-; 3305;-;  145;-;   27;-;   10;-;    8;-;   27;-;   77;-;   57;-;   23;-; 5118;-; 4931;-;  160;-;   27;-;   14;-;    5;-;   37;-;   85;-;   65;-;   14;-
4607;5027;05;A;  52;100602; 3;w;20; 2653;-; 3724;-;   79;-;   85;-; 2547;-; 2353;-;  163;-;   31;-;    7;-;    4;-;   25;-;   50;-;   35;-;   20;-; 3606;-; 3388;-;  193;-;   25;-;   16;-;    4;-;   19;-;   62;-;   52;-;   17;-
4607;5027;05;A;  52;100602; 3;w;21; 1798;-; 2581;-;   50;-;   80;-; 1729;-; 1584;-;  112;-;   33;-;    4;-;    2;-;    8;-;   40;-;   32;-;   15;-; 2482;-; 2296;-;  171;-;   15;-;    9;-;    7;-;   19;-;   54;-;   38;-;   10;-
4607;5027;05;A;  52;100602; 3;w;22; 1458;-; 2048;-;   41;-;   49;-; 1395;-; 1279;-;  103;-;   13;-;    4;-;    5;-;    9;-;   27;-;   21;-;   18;-; 1991;-; 1866;-;  109;-;   16;-;    1;-;    2;-;    9;-;   38;-;   21;-;    7;-
4607;5027;05;A;  52;100602; 3;w;23; 1138;-; 1575;-;   20;-;   38;-; 1108;-; 1026;-;   78;-;    4;-;    1;-;    2;-;    5;-;   13;-;   10;-;    9;-; 1519;-; 1442;-;   65;-;   12;-;    6;-;    0;-;    6;-;   32;-;   26;-;   12;-
4607;5027;05;A;  52;100602; 3;w;24;  873;-; 1286;-;   22;-;   26;-;  844;-;  797;-;   45;-;    2;-;    1;-;    2;-;    8;-;   12;-;    8;-;    6;-; 1256;-; 1194;-;   61;-;    1;-;    1;-;    4;-;    4;-;   18;-;   11;-;    3;-
4607;5027;05;A;  52;100603; 4;s;01;  647;-;  747;-;   23;-;   21;-;  616;-;  574;-;   40;-;    2;-;    2;-;    1;-;    5;-;   17;-;    9;-;    6;-;  724;-;  687;-;   35;-;    2;-;    1;-;    4;-;    4;-;   13;-;    6;-;    1;-
4607;5027;05;A;  52;100603; 4;s;02;  360;-;  413;-;    9;-;   10;-;  350;-;  322;-;   28;-;    0;-;    1;-;    2;-;    2;-;    5;-;    3;-;    0;-;  400;-;  371;-;   28;-;    1;-;    1;-;    0;-;    1;-;    9;-;    9;-;    2;-
4607;5027;05;A;  52;100603; 4;s;03;  220;-;  307;-;   12;-;    9;-;  204;-;  189;-;   14;-;    1;-;    0;-;    0;-;    3;-;    9;-;    4;-;    4;-;  295;-;  277;-;   18;-;    0;-;    1;-;    0;-;    1;-;    8;-;    6;-;    2;-
4607;5027;05;A;  52;100603; 4;s;04;  461;-;  350;-;   13;-;   11;-;  447;-;  407;-;   39;-;    1;-;    0;-;    2;-;    3;-;    8;-;    3;-;    1;-;  338;-;  294;-;   44;-;    0;-;    0;-;    2;-;    4;-;    5;-;    3;-;    1;-
4607;5027;05;A;  52;100603; 4;s;05;  686;-;  530;-;   18;-;   20;-;  664;-;  600;-;   56;-;    8;-;    1;-;    5;-;    3;-;   10;-;    6;-;    3;-;  507;-;  439;-;   67;-;    1;-;    1;-;    5;-;    8;-;    7;-;    5;-;    2;-
4607;5027;05;A;  52;100603; 4;s;06;  951;-;  651;-;   17;-;   14;-;  928;-;  862;-;   61;-;    5;-;    2;-;    2;-;    7;-;    8;-;    7;-;    4;-;  633;-;  551;-;   78;-;    4;-;    3;-;    4;-;    7;-;    3;-;    3;-;    1;-
4607;5027;05;A;  52;100603; 4;s;07;  684;-;  757;-;   17;-;   15;-;  658;-;  573;-;   81;-;    4;-;    4;-;    2;-;   10;-;    5;-;    5;-;    5;-;  734;-;  672;-;   58;-;    4;-;    5;-;    4;-;    7;-;    4;-;    4;-;    3;-
4607;5027;05;A;  52;100603; 4;s;08;  861;-;  795;-;   29;-;   17;-;  816;-;  724;-;   87;-;    5;-;   10;-;    6;-;   10;-;   13;-;   12;-;    6;-;  771;-;  684;-;   82;-;    5;-;    6;-;    9;-;    4;-;    4;-;    3;-;    1;-
4607;5027;05;A;  52;100603; 4;s;09; 1176;-; 1265;-;   20;-;   25;-; 1144;-; 1034;-;  104;-;    6;-;    5;-;    6;-;    8;-;    6;-;    5;-;    7;-; 1228;-; 1114;-;  103;-;   11;-;    6;-;    6;-;   11;-;    8;-;    6;-;    6;-
4607;5027;05;A;  52;100603; 4;s;10; 1656;-; 1756;-;   17;-;   34;-; 1620;-; 1530;-;   70;-;   20;-;    8;-;    6;-;    3;-;    8;-;    6;-;   11;-; 1706;-; 1582;-;  101;-;   23;-;   10;-;   13;-;   10;-;   11;-;   11;-;    6;-
4607;5027;05;A;  52;100603; 4;s;11; 1828;-; 2016;-;   10;-;   23;-; 1797;-; 1684;-;   88;-;   25;-;   12;-;    5;-;    2;-;    3;-;    3;-;    9;-; 1975;-; 1822;-;  121;-;   32;-;   10;-;    7;-;    7;-;    9;-;    9;-;    8;-
4607;5027;05;A;  52;100603; 4;s;12; 2014;-; 2011;-;   23;-;   18;-; 1965;-; 1841;-;   92;-;   32;-;   11;-;    5;-;    7;-;   11;-;    9;-;   15;-; 1976;-; 1862;-;   90;-;   24;-;   14;-;    4;-;    5;-;    9;-;    9;-;    3;-
4607;5027;05;A;  52;100603; 4;s;13; 2346;-; 2231;-;   24;-;   16;-; 2304;-; 2165;-;   92;-;   47;-;    5;-;    3;-;    8;-;   13;-;   12;-;   13;-; 2196;-; 2073;-;   94;-;   29;-;   13;-;    4;-;    8;-;    4;-;    4;-;    6;-
4607;5027;05;A;  52;100603; 4;s;14; 2590;-; 2209;-;   26;-;   18;-; 2528;-; 2386;-;  100;-;   42;-;    9;-;    3;-;   10;-;   13;-;   10;-;   27;-; 2177;-; 2040;-;  106;-;   31;-;    8;-;    4;-;    9;-;    5;-;    5;-;    6;-
4607;5027;05;A;  52;100603; 4;s;15; 2388;-; 2373;-;    9;-;   25;-; 2341;-; 2180;-;   96;-;   65;-;    8;-;    2;-;    4;-;    3;-;    3;-;   30;-; 2327;-; 2200;-;   94;-;   33;-;    7;-;    5;-;    9;-;   11;-;    7;-;   14;-
4607;5027;05;A;  52;100603; 4;s;16; 2170;-; 2638;-;   24;-;    7;-; 2132;-; 2001;-;   92;-;   39;-;    3;-;    3;-;    5;-;   16;-;   15;-;   11;-; 2615;-; 2454;-;  104;-;   57;-;    7;-;    3;-;    3;-;    1;-;    1;-;    9;-
4607;5027;05;A;  52;100603; 4;s;17; 1969;-; 2166;-;   24;-;   16;-; 1921;-; 1772;-;  111;-;   38;-;    8;-;    8;-;    9;-;    7;-;    7;-;   16;-; 2135;-; 2009;-;   94;-;   32;-;    5;-;    4;-;    5;-;    7;-;    7;-;   10;-
4607;5027;05;A;  52;100603; 4;s;18; 2060;-; 2297;-;   24;-;   28;-; 2014;-; 1890;-;   88;-;   36;-;    4;-;    6;-;    6;-;   12;-;    9;-;   18;-; 2255;-; 2122;-;  101;-;   32;-;    6;-;    7;-;   12;-;    9;-;    5;-;    8;-
4607;5027;05;A;  52;100603; 4;s;19; 2036;-; 2070;-;   20;-;   20;-; 1994;-; 1873;-;  103;-;   18;-;    6;-;    4;-;    4;-;   12;-;   11;-;   16;-; 2031;-; 1910;-;   91;-;   30;-;    9;-;    5;-;    6;-;    9;-;    5;-;   10;-
4607;5027;05;A;  52;100603; 4;s;20; 1811;-; 1881;-;   29;-;   17;-; 1772;-; 1660;-;   86;-;   26;-;    2;-;    3;-;   10;-;   16;-;   14;-;    8;-; 1847;-; 1724;-;   94;-;   29;-;    8;-;    4;-;    5;-;    8;-;    8;-;    9;-
4607;5027;05;A;  52;100603; 4;s;21; 1373;-; 1523;-;   25;-;   20;-; 1340;-; 1260;-;   68;-;   12;-;    2;-;    4;-;    7;-;   14;-;   10;-;    6;-; 1490;-; 1381;-;   86;-;   23;-;    6;-;    4;-;    7;-;    9;-;    8;-;    7;-
4607;5027;05;A;  52;100603; 4;s;22; 1214;-; 1305;-;   19;-;   23;-; 1182;-; 1094;-;   74;-;   14;-;    1;-;    5;-;    5;-;    9;-;    7;-;   12;-; 1271;-; 1179;-;   66;-;   26;-;    4;-;    3;-;    9;-;   11;-;    8;-;    7;-
4607;5027;05;A;  52;100603; 4;s;23; 1037;-; 1202;-;   36;-;   36;-;  991;-;  925;-;   59;-;    7;-;    5;-;    3;-;    5;-;   28;-;   21;-;    5;-; 1158;-; 1095;-;   45;-;   18;-;    4;-;    1;-;    1;-;   34;-;   23;-;    4;-
4607;5027;05;A;  52;100603; 4;s;24;  703;-;  991;-;   51;-;   42;-;  648;-;  604;-;   41;-;    3;-;    3;-;    3;-;   12;-;   36;-;   26;-;    1;-;  945;-;  896;-;   45;-;    4;-;    0;-;    5;-;    9;-;   28;-;   25;-;    4;-
4607;5027;05;A;  52;100604; 5;w;01;  394;-;  566;-;   45;-;   45;-;  348;-;  309;-;   36;-;    3;-;    0;-;    1;-;   11;-;   33;-;   27;-;    1;-;  521;-;  481;-;   37;-;    3;-;    0;-;    3;-;   10;-;   32;-;   20;-;    0;-
4607;5027;05;A;  52;100604; 5;w;02;  181;-;  210;-;   39;-;   36;-;  139;-;  119;-;   20;-;    0;-;    1;-;    0;-;    7;-;   32;-;   21;-;    2;-;  173;-;  156;-;   16;-;    1;-;    1;-;    0;-;    9;-;   27;-;   20;-;    0;-
4607;5027;05;A;  52;100604; 5;w;03;  179;-;  157;-;   49;-;   30;-;  127;-;  111;-;   14;-;    2;-;    2;-;    0;-;   11;-;   38;-;   27;-;    1;-;  127;-;  107;-;   20;-;    0;-;    0;-;    1;-;   10;-;   19;-;   12;-;    0;-
4607;5027;05;A;  52;100604; 5;w;04;  448;-;  205;-;   73;-;   58;-;  370;-;  341;-;   29;-;    0;-;    3;-;    2;-;   26;-;   45;-;   31;-;    2;-;  147;-;  127;-;   19;-;    1;-;    0;-;    2;-;   27;-;   29;-;   22;-;    0;-
4607;5027;05;A;  52;100604; 5;w;05;  785;-;  423;-;  118;-;   83;-;  662;-;  601;-;   55;-;    6;-;    1;-;    9;-;   38;-;   71;-;   51;-;    4;-;  332;-;  293;-;   39;-;    0;-;    1;-;    1;-;   36;-;   46;-;   36;-;    7;-
4607;5027;05;A;  52;100604; 5;w;06; 1728;-;  696;-;  193;-;  133;-; 1523;-; 1401;-;  104;-;   18;-;    1;-;    4;-;   66;-;  123;-;   95;-;   11;-;  557;-;  480;-;   71;-;    6;-;    5;-;    4;-;   43;-;   86;-;   56;-;    1;-
4607;5027;05;A;  52;100604; 5;w;07; 3297;-; 1400;-;  256;-;  179;-; 3010;-; 2773;-;  200;-;   37;-;   10;-;    6;-;  103;-;  147;-;  110;-;   21;-; 1206;-; 1071;-;  126;-;    9;-;    6;-;    5;-;   68;-;  106;-;   79;-;    9;-
4607;5027;05;A;  52;100604; 5;w;08; 4281;-; 2276;-;  229;-;  213;-; 4005;-; 3781;-;  202;-;   22;-;   19;-;    8;-;   86;-;  135;-;  106;-;   28;-; 2039;-; 1855;-;  166;-;   18;-;   15;-;    4;-;   81;-;  128;-;   97;-;    9;-
4607;5027;05;A;  52;100604; 5;w;09; 3819;-; 2584;-;  230;-;  288;-; 3537;-; 3330;-;  175;-;   32;-;   25;-;   11;-;   80;-;  139;-;  108;-;   27;-; 2272;-; 2042;-;  194;-;   36;-;   17;-;   12;-;  123;-;  153;-;  124;-;    7;-
4607;5027;05;A;  52;100604; 5;w;10; 3411;-; 2475;-;  252;-;  277;-; 3113;-; 2924;-;  172;-;   17;-;   14;-;   12;-;   83;-;  157;-;  112;-;   32;-; 2175;-; 1953;-;  199;-;   23;-;   19;-;   10;-;  113;-;  154;-;  112;-;    4;-
4607;5027;05;A;  52;100604; 5;w;11; 3247;-; 2635;-;  245;-;  257;-; 2970;-; 2787;-;  162;-;   21;-;   16;-;    5;-;   83;-;  157;-;  126;-;   16;-; 2359;-; 2142;-;  200;-;   17;-;   13;-;   14;-;   91;-;  152;-;  117;-;    6;-
4607;5027;05;A;  52;100604; 5;w;12; 2954;-; 2893;-;  229;-;  230;-; 2696;-; 2504;-;  179;-;   13;-;   16;-;    6;-;   89;-;  134;-;  111;-;   13;-; 2633;-; 2408;-;  201;-;   24;-;   22;-;    7;-;   77;-;  146;-;  113;-;    8;-
4607;5027;05;A;  52;100604; 5;w;13; 2940;-; 3308;-;  236;-;  234;-; 2676;-; 2491;-;  157;-;   28;-;   15;-;    9;-;   81;-;  146;-;  114;-;   13;-; 3047;-; 2814;-;  208;-;   25;-;   19;-;    8;-;   87;-;  139;-;  115;-;    8;-
4607;5027;05;A;  52;100604; 5;w;14; 2977;-; 3928;-;  181;-;  247;-; 2752;-; 2570;-;  154;-;   28;-;   26;-;    8;-;   65;-;  108;-;   81;-;   18;-; 3651;-; 3406;-;  219;-;   26;-;   21;-;   11;-;   86;-;  150;-;  114;-;    9;-
4607;5027;05;A;  52;100604; 5;w;15; 2987;-; 4289;-;  196;-;  198;-; 2755;-; 2562;-;  170;-;   23;-;   15;-;    8;-;   72;-;  116;-;   94;-;   21;-; 4061;-; 3803;-;  224;-;   34;-;   20;-;    4;-;   86;-;  108;-;   79;-;   10;-
4607;5027;05;A;  52;100604; 5;w;16; 3173;-; 4298;-;  167;-;  190;-; 2967;-; 2773;-;  171;-;   23;-;   17;-;    5;-;   68;-;   94;-;   74;-;   22;-; 4077;-; 3837;-;  206;-;   34;-;   16;-;   13;-;   61;-;  116;-;   94;-;   15;-
4607;5027;05;A;  52;100604; 5;w;17; 3053;-; 4212;-;  137;-;  143;-; 2873;-; 2674;-;  163;-;   36;-;   11;-;    9;-;   53;-;   75;-;   48;-;   32;-; 4039;-; 3792;-;  207;-;   40;-;   17;-;    7;-;   52;-;   84;-;   66;-;   13;-
4607;5027;05;A;  52;100604; 5;w;18; 3046;-; 3797;-;  120;-;  106;-; 2889;-; 2713;-;  155;-;   21;-;   12;-;   16;-;   31;-;   73;-;   57;-;   25;-; 3652;-; 3457;-;  157;-;   38;-;   21;-;    4;-;   44;-;   58;-;   43;-;   18;-
4607;5027;05;A;  52;100604; 5;w;19; 2804;-; 3587;-;   81;-;   91;-; 2691;-; 2518;-;  148;-;   25;-;    9;-;    3;-;   30;-;   48;-;   37;-;   23;-; 3476;-; 3291;-;  154;-;   31;-;    9;-;    6;-;   30;-;   55;-;   44;-;   11;-
4607;5027;05;A;  52;100604; 5;w;20; 2156;-; 2666;-;   64;-;   67;-; 2071;-; 1927;-;  122;-;   22;-;   13;-;    4;-;   17;-;   43;-;   31;-;    8;-; 2578;-; 2404;-;  156;-;   18;-;   10;-;    2;-;   20;-;   45;-;   30;-;   11;-
4607;5027;05;A;  52;100604; 5;w;21; 1549;-; 1958;-;   60;-;   66;-; 1473;-; 1353;-;   94;-;   26;-;    2;-;    7;-;   17;-;   36;-;   30;-;   14;-; 1881;-; 1731;-;  125;-;   25;-;    5;-;    9;-;   16;-;   41;-;   22;-;    6;-
4607;5027;05;A;  52;100604; 5;w;22; 1243;-; 1468;-;   45;-;   50;-; 1187;-; 1097;-;   71;-;   19;-;    6;-;    2;-;   16;-;   27;-;   22;-;    5;-; 1405;-; 1307;-;   77;-;   21;-;    7;-;    2;-;    9;-;   39;-;   28;-;    6;-
4607;5027;05;A;  52;100604; 5;w;23; 1231;-; 1812;-;   48;-;   49;-; 1172;-; 1107;-;   57;-;    8;-;    3;-;    7;-;   11;-;   30;-;   21;-;    8;-; 1756;-; 1669;-;   69;-;   18;-;    3;-;    4;-;   12;-;   33;-;   22;-;    4;-
4607;5027;05;A;  52;100604; 5;w;24;  893;-; 1602;-;   29;-;   65;-;  857;-;  806;-;   49;-;    2;-;    2;-;    3;-;    7;-;   19;-;   16;-;    5;-; 1530;-; 1444;-;   75;-;   11;-;    2;-;   15;-;    8;-;   42;-;   30;-;    5;-
4607;5027;05;A;  52;100605; 6;w;01;  556;-;  690;-;   31;-;   34;-;  517;-;  474;-;   37;-;    6;-;    3;-;    4;-;   12;-;   15;-;    9;-;    5;-;  653;-;  612;-;   39;-;    2;-;    1;-;    3;-;    9;-;   22;-;   14;-;    2;-
4607;5027;05;A;  52;100605; 6;w;02;  341;-;  399;-;   30;-;   26;-;  306;-;  278;-;   27;-;    1;-;    1;-;    1;-;   11;-;   18;-;   13;-;    4;-;  370;-;  341;-;   25;-;    4;-;    1;-;    0;-;    5;-;   21;-;   14;-;    2;-
4607;5027;05;A;  52;100605; 6;w;03;  279;-;  303;-;   30;-;   31;-;  247;-;  222;-;   22;-;    3;-;    0;-;    0;-;    7;-;   23;-;   16;-;    2;-;  267;-;  248;-;   19;-;    0;-;    3;-;    1;-;   11;-;   19;-;   14;-;    2;-
4607;5027;05;A;  52;100605; 6;w;04;  566;-;  327;-;   40;-;   38;-;  521;-;  465;-;   53;-;    3;-;    2;-;    1;-;   12;-;   27;-;   12;-;    3;-;  287;-;  247;-;   38;-;    2;-;    0;-;    0;-;   19;-;   19;-;   12;-;    2;-
4607;5027;05;A;  52;100605; 6;w;05;  705;-;  518;-;   68;-;   40;-;  632;-;  587;-;   40;-;    5;-;    3;-;    6;-;   24;-;   38;-;   32;-;    2;-;  472;-;  415;-;   57;-;    0;-;    5;-;    2;-;   22;-;   16;-;   11;-;    1;-
4607;5027;05;A;  52;100605; 6;w;06;  996;-;  551;-;   63;-;   40;-;  916;-;  837;-;   70;-;    9;-;   13;-;    1;-;   31;-;   31;-;   25;-;    4;-;  502;-;  437;-;   63;-;    2;-;    7;-;    2;-;   21;-;   17;-;   13;-;    2;-
4607;5027;05;A;  52;100605; 6;w;07;  908;-;  738;-;   70;-;   45;-;  824;-;  699;-;  120;-;    5;-;   10;-;   10;-;   29;-;   31;-;   24;-;    4;-;  684;-;  599;-;   79;-;    6;-;    7;-;    4;-;   20;-;   21;-;   14;-;    2;-
4607;5027;05;A;  52;100605; 6;w;08; 1041;-; 1008;-;   58;-;   71;-;  967;-;  860;-;  102;-;    5;-;    9;-;    6;-;   27;-;   25;-;   21;-;    7;-;  927;-;  812;-;  109;-;    6;-;    7;-;    9;-;   31;-;   31;-;   24;-;    3;-
4607;5027;05;A;  52;100605; 6;w;09; 1484;-; 1337;-;   59;-;   74;-; 1405;-; 1290;-;  104;-;   11;-;    9;-;    5;-;   32;-;   22;-;   18;-;   11;-; 1247;-; 1129;-;  102;-;   16;-;    9;-;   10;-;   43;-;   21;-;   16;-;    7;-
4607;5027;05;A;  52;100605; 6;w;10; 2353;-; 1783;-;   67;-;   50;-; 2258;-; 2128;-;  108;-;   22;-;   10;-;   10;-;   38;-;   19;-;   14;-;   18;-; 1708;-; 1561;-;  119;-;   28;-;   14;-;    7;-;   27;-;   16;-;   10;-;   11;-
4607;5027;05;A;  52;100605; 6;w;11; 2406;-; 2158;-;   49;-;   47;-; 2316;-; 2207;-;   88;-;   21;-;   22;-;    5;-;   22;-;   22;-;   18;-;   19;-; 2092;-; 1942;-;  126;-;   24;-;   12;-;    3;-;   19;-;   25;-;   18;-;    7;-
4607;5027;05;A;  52;100605; 6;w;12; 2570;-; 2266;-;   45;-;   46;-; 2492;-; 2328;-;  129;-;   35;-;   14;-;    2;-;   26;-;   17;-;   13;-;   19;-; 2194;-; 2033;-;  138;-;   23;-;   12;-;    2;-;   20;-;   24;-;   18;-;   14;-
4607;5027;05;A;  52;100605; 6;w;13; 2446;-; 2614;-;   49;-;   47;-; 2374;-; 2221;-;  119;-;   34;-;   12;-;    4;-;   29;-;   16;-;   14;-;   11;-; 2544;-; 2390;-;  133;-;   21;-;   12;-;    6;-;   12;-;   29;-;   27;-;   11;-
4607;5027;05;A;  52;100605; 6;w;14; 2509;-; 2789;-;   31;-;   39;-; 2445;-; 2320;-;   94;-;   31;-;   15;-;    4;-;   13;-;   14;-;   12;-;   18;-; 2729;-; 2563;-;  134;-;   32;-;    7;-;    4;-;   18;-;   17;-;   15;-;   14;-
4607;5027;05;A;  52;100605; 6;w;15; 2416;-; 2794;-;   33;-;   31;-; 2356;-; 2236;-;   96;-;   24;-;   13;-;    5;-;   14;-;   14;-;   11;-;   14;-; 2730;-; 2592;-;   99;-;   39;-;   21;-;    4;-;   18;-;    9;-;    9;-;   12;-
4607;5027;05;A;  52;100605; 6;w;16; 2195;-; 2539;-;   37;-;   34;-; 2135;-; 2005;-;   98;-;   32;-;   12;-;    3;-;   20;-;   14;-;    9;-;   11;-; 2481;-; 2316;-;  137;-;   28;-;   10;-;    4;-;   12;-;   18;-;   12;-;   14;-
4607;5027;05;A;  52;100605; 6;w;17; 2198;-; 2314;-;   22;-;   24;-; 2149;-; 2020;-;  110;-;   19;-;   13;-;    5;-;    9;-;    8;-;    6;-;   14;-; 2267;-; 2136;-;  108;-;   23;-;   13;-;    2;-;   11;-;   11;-;   10;-;   10;-
4607;5027;05;A;  52;100605; 6;w;18; 2064;-; 2224;-;   23;-;   26;-; 2011;-; 1898;-;   92;-;   21;-;    9;-;    8;-;    9;-;    6;-;    5;-;   21;-; 2176;-; 2058;-;   99;-;   19;-;   13;-;    5;-;   11;-;   10;-;    6;-;    9;-
4607;5027;05;A;  52;100605; 6;w;19; 2075;-; 2098;-;   22;-;   15;-; 2032;-; 1918;-;   87;-;   27;-;    4;-;    3;-;    9;-;   10;-;    8;-;   17;-; 2071;-; 1938;-;  113;-;   20;-;    6;-;    2;-;    6;-;    7;-;    5;-;    6;-
4607;5027;05;A;  52;100605; 6;w;20; 1631;-; 1808;-;   11;-;   12;-; 1602;-; 1491;-;   81;-;   30;-;    8;-;    1;-;    6;-;    4;-;    2;-;   10;-; 1784;-; 1671;-;   93;-;   20;-;    7;-;    4;-;    5;-;    3;-;    3;-;    5;-
4607;5027;05;A;  52;100605; 6;w;21; 1318;-; 1491;-;   13;-;    8;-; 1292;-; 1220;-;   59;-;   13;-;    4;-;    4;-;    7;-;    2;-;    1;-;    9;-; 1471;-; 1382;-;   71;-;   18;-;    6;-;    3;-;    4;-;    1;-;    1;-;    6;-
4607;5027;05;A;  52;100605; 6;w;22; 1334;-; 1157;-;   15;-;    6;-; 1298;-; 1219;-;   64;-;   15;-;    8;-;    3;-;    8;-;    4;-;    3;-;   13;-; 1148;-; 1068;-;   66;-;   14;-;    1;-;    3;-;    3;-;    0;-;    0;-;    2;-
4607;5027;05;A;  52;100605; 6;w;23; 1209;-; 1168;-;    9;-;    9;-; 1192;-; 1121;-;   62;-;    9;-;    1;-;    2;-;    6;-;    1;-;    1;-;    7;-; 1155;-; 1092;-;   53;-;   10;-;    0;-;    3;-;    3;-;    3;-;    2;-;    4;-
4607;5027;05;A;  52;100605; 6;w;24; 1143;-; 1302;-;    8;-;    9;-; 1127;-; 1062;-;   58;-;    7;-;    2;-;    1;-;    4;-;    3;-;    2;-;    6;-; 1288;-; 1227;-;   51;-;   10;-;    1;-;    1;-;    6;-;    2;-;    2;-;    4;-
4607;5027;05;A;  52;100606; 7;s;01;  867;-; 1035;-;    4;-;    5;-;  852;-;  804;-;   46;-;    2;-;    2;-;    1;-;    2;-;    1;-;    1;-;    9;-; 1027;-;  973;-;   45;-;    9;-;    1;-;    3;-;    1;-;    1;-;    1;-;    2;-
4607;5027;05;A;  52;100606; 7;s;02;  572;-;  631;-;    3;-;    5;-;  568;-;  529;-;   37;-;    2;-;    0;-;    0;-;    1;-;    2;-;    1;-;    1;-;  626;-;  603;-;   21;-;    2;-;    0;-;    3;-;    2;-;    0;-;    0;-;    0;-
4607;5027;05;A;  52;100606; 7;s;03;  350;-;  380;-;   11;-;    3;-;  338;-;  325;-;   11;-;    2;-;    1;-;    1;-;    6;-;    4;-;    3;-;    0;-;  375;-;  359;-;   14;-;    2;-;    1;-;    0;-;    1;-;    2;-;    1;-;    1;-
4607;5027;05;A;  52;100606; 7;s;04;  617;-;  341;-;    8;-;    5;-;  607;-;  559;-;   48;-;    0;-;    1;-;    3;-;    4;-;    1;-;    1;-;    1;-;  334;-;  311;-;   23;-;    0;-;    1;-;    2;-;    1;-;    2;-;    1;-;    1;-
4607;5027;05;A;  52;100606; 7;s;05;  718;-;  532;-;    4;-;    9;-;  709;-;  665;-;   39;-;    5;-;    1;-;    0;-;    4;-;    0;-;    0;-;    4;-;  519;-;  460;-;   56;-;    3;-;    0;-;    4;-;    2;-;    3;-;    3;-;    4;-
4607;5027;05;A;  52;100606; 7;s;06;  777;-;  554;-;    9;-;   15;-;  759;-;  703;-;   47;-;    9;-;    6;-;    4;-;    4;-;    1;-;    1;-;    3;-;  532;-;  491;-;   41;-;    0;-;    4;-;    2;-;   11;-;    2;-;    2;-;    3;-
4607;5027;05;A;  52;100606; 7;s;07;  529;-;  504;-;    8;-;    7;-;  501;-;  444;-;   55;-;    2;-;   15;-;    1;-;    4;-;    3;-;    3;-;    5;-;  492;-;  449;-;   38;-;    5;-;    4;-;    4;-;    3;-;    0;-;    0;-;    1;-
4607;5027;05;A;  52;100606; 7;s;08;  602;-;  631;-;   14;-;   13;-;  575;-;  518;-;   52;-;    5;-;    9;-;    2;-;    8;-;    4;-;    4;-;    4;-;  609;-;  556;-;   46;-;    7;-;    5;-;    6;-;    3;-;    4;-;    4;-;    4;-
4607;5027;05;A;  52;100606; 7;s;09;  826;-;  796;-;   18;-;   17;-;  784;-;  732;-;   46;-;    6;-;   15;-;    5;-;    7;-;    6;-;    6;-;    9;-;  773;-;  714;-;   49;-;   10;-;    2;-;    7;-;    8;-;    2;-;    1;-;    4;-
4607;5027;05;A;  52;100606; 7;s;10; 1257;-; 1211;-;   16;-;   16;-; 1223;-; 1129;-;   75;-;   19;-;    9;-;    9;-;    2;-;    5;-;    3;-;    9;-; 1187;-; 1092;-;   58;-;   37;-;    2;-;    8;-;    2;-;    6;-;    6;-;    6;-
4607;5027;05;A;  52;100606; 7;s;11; 1627;-; 1644;-;   17;-;   20;-; 1595;-; 1504;-;   72;-;   19;-;    5;-;    4;-;    6;-;    7;-;    5;-;   10;-; 1604;-; 1497;-;   84;-;   23;-;   10;-;   10;-;    5;-;    5;-;    4;-;   10;-
4607;5027;05;A;  52;100606; 7;s;12; 2013;-; 1787;-;   14;-;   14;-; 1977;-; 1858;-;   77;-;   42;-;    6;-;    3;-;    6;-;    5;-;    4;-;   16;-; 1762;-; 1619;-;   78;-;   65;-;    4;-;    2;-;    4;-;    8;-;    7;-;    7;-
4607;5027;05;A;  52;100606; 7;s;13; 2191;-; 2068;-;   16;-;   20;-; 2147;-; 2015;-;   87;-;   45;-;   10;-;    3;-;    7;-;    6;-;    6;-;   18;-; 2023;-; 1885;-;   90;-;   48;-;   13;-;    3;-;    9;-;    8;-;    6;-;   12;-
4607;5027;05;A;  52;100606; 7;s;14; 2453;-; 2283;-;   20;-;   19;-; 2408;-; 2281;-;   79;-;   48;-;   13;-;    5;-;   10;-;    5;-;    5;-;   12;-; 2245;-; 2125;-;   93;-;   27;-;    8;-;    5;-;    7;-;    7;-;    6;-;   11;-
4607;5027;05;A;  52;100606; 7;s;15; 2387;-; 2418;-;   21;-;   18;-; 2333;-; 2216;-;   86;-;   31;-;   10;-;    2;-;    9;-;   10;-;    8;-;   23;-; 2383;-; 2253;-;   95;-;   35;-;    5;-;    6;-;    7;-;    5;-;    3;-;   12;-
4607;5027;05;A;  52;100606; 7;s;16; 2399;-; 2431;-;   18;-;   20;-; 2349;-; 2212;-;  100;-;   37;-;   10;-;    5;-;    6;-;    7;-;    7;-;   22;-; 2399;-; 2279;-;   90;-;   30;-;    8;-;    7;-;    6;-;    7;-;    5;-;    4;-
4607;5027;05;A;  52;100606; 7;s;17; 2351;-; 2300;-;   25;-;   19;-; 2309;-; 2196;-;   85;-;   28;-;    3;-;    8;-;   13;-;    4;-;    4;-;   14;-; 2249;-; 2129;-;  102;-;   18;-;   21;-;    5;-;    8;-;    6;-;    5;-;   11;-
4607;5027;05;A;  52;100606; 7;s;18; 2489;-; 2098;-;   22;-;   29;-; 2435;-; 2324;-;   85;-;   26;-;   16;-;    6;-;    9;-;    7;-;    6;-;   16;-; 2047;-; 1938;-;  102;-;    7;-;   16;-;    5;-;   17;-;    7;-;    5;-;    6;-
4607;5027;05;A;  52;100606; 7;s;19; 2435;-; 2134;-;   24;-;   14;-; 2361;-; 2217;-;  111;-;   33;-;   19;-;    8;-;    8;-;    8;-;    7;-;   31;-; 2095;-; 1948;-;  129;-;   18;-;   17;-;    3;-;    6;-;    5;-;    5;-;    8;-
4607;5027;05;A;  52;100606; 7;s;20; 2239;-; 1761;-;   34;-;   28;-; 2172;-; 2059;-;  101;-;   12;-;   10;-;    6;-;   15;-;   13;-;    6;-;   23;-; 1710;-; 1610;-;   91;-;    9;-;   17;-;   10;-;   13;-;    5;-;    4;-;    6;-
4607;5027;05;A;  52;100606; 7;s;21; 1931;-; 1523;-;   19;-;   17;-; 1887;-; 1805;-;   67;-;   15;-;   17;-;    8;-;    6;-;    5;-;    4;-;    8;-; 1492;-; 1430;-;   60;-;    2;-;   13;-;    5;-;    7;-;    5;-;    5;-;    1;-
4607;5027;05;A;  52;100606; 7;s;22; 1802;-; 1157;-;   33;-;   21;-; 1753;-; 1663;-;   77;-;   13;-;    5;-;    8;-;    8;-;   17;-;   14;-;   11;-; 1126;-; 1051;-;   64;-;   11;-;    3;-;    7;-;    4;-;   10;-;    7;-;    7;-
4607;5027;05;A;  52;100606; 7;s;23; 1344;-; 1139;-;   43;-;   36;-; 1283;-; 1198;-;   75;-;   10;-;    7;-;    4;-;   14;-;   25;-;   24;-;   11;-; 1095;-; 1040;-;   51;-;    4;-;    4;-;    5;-;    8;-;   23;-;   18;-;    4;-
4607;5027;05;A;  52;100606; 7;s;24;  809;-;  916;-;   34;-;   30;-;  767;-;  708;-;   58;-;    1;-;    3;-;    0;-;    5;-;   29;-;   22;-;    5;-;  882;-;  820;-;   59;-;    3;-;    3;-;    0;-;    7;-;   23;-;   19;-;    1;-
4607;5027;05;A;  52;100607; 1;w;01;  432;-;  566;-;   24;-;   31;-;  404;-;  364;-;   39;-;    1;-;    2;-;    1;-;    9;-;   14;-;   10;-;    2;-;  533;-;  497;-;   35;-;    1;-;    0;-;    3;-;    7;-;   21;-;   18;-;    2;-
4607;5027;05;A;  52;100607; 1;w;02;  177;-;  270;-;   29;-;   29;-;  145;-;  130;-;   15;-;    0;-;    2;-;    0;-;   10;-;   19;-;   16;-;    1;-;  239;-;  212;-;   26;-;    1;-;    2;-;    5;-;    8;-;   16;-;   11;-;    0;-
4607;5027;05;A;  52;100607; 1;w;03;  167;-;  131;-;   37;-;   29;-;  127;-;  110;-;   16;-;    1;-;    1;-;    1;-;   10;-;   26;-;   21;-;    2;-;  102;-;   91;-;   11;-;    0;-;    0;-;    0;-;   10;-;   19;-;   16;-;    0;-
4607;5027;05;A;  52;100607; 1;w;04;  509;-;  243;-;   59;-;   43;-;  446;-;  401;-;   42;-;    3;-;    2;-;    1;-;   21;-;   37;-;   26;-;    2;-;  198;-;  165;-;   33;-;    0;-;    1;-;    0;-;   23;-;   20;-;   16;-;    1;-
4607;5027;05;A;  52;100607; 1;w;05; 1002;-;  459;-;  103;-;   79;-;  887;-;  830;-;   55;-;    2;-;    3;-;    7;-;   47;-;   49;-;   37;-;    9;-;  378;-;  318;-;   60;-;    0;-;    2;-;    1;-;   30;-;   48;-;   37;-;    0;-
4607;5027;05;A;  52;100607; 1;w;06; 2872;-;  926;-;  198;-;  114;-; 2660;-; 2502;-;  142;-;   16;-;    5;-;    3;-;   69;-;  126;-;  108;-;    9;-;  807;-;  698;-;  106;-;    3;-;    5;-;    5;-;   38;-;   71;-;   56;-;    0;-
4607;5027;05;A;  52;100607; 1;w;07; 5237;-; 2110;-;  258;-;  160;-; 4919;-; 4669;-;  232;-;   18;-;   19;-;    6;-;  105;-;  147;-;  110;-;   41;-; 1930;-; 1756;-;  170;-;    4;-;    6;-;    4;-;   75;-;   81;-;   59;-;   14;-
4607;5027;05;A;  52;100607; 1;w;08; 6639;-; 3639;-;  241;-;  193;-; 6357;-; 6117;-;  231;-;    9;-;   25;-;   10;-;   84;-;  147;-;   99;-;   16;-; 3418;-; 3212;-;  199;-;    7;-;    8;-;    5;-;   88;-;  100;-;   72;-;   20;-
4607;5027;05;A;  52;100607; 1;w;09; 5988;-; 3953;-;  243;-;  250;-; 5695;-; 5472;-;  204;-;   19;-;   15;-;    7;-;   93;-;  143;-;  107;-;   35;-; 3673;-; 3437;-;  231;-;    5;-;   17;-;    7;-;  126;-;  117;-;   85;-;   13;-
4607;5027;05;A;  52;100607; 1;w;10; 4375;-; 2748;-;  247;-;  251;-; 4101;-; 3895;-;  194;-;   12;-;   10;-;    9;-;  102;-;  136;-;  102;-;   17;-; 2466;-; 2219;-;  239;-;    8;-;   10;-;    5;-;  112;-;  134;-;  111;-;   21;-
4607;5027;05;A;  52;100607; 1;w;11; 3328;-; 2484;-;  269;-;  256;-; 3022;-; 2799;-;  213;-;   10;-;   21;-;    7;-;  104;-;  158;-;  124;-;   16;-; 2197;-; 1974;-;  217;-;    6;-;   16;-;   11;-;   96;-;  149;-;  117;-;   15;-
4607;5027;05;A;  52;100607; 1;w;12; 2798;-; 2445;-;  230;-;  257;-; 2540;-; 2333;-;  196;-;   11;-;   15;-;    4;-;  105;-;  121;-;   88;-;   13;-; 2162;-; 1923;-;  232;-;    7;-;   14;-;    3;-;  100;-;  154;-;  123;-;   12;-
4607;5027;05;A;  52;100607; 1;w;13; 3157;-; 2912;-;  253;-;  229;-; 2852;-; 2628;-;  211;-;   13;-;   17;-;    4;-;   84;-;  165;-;  139;-;   35;-; 2659;-; 2415;-;  239;-;    5;-;   13;-;    6;-;   95;-;  128;-;   99;-;   11;-
4607;5027;05;A;  52;100607; 1;w;14; 2995;-; 3338;-;  249;-;  230;-; 2713;-; 2525;-;  177;-;   11;-;    9;-;    6;-;  105;-;  138;-;  114;-;   24;-; 3082;-; 2827;-;  247;-;    8;-;   13;-;    6;-;  107;-;  117;-;   93;-;   13;-
4607;5027;05;A;  52;100607; 1;w;15; 2749;-; 3798;-;  215;-;  200;-; 2508;-; 2291;-;  211;-;    6;-;   12;-;    1;-;   78;-;  136;-;  102;-;   14;-; 3557;-; 3263;-;  287;-;    7;-;   17;-;    1;-;   83;-;  116;-;   88;-;   24;-
4607;5027;05;A;  52;100607; 1;w;16; 2859;-; 4533;-;  226;-;  234;-; 2599;-; 2409;-;  186;-;    4;-;   15;-;    3;-;   75;-;  148;-;  125;-;   19;-; 4265;-; 3953;-;  292;-;   20;-;   15;-;    9;-;   99;-;  126;-;   88;-;   19;-
4607;5027;05;A;  52;100607; 1;w;17; 3338;-; 5366;-;  160;-;  165;-; 3137;-; 2903;-;  211;-;   23;-;   18;-;    3;-;   60;-;   97;-;   78;-;   23;-; 5152;-; 4877;-;  251;-;   24;-;   28;-;    3;-;   43;-;  119;-;   93;-;   21;-
4607;5027;05;A;  52;100607; 1;w;18; 3520;-; 5801;-;  135;-;  173;-; 3355;-; 3207;-;  140;-;    8;-;   10;-;    5;-;   37;-;   93;-;   73;-;   20;-; 5589;-; 5393;-;  184;-;   12;-;   16;-;    9;-;   42;-;  122;-;   99;-;   23;-
4607;5027;05;A;  52;100607; 1;w;19; 3132;-; 4952;-;  121;-;   96;-; 2976;-; 2830;-;  136;-;   10;-;   11;-;    3;-;   23;-;   95;-;   78;-;   24;-; 4836;-; 4624;-;  189;-;   23;-;    7;-;    5;-;   27;-;   64;-;   50;-;   13;-
4607;5027;05;A;  52;100607; 1;w;20; 2219;-; 3100;-;   76;-;   93;-; 2114;-; 1987;-;  114;-;   13;-;    7;-;    1;-;   22;-;   53;-;   39;-;   22;-; 2979;-; 2778;-;  183;-;   18;-;    9;-;    3;-;   20;-;   70;-;   60;-;   19;-
4607;5027;05;A;  52;100607; 1;w;21; 1645;-; 1906;-;   71;-;   72;-; 1554;-; 1452;-;   92;-;   10;-;    5;-;    3;-;   13;-;   55;-;   37;-;   15;-; 1816;-; 1667;-;  141;-;    8;-;    7;-;    7;-;   15;-;   50;-;   27;-;   11;-
4607;5027;05;A;  52;100607; 1;w;22; 1347;-; 1555;-;   47;-;   57;-; 1293;-; 1191;-;   91;-;   11;-;    3;-;    3;-;   11;-;   33;-;   26;-;    4;-; 1481;-; 1356;-;  112;-;   13;-;    6;-;    1;-;   10;-;   46;-;   34;-;   11;-
4607;5027;05;A;  52;100607; 1;w;23;  989;-; 1437;-;   56;-;   55;-;  926;-;  853;-;   67;-;    6;-;    0;-;    1;-;   12;-;   43;-;   35;-;    7;-; 1372;-; 1283;-;   83;-;    6;-;    4;-;    1;-;    7;-;   47;-;   36;-;    6;-
4607;5027;05;A;  52;100607; 1;w;24;  607;-; 1042;-;   47;-;   51;-;  558;-;  500;-;   57;-;    1;-;    1;-;    3;-;    6;-;   38;-;   33;-;    1;-;  986;-;  922;-;   60;-;    4;-;    3;-;    3;-;   13;-;   35;-;   23;-;    2;-
4607;5027;05;A;  52;100608; 2;w;01;  293;-;  390;-;   42;-;   48;-;  246;-;  214;-;   32;-;    0;-;    1;-;    1;-;   11;-;   30;-;   22;-;    4;-;  338;-;  301;-;   35;-;    2;-;    2;-;    6;-;    9;-;   33;-;   24;-;    2;-
4607;5027;05;A;  52;100608; 2;w;02;  148;-;  191;-;   37;-;   47;-;  104;-;   90;-;   13;-;    1;-;    5;-;    1;-;   11;-;   25;-;   18;-;    2;-;  142;-;  119;-;   23;-;    0;-;    0;-;    0;-;    9;-;   38;-;   28;-;    2;-
4607;5027;05;A;  52;100608; 2;w;03;  176;-;  135;-;   63;-;   50;-;  111;-;   91;-;   20;-;    0;-;    2;-;    1;-;   16;-;   46;-;   32;-;    0;-;   82;-;   68;-;   14;-;    0;-;    2;-;    1;-;   14;-;   35;-;   25;-;    1;-
4607;5027;05;A;  52;100608; 2;w;04;  492;-;  263;-;   52;-;   64;-;  434;-;  393;-;   38;-;    3;-;    4;-;    1;-;   23;-;   28;-;   17;-;    2;-;  199;-;  149;-;   50;-;    0;-;    0;-;    1;-;   25;-;   38;-;   26;-;    0;-
4607;5027;05;A;  52;100608; 2;w;05; 1009;-;  435;-;  113;-;   74;-;  892;-;  832;-;   56;-;    4;-;    1;-;    7;-;   42;-;   64;-;   49;-;    3;-;  357;-;  301;-;   55;-;    1;-;    2;-;    0;-;   22;-;   52;-;   40;-;    2;-
4607;5027;05;A;  52;100608; 2;w;06; 2768;-;  912;-;  181;-;  133;-; 2563;-; 2423;-;  113;-;   27;-;    7;-;    5;-;   54;-;  122;-;   97;-;   17;-;  769;-;  684;-;   80;-;    5;-;    5;-;    3;-;   49;-;   81;-;   63;-;    5;-
4607;5027;05;A;  52;100608; 2;w;07; 5196;-; 2021;-;  242;-;  140;-; 4909;-; 4626;-;  262;-;   21;-;   15;-;    5;-;  110;-;  127;-;   93;-;   30;-; 1857;-; 1664;-;  185;-;    8;-;   12;-;    1;-;   64;-;   75;-;   56;-;   12;-
4607;5027;05;A;  52;100608; 2;w;08; 6370;-; 3439;-;  240;-;  197;-; 6092;-; 5860;-;  210;-;   22;-;   21;-;   12;-;   95;-;  133;-;   96;-;   17;-; 3227;-; 2999;-;  223;-;    5;-;    5;-;    9;-;   85;-;  103;-;   77;-;   10;-
4607;5027;05;A;  52;100608; 2;w;09; 5507;-; 3838;-;  230;-;  251;-; 5236;-; 5035;-;  189;-;   12;-;   15;-;    3;-;  108;-;  119;-;   99;-;   26;-; 3559;-; 3322;-;  214;-;   23;-;   11;-;    5;-;  126;-;  120;-;   85;-;   17;-
4607;5027;05;A;  52;100608; 2;w;10; 4304;-; 2826;-;  245;-;  282;-; 4030;-; 3827;-;  192;-;   11;-;   10;-;   11;-;   81;-;  153;-;  106;-;   19;-; 2518;-; 2282;-;  233;-;    3;-;   13;-;    5;-;  110;-;  167;-;  127;-;   13;-
4607;5027;05;A;  52;100608; 2;w;11; 3336;-; 2367;-;  262;-;  245;-; 3034;-; 2829;-;  198;-;    7;-;   25;-;    5;-;  105;-;  152;-;  116;-;   15;-; 2097;-; 1879;-;  208;-;   10;-;   11;-;    3;-;   97;-;  145;-;  113;-;   14;-
4607;5027;05;A;  52;100608; 2;w;12; 2871;-; 2450;-;  267;-;  238;-; 2566;-; 2386;-;  174;-;    6;-;   18;-;    7;-;   91;-;  169;-;  139;-;   20;-; 2191;-; 1966;-;  216;-;    9;-;   10;-;    3;-;  104;-;  131;-;  106;-;   11;-
4607;5027;05;A;  52;100608; 2;w;13; 2929;-; 2971;-;  234;-;  261;-; 2661;-; 2474;-;  176;-;   11;-;   14;-;    2;-;  104;-;  128;-;   92;-;   20;-; 2683;-; 2454;-;  223;-;    6;-;   18;-;    3;-;  109;-;  149;-;  114;-;    9;-
4607;5027;05;A;  52;100608; 2;w;14; 3025;-; 3317;-;  223;-;  228;-; 2761;-; 2590;-;  161;-;   10;-;   21;-;    1;-;   82;-;  140;-;  121;-;   20;-; 3060;-; 2853;-;  199;-;    8;-;   17;-;    4;-;   88;-;  136;-;  102;-;   12;-
4607;5027;05;A;  52;100608; 2;w;15; 2894;-; 3987;-;  226;-;  232;-; 2635;-; 2445;-;  186;-;    4;-;   18;-;    1;-;   74;-;  151;-;  121;-;   15;-; 3715;-; 3459;-;  236;-;   20;-;   25;-;    3;-;  102;-;  127;-;   93;-;   15;-
4607;5027;05;A;  52;100608; 2;w;16; 3075;-; 4749;-;  197;-;  204;-; 2839;-; 2634;-;  195;-;   10;-;   22;-;    3;-;   69;-;  125;-;   96;-;   17;-; 4502;-; 4208;-;  276;-;   18;-;   30;-;    3;-;   90;-;  111;-;   84;-;   13;-
4607;5027;05;A;  52;100608; 2;w;17; 3288;-; 5500;-;  178;-;  190;-; 3074;-; 2886;-;  179;-;    9;-;   13;-;    4;-;   64;-;  110;-;   83;-;   23;-; 5274;-; 5050;-;  206;-;   18;-;   23;-;    8;-;   63;-;  119;-;   82;-;   13;-
4607;5027;05;A;  52;100608; 2;w;18; 3556;-; 5448;-;  148;-;  145;-; 3387;-; 3245;-;  131;-;   11;-;   11;-;    5;-;   38;-;  105;-;   83;-;   10;-; 5275;-; 5140;-;  123;-;   12;-;   15;-;    4;-;   44;-;   97;-;   74;-;   13;-
4607;5027;05;A;  52;100608; 2;w;19; 3127;-; 5058;-;   85;-;  105;-; 3019;-; 2891;-;  123;-;    5;-;    4;-;    2;-;   24;-;   59;-;   48;-;   19;-; 4917;-; 4692;-;  205;-;   20;-;   13;-;    1;-;   29;-;   75;-;   58;-;   23;-
4607;5027;05;A;  52;100608; 2;w;20; 2461;-; 3308;-;   94;-;   83;-; 2324;-; 2177;-;  140;-;    7;-;    6;-;    5;-;   16;-;   73;-;   56;-;   37;-; 3197;-; 2968;-;  217;-;   12;-;    6;-;    3;-;   17;-;   63;-;   49;-;   22;-
4607;5027;05;A;  52;100608; 2;w;21; 1676;-; 2109;-;   68;-;   74;-; 1587;-; 1484;-;   95;-;    8;-;    6;-;    5;-;   17;-;   46;-;   37;-;   15;-; 2015;-; 1874;-;  134;-;    7;-;    6;-;    5;-;   13;-;   56;-;   38;-;   14;-
4607;5027;05;A;  52;100608; 2;w;22; 1349;-; 1772;-;   57;-;   60;-; 1276;-; 1205;-;   65;-;    6;-;    5;-;    2;-;   10;-;   45;-;   40;-;   11;-; 1701;-; 1582;-;  111;-;    8;-;    2;-;    2;-;   12;-;   46;-;   36;-;    9;-
4607;5027;05;A;  52;100608; 2;w;23;  902;-; 1482;-;   48;-;   53;-;  848;-;  800;-;   46;-;    2;-;    0;-;    5;-;    7;-;   36;-;   25;-;    6;-; 1424;-; 1330;-;   87;-;    7;-;    1;-;    2;-;   12;-;   39;-;   32;-;    4;-
4607;5027;05;A;  52;100608; 2;w;24;  577;-; 1047;-;   49;-;   46;-;  523;-;  483;-;   37;-;    3;-;    1;-;    1;-;   12;-;   36;-;   26;-;    4;-;  997;-;  929;-;   67;-;    1;-;    1;-;    2;-;    5;-;   39;-;   31;-;    3;-
4607;5027;05;A;  52;100609; 3;w;01;  270;-;  458;-;   31;-;   36;-;  237;-;  204;-;   32;-;    1;-;    1;-;    1;-;    7;-;   23;-;   17;-;    1;-;  421;-;  380;-;   40;-;    1;-;    0;-;    3;-;    2;-;   31;-;   25;-;    1;-
4607;5027;05;A;  52;100609; 3;w;02;  173;-;  193;-;   45;-;   45;-;  128;-;  104;-;   22;-;    2;-;    0;-;    2;-;    7;-;   36;-;   28;-;    0;-;  148;-;  128;-;   20;-;    0;-;    0;-;    0;-;   10;-;   35;-;   23;-;    0;-
4607;5027;05;A;  52;100609; 3;w;03;  158;-;  136;-;   43;-;   44;-;  115;-;  103;-;   11;-;    1;-;    0;-;    0;-;   10;-;   33;-;   23;-;    0;-;   91;-;   74;-;   17;-;    0;-;    1;-;    0;-;   10;-;   34;-;   20;-;    0;-
4607;5027;05;A;  52;100609; 3;w;04;  490;-;  267;-;   66;-;   77;-;  421;-;  386;-;   33;-;    2;-;    0;-;    1;-;   16;-;   49;-;   34;-;    3;-;  188;-;  156;-;   31;-;    1;-;    0;-;    0;-;   30;-;   47;-;   29;-;    2;-
4607;5027;05;A;  52;100609; 3;w;05;  990;-;  452;-;  122;-;   80;-;  864;-;  807;-;   51;-;    6;-;    0;-;    7;-;   44;-;   71;-;   53;-;    4;-;  370;-;  322;-;   48;-;    0;-;    0;-;    0;-;   34;-;   46;-;   27;-;    2;-
4607;5027;05;A;  52;100609; 3;w;06; 2606;-;  823;-;  169;-;  124;-; 2416;-; 2299;-;   99;-;   18;-;    3;-;    3;-;   65;-;  101;-;   80;-;   18;-;  690;-;  598;-;   87;-;    5;-;    4;-;    1;-;   37;-;   86;-;   63;-;    5;-
4607;5027;05;A;  52;100609; 3;w;07; 5303;-; 1928;-;  263;-;  142;-; 4985;-; 4693;-;  275;-;   17;-;   18;-;    6;-;  100;-;  157;-;  111;-;   37;-; 1769;-; 1599;-;  164;-;    6;-;    9;-;    2;-;   67;-;   73;-;   55;-;    8;-
4607;5027;05;A;  52;100609; 3;w;08; 6453;-; 3507;-;  244;-;  199;-; 6157;-; 5926;-;  216;-;   15;-;   16;-;   13;-;  105;-;  126;-;   97;-;   36;-; 3282;-; 3014;-;  256;-;   12;-;    9;-;    5;-;   87;-;  107;-;   82;-;   17;-
4607;5027;05;A;  52;100609; 3;w;09; 6083;-; 3808;-;  222;-;  236;-; 5821;-; 5624;-;  188;-;    9;-;   18;-;    4;-;   86;-;  132;-;  106;-;   22;-; 3538;-; 3300;-;  229;-;    9;-;   13;-;    8;-;  111;-;  117;-;   85;-;   21;-
4607;5027;05;A;  52;100609; 3;w;10; 4183;-; 2658;-;  269;-;  252;-; 3876;-; 3662;-;  204;-;   10;-;   17;-;    4;-;  105;-;  160;-;  121;-;   21;-; 2378;-; 2133;-;  237;-;    8;-;   13;-;    9;-;   98;-;  145;-;  102;-;   15;-
4607;5027;05;A;  52;100609; 3;w;11; 3089;-; 2399;-;  262;-;  239;-; 2792;-; 2597;-;  193;-;    2;-;   22;-;    8;-;   99;-;  155;-;  119;-;   13;-; 2136;-; 1912;-;  220;-;    4;-;   12;-;    2;-;   80;-;  157;-;  128;-;   12;-
4607;5027;05;A;  52;100609; 3;w;12; 2854;-; 2503;-;  252;-;  256;-; 2572;-; 2398;-;  165;-;    9;-;   14;-;    3;-;   90;-;  159;-;  118;-;   16;-; 2219;-; 2018;-;  197;-;    4;-;   14;-;    5;-;  111;-;  140;-;  105;-;   14;-
4607;5027;05;A;  52;100609; 3;w;13; 2873;-; 3043;-;  209;-;  243;-; 2634;-; 2438;-;  184;-;   12;-;   21;-;    1;-;   84;-;  124;-;  103;-;    9;-; 2771;-; 2527;-;  241;-;    3;-;   15;-;    2;-;  112;-;  129;-;   95;-;   14;-
4607;5027;05;A;  52;100609; 3;w;14; 3129;-; 3468;-;  211;-;  230;-; 2884;-; 2700;-;  176;-;    8;-;   21;-;    5;-;   77;-;  129;-;  101;-;   13;-; 3205;-; 2961;-;  230;-;   14;-;   19;-;    1;-;   94;-;  135;-;  101;-;   14;-
4607;5027;05;A;  52;100609; 3;w;15; 2952;-; 4150;-;  214;-;  260;-; 2695;-; 2472;-;  208;-;   15;-;   15;-;    2;-;   85;-;  127;-;   93;-;   28;-; 3854;-; 3567;-;  267;-;   20;-;   25;-;    7;-;  113;-;  140;-;  107;-;   11;-
4607;5027;05;A;  52;100609; 3;w;16; 3160;-; 4878;-;  239;-;  202;-; 2879;-; 2666;-;  203;-;   10;-;   18;-;    6;-;   92;-;  141;-;  108;-;   24;-; 4635;-; 4338;-;  284;-;   13;-;   21;-;    3;-;   86;-;  113;-;   79;-;   20;-
4607;5027;05;A;  52;100609; 3;w;17; 3543;-; 5781;-;  178;-;  173;-; 3332;-; 3155;-;  172;-;    5;-;   14;-;    8;-;   62;-;  108;-;   84;-;   19;-; 5568;-; 5303;-;  244;-;   21;-;   23;-;    8;-;   56;-;  109;-;   86;-;   17;-
4607;5027;05;A;  52;100609; 3;w;18; 3752;-; 5876;-;  147;-;  149;-; 3577;-; 3410;-;  156;-;   11;-;   12;-;    7;-;   39;-;  101;-;   76;-;   16;-; 5695;-; 5516;-;  161;-;   18;-;   16;-;    8;-;   48;-;   93;-;   72;-;   16;-
4607;5027;05;A;  52;100609; 3;w;19; 3406;-; 5177;-;  118;-;  119;-; 3251;-; 3094;-;  145;-;   12;-;   14;-;    9;-;   26;-;   83;-;   60;-;   23;-; 5023;-; 4823;-;  191;-;    9;-;   12;-;    4;-;   26;-;   89;-;   68;-;   23;-
4607;5027;05;A;  52;100609; 3;w;20; 2398;-; 3448;-;   75;-;   87;-; 2307;-; 2138;-;  152;-;   17;-;    5;-;    3;-;   21;-;   51;-;   37;-;   11;-; 3335;-; 3134;-;  196;-;    5;-;   10;-;    6;-;   17;-;   64;-;   53;-;   16;-
4607;5027;05;A;  52;100609; 3;w;21; 1622;-; 2216;-;   50;-;   63;-; 1554;-; 1421;-;  111;-;   22;-;    4;-;    3;-;    9;-;   38;-;   30;-;   14;-; 2136;-; 1957;-;  169;-;   10;-;    5;-;    9;-;    7;-;   47;-;   31;-;   12;-
4607;5027;05;A;  52;100609; 3;w;22; 1360;-; 1947;-;   51;-;   69;-; 1300;-; 1194;-;   98;-;    8;-;    2;-;    5;-;   12;-;   34;-;   27;-;    7;-; 1861;-; 1710;-;  140;-;   11;-;    3;-;    2;-;   14;-;   53;-;   29;-;   14;-
4607;5027;05;A;  52;100609; 3;w;23; 1046;-; 1722;-;   44;-;   56;-;  998;-;  920;-;   74;-;    4;-;    3;-;    6;-;    5;-;   33;-;   25;-;    1;-; 1654;-; 1545;-;  102;-;    7;-;    5;-;    2;-;    9;-;   45;-;   37;-;    7;-
4607;5027;05;A;  52;100609; 3;w;24;  624;-; 1122;-;   41;-;   59;-;  577;-;  528;-;   45;-;    4;-;    0;-;    4;-;    9;-;   28;-;   20;-;    6;-; 1052;-;  979;-;   72;-;    1;-;    2;-;    6;-;    5;-;   48;-;   32;-;    9;-
4607;5027;05;A;  52;100610; 4;w;01;  245;-;  513;-;   24;-;   41;-;  219;-;  202;-;   15;-;    2;-;    0;-;    1;-;    6;-;   17;-;   10;-;    2;-;  470;-;  440;-;   30;-;    0;-;    1;-;    6;-;    4;-;   31;-;   22;-;    1;-
4607;5027;05;A;  52;100610; 4;w;02;  196;-;  194;-;   43;-;   30;-;  150;-;  133;-;   17;-;    0;-;    1;-;    1;-;   10;-;   32;-;   26;-;    2;-;  163;-;  144;-;   19;-;    0;-;    0;-;    2;-;    5;-;   23;-;   15;-;    1;-
4607;5027;05;A;  52;100610; 4;w;03;  162;-;  158;-;   45;-;   49;-;  114;-;   99;-;   15;-;    0;-;    2;-;    2;-;   11;-;   32;-;   20;-;    1;-;  107;-;   85;-;   22;-;    0;-;    0;-;    0;-;   14;-;   35;-;   23;-;    2;-
4607;5027;05;A;  52;100610; 4;w;04;  479;-;  245;-;   76;-;   58;-;  401;-;  358;-;   42;-;    1;-;    2;-;    4;-;   23;-;   49;-;   31;-;    0;-;  187;-;  146;-;   41;-;    0;-;    0;-;    2;-;   23;-;   33;-;   23;-;    0;-
4607;5027;05;A;  52;100610; 4;w;05;  963;-;  445;-;  105;-;   79;-;  850;-;  791;-;   56;-;    3;-;    3;-;    8;-;   35;-;   62;-;   37;-;    5;-;  364;-;  312;-;   51;-;    1;-;    2;-;    2;-;   36;-;   41;-;   28;-;    0;-
4607;5027;05;A;  52;100610; 4;w;06; 2564;-;  863;-;  171;-;  108;-; 2372;-; 2248;-;  108;-;   16;-;    3;-;    1;-;   62;-;  108;-;   76;-;   18;-;  750;-;  660;-;   85;-;    5;-;    1;-;    1;-;   38;-;   69;-;   53;-;    4;-
4607;5027;05;A;  52;100610; 4;w;07; 5190;-; 2104;-;  250;-;  171;-; 4865;-; 4582;-;  262;-;   21;-;   17;-;    9;-;   84;-;  157;-;  116;-;   58;-; 1913;-; 1727;-;  180;-;    6;-;   11;-;    4;-;   59;-;  108;-;   69;-;    9;-
4607;5027;05;A;  52;100610; 4;w;08; 6459;-; 3551;-;  274;-;  195;-; 6129;-; 5895;-;  218;-;   16;-;   26;-;    8;-;  106;-;  160;-;  108;-;   30;-; 3336;-; 3098;-;  228;-;   10;-;    5;-;    8;-;   88;-;   99;-;   79;-;   15;-
4607;5027;05;A;  52;100610; 4;w;09; 5972;-; 3840;-;  225;-;  268;-; 5706;-; 5495;-;  201;-;   10;-;   17;-;    8;-;  100;-;  117;-;   90;-;   24;-; 3548;-; 3295;-;  237;-;   16;-;    7;-;   12;-;  119;-;  137;-;  107;-;   17;-
4607;5027;05;A;  52;100610; 4;w;10; 4267;-; 2868;-;  259;-;  264;-; 3969;-; 3755;-;  200;-;   14;-;   20;-;    7;-;  106;-;  146;-;  117;-;   19;-; 2577;-; 2341;-;  230;-;    6;-;   17;-;    8;-;  109;-;  147;-;  111;-;   10;-
4607;5027;05;A;  52;100610; 4;w;11; 3203;-; 2457;-;  258;-;  253;-; 2918;-; 2722;-;  193;-;    3;-;   14;-;    8;-;   78;-;  172;-;  129;-;   13;-; 2184;-; 1947;-;  231;-;    6;-;   10;-;    5;-;   93;-;  155;-;  115;-;   10;-
4607;5027;05;A;  52;100610; 4;w;12; 2864;-; 2653;-;  237;-;  230;-; 2589;-; 2378;-;  201;-;   10;-;   12;-;    4;-;   94;-;  139;-;  103;-;   26;-; 2397;-; 2148;-;  245;-;    4;-;   14;-;    6;-;   90;-;  134;-;  106;-;   12;-
4607;5027;05;A;  52;100610; 4;w;13; 3070;-; 3123;-;  243;-;  256;-; 2797;-; 2594;-;  190;-;   13;-;   15;-;    4;-;   85;-;  154;-;  121;-;   15;-; 2837;-; 2567;-;  258;-;   12;-;   14;-;    4;-;  104;-;  148;-;  112;-;   16;-
4607;5027;05;A;  52;100610; 4;w;14; 3165;-; 3468;-;  255;-;  236;-; 2869;-; 2670;-;  186;-;   13;-;   17;-;    6;-;   89;-;  160;-;  120;-;   24;-; 3187;-; 2948;-;  228;-;   11;-;   23;-;    4;-;   92;-;  140;-;  113;-;   22;-
4607;5027;05;A;  52;100610; 4;w;15; 2910;-; 4275;-;  213;-;  256;-; 2663;-; 2482;-;  177;-;    4;-;   15;-;    5;-;   76;-;  132;-;  110;-;   19;-; 3975;-; 3693;-;  268;-;   14;-;   28;-;   11;-;   96;-;  149;-;  109;-;   16;-
4607;5027;05;A;  52;100610; 4;w;16; 3016;-; 4947;-;  184;-;  207;-; 2808;-; 2604;-;  194;-;   10;-;    9;-;    6;-;   90;-;   88;-;   64;-;   15;-; 4703;-; 4404;-;  285;-;   14;-;   17;-;   11;-;   76;-;  120;-;   88;-;   20;-
4607;5027;05;A;  52;100610; 4;w;17; 3460;-; 5653;-;  175;-;  173;-; 3238;-; 3048;-;  176;-;   14;-;   26;-;    4;-;   62;-;  109;-;   84;-;   21;-; 5447;-; 5148;-;  279;-;   20;-;   11;-;    3;-;   74;-;   96;-;   75;-;   22;-
4607;5027;05;A;  52;100610; 4;w;18; 3650;-; 5788;-;  135;-;  143;-; 3478;-; 3335;-;  134;-;    9;-;    9;-;    4;-;   46;-;   85;-;   68;-;   28;-; 5618;-; 5399;-;  208;-;   11;-;   13;-;    9;-;   44;-;   90;-;   62;-;   14;-
4607;5027;05;A;  52;100610; 4;w;19; 3326;-; 5234;-;  105;-;  102;-; 3187;-; 3055;-;  115;-;   17;-;    4;-;    9;-;   27;-;   69;-;   52;-;   30;-; 5100;-; 4907;-;  175;-;   18;-;   15;-;    5;-;   22;-;   75;-;   59;-;   17;-
4607;5027;05;A;  52;100610; 4;w;20; 2372;-; 3310;-;   87;-;   88;-; 2263;-; 2137;-;  120;-;    6;-;    1;-;    2;-;   23;-;   62;-;   55;-;   21;-; 3184;-; 2945;-;  224;-;   15;-;   11;-;    6;-;   23;-;   59;-;   44;-;   27;-
4607;5027;05;A;  52;100610; 4;w;21; 1625;-; 2282;-;   62;-;   76;-; 1547;-; 1425;-;  115;-;    7;-;    3;-;    2;-;    7;-;   53;-;   43;-;   13;-; 2190;-; 1984;-;  191;-;   15;-;    3;-;    7;-;    8;-;   61;-;   44;-;   13;-
4607;5027;05;A;  52;100610; 4;w;22; 1392;-; 1825;-;   56;-;   59;-; 1330;-; 1225;-;   95;-;   10;-;    1;-;    5;-;   15;-;   36;-;   22;-;    5;-; 1747;-; 1593;-;  145;-;    9;-;    3;-;    3;-;   10;-;   46;-;   31;-;   16;-
4607;5027;05;A;  52;100610; 4;w;23; 1091;-; 1681;-;   48;-;   45;-; 1037;-;  960;-;   70;-;    7;-;    0;-;    2;-;   10;-;   36;-;   30;-;    6;-; 1628;-; 1512;-;  103;-;   13;-;    2;-;    2;-;   10;-;   33;-;   25;-;    6;-
4607;5027;05;A;  52;100610; 4;w;24;  718;-; 1291;-;   46;-;   53;-;  670;-;  623;-;   46;-;    1;-;    1;-;    1;-;   11;-;   34;-;   25;-;    1;-; 1232;-; 1141;-;   88;-;    3;-;    1;-;    5;-;    9;-;   39;-;   27;-;    5;-
4607;5027;05;A;  52;100611; 5;w;01;  363;-;  534;-;   34;-;   39;-;  325;-;  286;-;   38;-;    1;-;    1;-;    2;-;    7;-;   25;-;   18;-;    3;-;  490;-;  458;-;   32;-;    0;-;    2;-;    3;-;    6;-;   30;-;   24;-;    3;-
4607;5027;05;A;  52;100611; 5;w;02;  196;-;  208;-;   38;-;   31;-;  157;-;  135;-;   21;-;    1;-;    0;-;    2;-;   11;-;   25;-;   22;-;    1;-;  175;-;  153;-;   22;-;    0;-;    0;-;    0;-;    8;-;   23;-;   13;-;    2;-
4607;5027;05;A;  52;100611; 5;w;03;  161;-;  156;-;   52;-;   48;-;  109;-;   93;-;   16;-;    0;-;    0;-;    1;-;   15;-;   36;-;   23;-;    0;-;  108;-;   87;-;   21;-;    0;-;    0;-;    0;-;   12;-;   36;-;   23;-;    0;-
4607;5027;05;A;  52;100611; 5;w;04;  471;-;  262;-;   63;-;   60;-;  404;-;  370;-;   34;-;    0;-;    3;-;    0;-;   22;-;   41;-;   28;-;    1;-;  202;-;  156;-;   46;-;    0;-;    0;-;    1;-;   24;-;   35;-;   29;-;    0;-
4607;5027;05;A;  52;100611; 5;w;05;  962;-;  458;-;  123;-;   94;-;  835;-;  778;-;   53;-;    4;-;    2;-;    7;-;   48;-;   68;-;   47;-;    2;-;  360;-;  311;-;   49;-;    0;-;    1;-;    3;-;   34;-;   57;-;   42;-;    3;-
4607;5027;05;A;  52;100611; 5;w;06; 2415;-;  868;-;  175;-;  127;-; 2222;-; 2099;-;  103;-;   20;-;    3;-;    4;-;   64;-;  107;-;   90;-;   15;-;  733;-;  648;-;   82;-;    3;-;    3;-;    5;-;   39;-;   83;-;   51;-;    5;-
4607;5027;05;A;  52;100611; 5;w;07; 4866;-; 1891;-;  252;-;  151;-; 4554;-; 4280;-;  248;-;   26;-;   18;-;   11;-;  100;-;  141;-;   99;-;   42;-; 1721;-; 1541;-;  172;-;    8;-;    6;-;    3;-;   65;-;   83;-;   59;-;   13;-
4607;5027;05;A;  52;100611; 5;w;08; 6257;-; 3363;-;  241;-;  183;-; 5958;-; 5740;-;  205;-;   13;-;   19;-;    9;-;   97;-;  135;-;  103;-;   39;-; 3153;-; 2928;-;  212;-;   13;-;   12;-;    5;-;   66;-;  112;-;   84;-;   15;-
4607;5027;05;A;  52;100611; 5;w;09; 5472;-; 3728;-;  246;-;  281;-; 5163;-; 4947;-;  196;-;   20;-;   30;-;   11;-;  100;-;  135;-;   98;-;   33;-; 3413;-; 3134;-;  260;-;   19;-;   13;-;   13;-;  139;-;  129;-;   96;-;   21;-
4607;5027;05;A;  52;100611; 5;w;10; 3742;-; 2559;-;  286;-;  297;-; 3427;-; 3224;-;  189;-;   14;-;   14;-;   10;-;  123;-;  153;-;  113;-;   15;-; 2236;-; 2030;-;  203;-;    3;-;   14;-;   10;-;  119;-;  168;-;  128;-;   12;-
4607;5027;05;A;  52;100611; 5;w;11; 3056;-; 2547;-;  275;-;  274;-; 2738;-; 2529;-;  196;-;   13;-;   22;-;    9;-;  102;-;  164;-;  120;-;   21;-; 2235;-; 1975;-;  251;-;    9;-;   27;-;    5;-;  112;-;  157;-;  125;-;   11;-
4607;5027;05;A;  52;100611; 5;w;12; 2885;-; 2926;-;  274;-;  282;-; 2569;-; 2353;-;  202;-;   14;-;   14;-;    6;-;  130;-;  138;-;  110;-;   28;-; 2611;-; 2313;-;  290;-;    8;-;   19;-;    5;-;  106;-;  171;-;  140;-;   14;-
4607;5027;05;A;  52;100611; 5;w;13; 3063;-; 3591;-;  238;-;  235;-; 2771;-; 2557;-;  195;-;   19;-;   18;-;    5;-;   93;-;  140;-;  110;-;   36;-; 3320;-; 3013;-;  275;-;   32;-;   17;-;    6;-;   87;-;  142;-;  101;-;   19;-
4607;5027;05;A;  52;100611; 5;w;14; 3363;-; 4336;-;  204;-;  215;-; 3120;-; 2904;-;  198;-;   18;-;   15;-;    5;-;   75;-;  124;-;   97;-;   24;-; 4079;-; 3814;-;  246;-;   19;-;   24;-;    4;-;   98;-;  113;-;   90;-;   18;-
4607;5027;05;A;  52;100611; 5;w;15; 3272;-; 5429;-;  240;-;  235;-; 2998;-; 2795;-;  190;-;   13;-;   18;-;    3;-;  100;-;  137;-;  109;-;   16;-; 5148;-; 4874;-;  257;-;   17;-;   25;-;    6;-;  111;-;  118;-;   89;-;   21;-
4607;5027;05;A;  52;100611; 5;w;16; 3653;-; 5728;-;  178;-;  245;-; 3430;-; 3225;-;  180;-;   25;-;   17;-;    7;-;   71;-;  100;-;   73;-;   28;-; 5446;-; 5187;-;  239;-;   20;-;   24;-;    9;-;   75;-;  161;-;  113;-;   13;-
4607;5027;05;A;  52;100611; 5;w;17; 3553;-; 5167;-;  173;-;  170;-; 3334;-; 3135;-;  172;-;   27;-;   17;-;    9;-;   49;-;  115;-;   93;-;   29;-; 4959;-; 4724;-;  225;-;   10;-;   22;-;   11;-;   58;-;  101;-;   75;-;   16;-
4607;5027;05;A;  52;100611; 5;w;18; 3360;-; 4516;-;  153;-;  134;-; 3155;-; 2980;-;  165;-;   10;-;   18;-;   11;-;   50;-;   92;-;   72;-;   34;-; 4338;-; 4111;-;  203;-;   24;-;   19;-;    8;-;   35;-;   91;-;   73;-;   25;-
4607;5027;05;A;  52;100611; 5;w;19; 3142;-; 4144;-;  100;-;  106;-; 3009;-; 2858;-;  142;-;    9;-;    8;-;    3;-;   27;-;   70;-;   58;-;   25;-; 4005;-; 3810;-;  176;-;   19;-;   10;-;    7;-;   25;-;   74;-;   60;-;   23;-
4607;5027;05;A;  52;100611; 5;w;20; 2398;-; 2977;-;   67;-;   76;-; 2310;-; 2191;-;  109;-;   10;-;    6;-;    5;-;   16;-;   46;-;   41;-;   15;-; 2868;-; 2663;-;  186;-;   19;-;   11;-;    3;-;   24;-;   49;-;   41;-;   22;-
4607;5027;05;A;  52;100611; 5;w;21; 1677;-; 2268;-;   58;-;   73;-; 1601;-; 1478;-;  105;-;   18;-;    6;-;    6;-;   11;-;   41;-;   33;-;   12;-; 2169;-; 1994;-;  149;-;   26;-;    6;-;    8;-;    9;-;   56;-;   37;-;   20;-
4607;5027;05;A;  52;100611; 5;w;22; 1185;-; 1723;-;   55;-;   66;-; 1108;-;  994;-;  103;-;   11;-;    6;-;    4;-;   15;-;   36;-;   29;-;   16;-; 1645;-; 1505;-;  123;-;   17;-;    4;-;    5;-;   11;-;   50;-;   32;-;    8;-
4607;5027;05;A;  52;100611; 5;w;23;  991;-; 1558;-;   33;-;   52;-;  950;-;  889;-;   58;-;    3;-;    1;-;    5;-;    8;-;   20;-;   15;-;    7;-; 1497;-; 1403;-;   84;-;   10;-;    7;-;    4;-;   15;-;   33;-;   23;-;    2;-
4607;5027;05;A;  52;100611; 5;w;24;  915;-; 1436;-;   40;-;   48;-;  866;-;  803;-;   55;-;    8;-;    2;-;    7;-;    8;-;   25;-;   18;-;    7;-; 1374;-; 1288;-;   75;-;   11;-;    5;-;    2;-;    3;-;   43;-;   36;-;    9;-
4607;5027;05;A;  52;100612; 6;w;01;  559;-; 1108;-;   31;-;   43;-;  524;-;  488;-;   33;-;    3;-;    0;-;   10;-;   10;-;   11;-;    8;-;    4;-; 1057;-;  989;-;   63;-;    5;-;    0;-;    4;-;    6;-;   33;-;   23;-;    8;-
4607;5027;05;A;  52;100612; 6;w;02;  373;-;  466;-;   22;-;   31;-;  347;-;  314;-;   30;-;    3;-;    1;-;    1;-;    5;-;   16;-;   13;-;    3;-;  433;-;  396;-;   34;-;    3;-;    0;-;    0;-;    7;-;   24;-;   17;-;    2;-
4607;5027;05;A;  52;100612; 6;w;03;  241;-;  270;-;   36;-;   25;-;  203;-;  180;-;   23;-;    0;-;    1;-;    0;-;   10;-;   26;-;   17;-;    1;-;  244;-;  216;-;   25;-;    3;-;    1;-;    0;-;    9;-;   16;-;   13;-;    0;-
4607;5027;05;A;  52;100612; 6;w;04;  532;-;  297;-;   37;-;   26;-;  491;-;  439;-;   50;-;    2;-;    2;-;    1;-;   10;-;   26;-;   18;-;    2;-;  265;-;  227;-;   38;-;    0;-;    3;-;    0;-;   12;-;   14;-;    8;-;    3;-
4607;5027;05;A;  52;100612; 6;w;05;  713;-;  582;-;   41;-;   44;-;  660;-;  607;-;   45;-;    8;-;    3;-;    1;-;   14;-;   26;-;   19;-;    9;-;  532;-;  469;-;   61;-;    2;-;    5;-;    0;-;   27;-;   17;-;   13;-;    1;-
4607;5027;05;A;  52;100612; 6;w;06;  906;-;  498;-;   62;-;   48;-;  832;-;  754;-;   72;-;    6;-;    8;-;    4;-;   33;-;   25;-;   22;-;    4;-;  445;-;  388;-;   57;-;    0;-;    4;-;    3;-;   21;-;   24;-;   18;-;    1;-
4607;5027;05;A;  52;100612; 6;w;07;  981;-;  770;-;   54;-;   54;-;  911;-;  785;-;  120;-;    6;-;   12;-;    6;-;   30;-;   18;-;   14;-;    4;-;  698;-;  619;-;   75;-;    4;-;   12;-;    4;-;   21;-;   29;-;   16;-;    6;-
4607;5027;05;A;  52;100612; 6;w;08; 1218;-; 1011;-;   60;-;   59;-; 1135;-; 1012;-;  113;-;   10;-;   14;-;    3;-;   29;-;   28;-;   23;-;    9;-;  935;-;  820;-;  114;-;    1;-;   12;-;    4;-;   29;-;   26;-;   22;-;    5;-
4607;5027;05;A;  52;100612; 6;w;09; 1747;-; 1535;-;   66;-;   67;-; 1652;-; 1519;-;  126;-;    7;-;   15;-;    4;-;   36;-;   26;-;   19;-;   14;-; 1449;-; 1325;-;  118;-;    6;-;   10;-;    7;-;   33;-;   27;-;   22;-;    9;-
4607;5027;05;A;  52;100612; 6;w;10; 2385;-; 1983;-;   62;-;   70;-; 2303;-; 2178;-;  115;-;   10;-;   13;-;    8;-;   29;-;   25;-;   19;-;    7;-; 1888;-; 1737;-;  145;-;    6;-;   15;-;    6;-;   35;-;   29;-;   28;-;   10;-
4607;5027;05;A;  52;100612; 6;w;11; 2489;-; 2335;-;   49;-;   51;-; 2401;-; 2273;-;  119;-;    9;-;   22;-;    5;-;   25;-;   19;-;   17;-;   17;-; 2242;-; 2079;-;  154;-;    9;-;   30;-;    6;-;   25;-;   20;-;   17;-;   12;-
4607;5027;05;A;  52;100612; 6;w;12; 2597;-; 2619;-;   43;-;   53;-; 2525;-; 2405;-;  110;-;   10;-;   19;-;    3;-;   17;-;   23;-;   19;-;   10;-; 2546;-; 2402;-;  136;-;    8;-;   12;-;    5;-;   29;-;   19;-;   15;-;    8;-
4607;5027;05;A;  52;100612; 6;w;13; 2756;-; 3161;-;   40;-;   73;-; 2682;-; 2569;-;  104;-;    9;-;   16;-;    6;-;   15;-;   19;-;   16;-;   18;-; 3053;-; 2914;-;  136;-;    3;-;   26;-;    7;-;   36;-;   30;-;   28;-;    9;-
4607;5027;05;A;  52;100612; 6;w;14; 3057;-; 3456;-;   39;-;   38;-; 2978;-; 2866;-;  103;-;    9;-;   21;-;    3;-;   19;-;   17;-;   14;-;   19;-; 3382;-; 3196;-;  172;-;   14;-;   21;-;    3;-;   18;-;   17;-;   15;-;   15;-
4607;5027;05;A;  52;100612; 6;w;15; 2784;-; 3260;-;   49;-;   30;-; 2692;-; 2564;-;  124;-;    4;-;   20;-;    2;-;   28;-;   19;-;   15;-;   23;-; 3194;-; 3014;-;  161;-;   19;-;   23;-;    3;-;   15;-;   12;-;   12;-;   13;-
4607;5027;05;A;  52;100612; 6;w;16; 2460;-; 2991;-;   36;-;   30;-; 2389;-; 2272;-;  103;-;   14;-;   11;-;    3;-;   20;-;   13;-;   13;-;   24;-; 2944;-; 2760;-;  178;-;    6;-;   11;-;    5;-;    9;-;   16;-;   14;-;    6;-
4607;5027;05;A;  52;100612; 6;w;17; 2300;-; 2669;-;   20;-;   19;-; 2249;-; 2130;-;  105;-;   14;-;   12;-;    3;-;   13;-;    4;-;    4;-;   19;-; 2631;-; 2486;-;  132;-;   13;-;    9;-;    2;-;    8;-;    9;-;    7;-;   10;-
4607;5027;05;A;  52;100612; 6;w;18; 2223;-; 2695;-;   24;-;   27;-; 2182;-; 2054;-;  116;-;   12;-;    6;-;    6;-;   10;-;    8;-;    8;-;   11;-; 2645;-; 2507;-;  130;-;    8;-;   10;-;    6;-;   10;-;   11;-;   10;-;   13;-
4607;5027;05;A;  52;100612; 6;w;19; 2377;-; 2604;-;   20;-;   33;-; 2330;-; 2233;-;   89;-;    8;-;    8;-;    2;-;   10;-;    8;-;    4;-;   19;-; 2549;-; 2397;-;  139;-;   13;-;    9;-;    4;-;   19;-;   10;-;   10;-;   13;-
4607;5027;05;A;  52;100612; 6;w;20; 1949;-; 1912;-;   14;-;   23;-; 1916;-; 1815;-;   96;-;    5;-;    5;-;    4;-;    8;-;    2;-;    1;-;   14;-; 1878;-; 1738;-;  135;-;    5;-;    5;-;    7;-;    9;-;    7;-;    7;-;    6;-
4607;5027;05;A;  52;100612; 6;w;21; 1497;-; 1494;-;   19;-;   15;-; 1465;-; 1363;-;   93;-;    9;-;    6;-;    7;-;    9;-;    3;-;    2;-;    7;-; 1466;-; 1350;-;  105;-;   11;-;    5;-;    1;-;    7;-;    7;-;    2;-;    8;-
4607;5027;05;A;  52;100612; 6;w;22; 1192;-; 1034;-;   12;-;    9;-; 1170;-; 1091;-;   75;-;    4;-;    6;-;    4;-;    5;-;    3;-;    2;-;    4;-; 1013;-;  953;-;   57;-;    3;-;    6;-;    4;-;    3;-;    2;-;    2;-;    6;-
4607;5027;05;A;  52;100612; 6;w;23; 1163;-; 1522;-;    7;-;    7;-; 1143;-; 1084;-;   53;-;    6;-;    2;-;    2;-;    4;-;    1;-;    0;-;   11;-; 1512;-; 1451;-;   58;-;    3;-;    1;-;    2;-;    4;-;    1;-;    1;-;    2;-
4607;5027;05;A;  52;100612; 6;w;24; 1107;-; 1458;-;    7;-;   10;-; 1088;-; 1031;-;   54;-;    3;-;    3;-;    3;-;    2;-;    2;-;    1;-;    9;-; 1440;-; 1374;-;   63;-;    3;-;    1;-;    2;-;    4;-;    4;-;    4;-;    7;-
4607;5027;05;A;  52;100613; 7;s;01;  763;-;  899;-;    6;-;    4;-;  755;-;  714;-;   37;-;    4;-;    0;-;    1;-;    3;-;    2;-;    0;-;    2;-;  891;-;  836;-;   54;-;    1;-;    2;-;    1;-;    2;-;    1;-;    1;-;    2;-
4607;5027;05;A;  52;100613; 7;s;02;  599;-;  542;-;   10;-;    6;-;  584;-;  551;-;   32;-;    1;-;    1;-;    2;-;    6;-;    2;-;    1;-;    4;-;  536;-;  500;-;   35;-;    1;-;    0;-;    2;-;    3;-;    1;-;    1;-;    0;-
4607;5027;05;A;  52;100613; 7;s;03;  380;-;  352;-;   10;-;    8;-;  367;-;  344;-;   23;-;    0;-;    2;-;    1;-;    8;-;    1;-;    1;-;    1;-;  343;-;  320;-;   22;-;    1;-;    1;-;    4;-;    3;-;    1;-;    1;-;    0;-
4607;5027;05;A;  52;100613; 7;s;04;  687;-;  393;-;   14;-;    9;-;  666;-;  630;-;   36;-;    0;-;    4;-;    3;-;    6;-;    5;-;    3;-;    3;-;  384;-;  360;-;   24;-;    0;-;    0;-;    4;-;    4;-;    1;-;    0;-;    0;-
4607;5027;05;A;  52;100613; 7;s;05;  728;-;  621;-;    8;-;    6;-;  707;-;  663;-;   40;-;    4;-;    5;-;    3;-;    3;-;    2;-;    2;-;    8;-;  614;-;  556;-;   56;-;    2;-;    0;-;    1;-;    5;-;    0;-;    0;-;    1;-
4607;5027;05;A;  52;100613; 7;s;06;  917;-;  529;-;   24;-;    9;-;  864;-;  802;-;   58;-;    4;-;   25;-;    6;-;   12;-;    6;-;    3;-;    4;-;  514;-;  459;-;   54;-;    1;-;    4;-;    5;-;    4;-;    0;-;    0;-;    2;-
4607;5027;05;A;  52;100613; 7;s;07;  780;-;  524;-;   13;-;   10;-;  749;-;  679;-;   70;-;    0;-;   15;-;    1;-;    5;-;    7;-;    5;-;    3;-;  508;-;  451;-;   56;-;    1;-;    6;-;    5;-;    3;-;    2;-;    1;-;    0;-
4607;5027;05;A;  52;100613; 7;s;08;  780;-;  625;-;   14;-;   10;-;  752;-;  678;-;   69;-;    5;-;   10;-;    4;-;    5;-;    5;-;    5;-;    4;-;  606;-;  537;-;   60;-;    9;-;    8;-;    2;-;    5;-;    3;-;    3;-;    1;-
4607;5027;05;A;  52;100613; 7;s;09; 1069;-;  823;-;   15;-;   11;-; 1038;-;  959;-;   70;-;    9;-;    7;-;    2;-;    5;-;    8;-;    7;-;    9;-;  801;-;  738;-;   59;-;    4;-;    7;-;    4;-;    4;-;    3;-;    1;-;    4;-
4607;5027;05;A;  52;100613; 7;s;10; 1436;-; 1242;-;   17;-;   14;-; 1403;-; 1325;-;   64;-;   14;-;    9;-;    5;-;    9;-;    3;-;    2;-;    7;-; 1215;-; 1107;-;   91;-;   17;-;   10;-;    4;-;    5;-;    5;-;    5;-;    3;-
4607;5027;05;A;  52;100613; 7;s;11; 1736;-; 1684;-;   24;-;   20;-; 1697;-; 1605;-;   75;-;   17;-;    7;-;    6;-;   12;-;    6;-;    4;-;    8;-; 1646;-; 1494;-;  107;-;   45;-;    9;-;    5;-;    9;-;    6;-;    6;-;    9;-
4607;5027;05;A;  52;100613; 7;s;12; 1997;-; 1917;-;   15;-;   17;-; 1957;-; 1837;-;   92;-;   28;-;    9;-;    3;-;    6;-;    6;-;    5;-;   16;-; 1888;-; 1725;-;  137;-;   26;-;    7;-;    5;-;    6;-;    6;-;    5;-;    5;-
4607;5027;05;A;  52;100613; 7;s;13; 2278;-; 2225;-;   12;-;   20;-; 2244;-; 2118;-;   97;-;   29;-;   11;-;    1;-;    8;-;    3;-;    1;-;   11;-; 2192;-; 2050;-;  108;-;   34;-;    6;-;    5;-;   11;-;    4;-;    2;-;    7;-
4607;5027;05;A;  52;100613; 7;s;14; 2637;-; 2380;-;   16;-;   19;-; 2590;-; 2461;-;   95;-;   34;-;   10;-;    1;-;    9;-;    6;-;    5;-;   21;-; 2342;-; 2195;-;  116;-;   31;-;    9;-;    3;-;   10;-;    6;-;    4;-;   10;-
4607;5027;05;A;  52;100613; 7;s;15; 2548;-; 2797;-;   19;-;   18;-; 2499;-; 2394;-;   76;-;   29;-;   15;-;    6;-;    5;-;    8;-;    5;-;   15;-; 2760;-; 2614;-;  113;-;   33;-;   11;-;    1;-;    8;-;    9;-;    4;-;    8;-
4607;5027;05;A;  52;100613; 7;s;16; 2311;-; 2460;-;   10;-;    8;-; 2284;-; 2176;-;   91;-;   17;-;    5;-;    2;-;    4;-;    4;-;    4;-;   12;-; 2424;-; 2285;-;  108;-;   31;-;   17;-;    2;-;    4;-;    2;-;    2;-;   11;-
4607;5027;05;A;  52;100613; 7;s;17; 2218;-; 2372;-;   24;-;   23;-; 2166;-; 2035;-;   97;-;   34;-;   12;-;    4;-;   12;-;    8;-;    8;-;   16;-; 2307;-; 2136;-;  138;-;   33;-;   33;-;    4;-;   11;-;    8;-;    6;-;    9;-
4607;5027;05;A;  52;100613; 7;s;18; 2537;-; 2515;-;   28;-;   18;-; 2484;-; 2358;-;  101;-;   25;-;   10;-;    6;-;   11;-;   11;-;   11;-;   15;-; 2462;-; 2293;-;  140;-;   29;-;   23;-;    7;-;    5;-;    6;-;    6;-;   12;-
4607;5027;05;A;  52;100613; 7;s;19; 2480;-; 2371;-;   26;-;   23;-; 2435;-; 2323;-;   88;-;   24;-;    9;-;   10;-;   11;-;    5;-;    3;-;   10;-; 2317;-; 2165;-;  136;-;   16;-;   19;-;    3;-;   11;-;    9;-;    7;-;   12;-
4607;5027;05;A;  52;100613; 7;s;20; 2180;-; 2071;-;   22;-;   24;-; 2130;-; 2028;-;   77;-;   25;-;   13;-;    3;-;   14;-;    5;-;    5;-;   15;-; 2016;-; 1876;-;  124;-;   16;-;   21;-;    7;-;    9;-;    8;-;    5;-;   10;-
4607;5027;05;A;  52;100613; 7;s;21; 1209;u; 1183;u;   15;u;   25;u; 1182;u; 1088;u;   83;u;   11;u;    5;u;    3;u;    2;u;   10;u;    6;u;    7;u; 1145;u; 1054;u;   86;u;    5;u;   10;u;    6;u;    9;u;   10;u;    8;u;    3;u
4607;5027;05;A;  52;100613; 7;s;22;  856;u;  837;u;   20;u;   23;u;  827;u;  744;u;   78;u;    5;u;    4;u;    2;u;    6;u;   12;u;    9;u;    5;u;  802;u;  723;u;   72;u;    7;u;    6;u;    8;u;    8;u;    7;u;    6;u;    6;u
4607;5027;05;A;  52;100613; 7;s;23;  972;-; 1118;-;   30;-;   24;-;  934;-;  869;-;   60;-;    5;-;    0;-;    1;-;    8;-;   21;-;   19;-;    8;-; 1089;-; 1021;-;   59;-;    9;-;    2;-;    0;-;    9;-;   15;-;   13;-;    3;-
4607;5027;05;A;  52;100613; 7;s;24; 1157;-; 1223;-;   32;-;   30;-; 1116;-; 1064;-;   48;-;    4;-;    1;-;    0;-;    9;-;   23;-;   19;-;    8;-; 1189;-; 1116;-;   67;-;    6;-;    2;-;    2;-;    6;-;   22;-;   19;-;    2;-
4607;5027;05;A;  52;100614; 1;w;01;  383;-;  698;-;   33;-;   34;-;  348;-;  298;-;   49;-;    1;-;    0;-;    2;-;    8;-;   23;-;   15;-;    2;-;  659;-;  595;-;   61;-;    3;-;    2;-;    4;-;    7;-;   23;-;   20;-;    3;-
4607;5027;05;A;  52;100614; 1;w;02;  161;-;  222;-;   20;-;   27;-;  140;-;  127;-;   12;-;    1;-;    0;-;    0;-;    3;-;   17;-;   12;-;    1;-;  194;-;  163;-;   30;-;    1;-;    1;-;    0;-;    7;-;   20;-;   10;-;    0;-
4607;5027;05;A;  52;100614; 1;w;03;  144;-;  119;-;   31;-;   24;-;  110;-;  101;-;    9;-;    0;-;    1;-;    0;-;   11;-;   20;-;   19;-;    2;-;   92;-;   72;-;   20;-;    0;-;    1;-;    0;-;    8;-;   16;-;   10;-;    2;-
4607;5027;05;A;  52;100614; 1;w;04;  464;-;  193;-;   56;-;   42;-;  402;-;  364;-;   37;-;    1;-;    2;-;    2;-;   21;-;   33;-;   24;-;    4;-;  149;-;  120;-;   29;-;    0;-;    1;-;    1;-;   19;-;   22;-;   18;-;    1;-
4607;5027;05;A;  52;100614; 1;w;05;  980;-;  425;-;  105;-;   73;-;  865;-;  799;-;   60;-;    6;-;    2;-;    8;-;   42;-;   55;-;   42;-;    8;-;  350;-;  296;-;   54;-;    0;-;    1;-;    2;-;   33;-;   38;-;   26;-;    1;-
4607;5027;05;A;  52;100614; 1;w;06; 2844;-;  890;-;  208;-;  135;-; 2589;-; 2463;-;  101;-;   25;-;    2;-;    2;-;   72;-;  134;-;  107;-;   45;-;  748;-;  655;-;   86;-;    7;-;    2;-;    5;-;   39;-;   91;-;   74;-;    5;-
4607;5027;05;A;  52;100614; 1;w;07; 5335;-; 2055;-;  254;-;  188;-; 5023;-; 4732;-;  259;-;   32;-;   13;-;    6;-;  104;-;  144;-;  108;-;   45;-; 1845;-; 1665;-;  172;-;    8;-;    7;-;    3;-;   87;-;   98;-;   78;-;   15;-
4607;5027;05;A;  52;100614; 1;w;08; 6487;-; 3577;-;  233;-;  215;-; 6193;-; 5925;-;  234;-;   34;-;   27;-;   17;-;   90;-;  126;-;   89;-;   34;-; 3338;-; 3133;-;  192;-;   13;-;    7;-;    4;-;   97;-;  114;-;   88;-;   17;-
4607;5027;05;A;  52;100614; 1;w;09; 5932;-; 3890;-;  266;-;  248;-; 5607;-; 5404;-;  184;-;   19;-;   21;-;   11;-;  114;-;  141;-;   98;-;   38;-; 3619;-; 3395;-;  218;-;    6;-;   12;-;    8;-;  121;-;  119;-;   85;-;   11;-
4607;5027;05;A;  52;100614; 1;w;10; 4282;-; 2830;-;  231;-;  266;-; 4027;-; 3803;-;  204;-;   20;-;   13;-;   11;-;   84;-;  136;-;  106;-;   11;-; 2540;-; 2286;-;  247;-;    7;-;   14;-;    8;-;  125;-;  133;-;  106;-;   10;-
4607;5027;05;A;  52;100614; 1;w;11; 3420;-; 2463;-;  296;-;  238;-; 3088;-; 2867;-;  213;-;    8;-;   14;-;    6;-;  123;-;  167;-;  132;-;   22;-; 2198;-; 1975;-;  214;-;    9;-;   13;-;    3;-;  107;-;  128;-;  105;-;   14;-
4607;5027;05;A;  52;100614; 1;w;12; 3015;-; 2688;-;  271;-;  252;-; 2719;-; 2499;-;  209;-;   11;-;    7;-;    5;-;   97;-;  169;-;  135;-;   18;-; 2412;-; 2172;-;  225;-;   15;-;   13;-;    3;-;   91;-;  158;-;  119;-;   11;-
4607;5027;05;A;  52;100614; 1;w;13; 2946;-; 3036;-;  251;-;  269;-; 2636;-; 2417;-;  190;-;   29;-;   21;-;    8;-;   97;-;  146;-;  119;-;   38;-; 2743;-; 2496;-;  236;-;   11;-;   12;-;    6;-;  117;-;  146;-;  111;-;   12;-
4607;5027;05;A;  52;100614; 1;w;14; 3056;-; 3289;-;  198;-;  245;-; 2823;-; 2627;-;  185;-;   11;-;   19;-;    8;-;   75;-;  115;-;   91;-;   16;-; 3011;-; 2767;-;  227;-;   17;-;   14;-;    7;-;   98;-;  140;-;  109;-;   19;-
4607;5027;05;A;  52;100614; 1;w;15; 2673;-; 3624;-;  246;-;  250;-; 2401;-; 2215;-;  170;-;   16;-;   10;-;    2;-;   95;-;  149;-;  126;-;   16;-; 3348;-; 3099;-;  224;-;   25;-;   15;-;    6;-;  105;-;  139;-;  119;-;   11;-
4607;5027;05;A;  52;100614; 1;w;16; 2839;-; 4776;-;  229;-;  215;-; 2584;-; 2378;-;  190;-;   16;-;   12;-;    4;-;   82;-;  143;-;  114;-;   14;-; 4521;-; 4193;-;  310;-;   18;-;   22;-;    4;-;   99;-;  112;-;   79;-;   18;-
4607;5027;05;A;  52;100614; 1;w;17; 3301;-; 5269;-;  176;-;  182;-; 3096;-; 2909;-;  168;-;   19;-;    9;-;    5;-;   66;-;  105;-;   76;-;   20;-; 5048;-; 4739;-;  282;-;   27;-;   26;-;    8;-;   59;-;  115;-;   92;-;   13;-
4607;5027;05;A;  52;100614; 1;w;18; 3422;-; 4202;-;  137;-;  110;-; 3239;-; 3092;-;  136;-;   11;-;   15;-;    5;-;   45;-;   87;-;   73;-;   31;-; 4066;-; 3843;-;  193;-;   30;-;    8;-;    2;-;   41;-;   67;-;   52;-;   18;-
4607;5027;05;A;  52;100614; 1;w;19; 3043;-; 5221;-;  105;-;  126;-; 2905;-; 2767;-;  128;-;   10;-;   11;-;    1;-;   30;-;   74;-;   62;-;   22;-; 5077;-; 4896;-;  155;-;   26;-;    7;-;    2;-;   28;-;   96;-;   81;-;   11;-
4607;5027;05;A;  52;100614; 1;w;20; 2176;-; 3004;-;   69;-;   73;-; 2087;-; 1968;-;  108;-;   11;-;    3;-;    3;-;   16;-;   50;-;   35;-;   17;-; 2903;-; 2682;-;  193;-;   28;-;    8;-;    2;-;   10;-;   61;-;   54;-;   20;-
4607;5027;05;A;  52;100614; 1;w;21; 1537;-; 1877;-;   60;-;   75;-; 1462;-; 1352;-;   99;-;   11;-;    2;-;    4;-;   16;-;   40;-;   34;-;   13;-; 1783;-; 1632;-;  129;-;   22;-;    4;-;    5;-;   14;-;   56;-;   39;-;   15;-
4607;5027;05;A;  52;100614; 1;w;22; 1201;-; 1515;-;   53;-;   46;-; 1145;-; 1054;-;   85;-;    6;-;    0;-;    1;-;   11;-;   41;-;   33;-;    3;-; 1455;-; 1324;-;  113;-;   18;-;    4;-;    0;-;   10;-;   36;-;   23;-;   10;-
4607;5027;05;A;  52;100614; 1;w;23;  915;-; 1270;-;   57;-;   50;-;  850;-;  778;-;   63;-;    9;-;    0;-;    2;-;    9;-;   46;-;   35;-;    8;-; 1213;-; 1107;-;   84;-;   22;-;    1;-;    1;-;    8;-;   41;-;   34;-;    6;-
4607;5027;05;A;  52;100614; 1;w;24;  538;-; 1036;-;   35;-;   54;-;  498;-;  452;-;   44;-;    2;-;    2;-;    0;-;   11;-;   24;-;   18;-;    3;-;  975;-;  908;-;   61;-;    6;-;    3;-;    3;-;    8;-;   43;-;   29;-;    4;-
4607;5027;05;A;  52;100615; 2;w;01;  261;-;  429;-;   33;-;   32;-;  224;-;  186;-;   36;-;    2;-;    1;-;    0;-;   10;-;   23;-;   17;-;    3;-;  395;-;  369;-;   22;-;    4;-;    0;-;    2;-;    8;-;   22;-;   17;-;    2;-
4607;5027;05;A;  52;100615; 2;w;02;  155;-;  171;-;   36;-;   41;-;  116;-;  101;-;   13;-;    2;-;    0;-;    1;-;    7;-;   28;-;   23;-;    3;-;  129;-;  104;-;   25;-;    0;-;    0;-;    1;-;    9;-;   31;-;   22;-;    1;-
4607;5027;05;A;  52;100615; 2;w;03;  153;-;  133;-;   46;-;   39;-;  104;-;   86;-;   17;-;    1;-;    1;-;    0;-;   17;-;   29;-;   21;-;    2;-;   93;-;   64;-;   29;-;    0;-;    0;-;    0;-;   14;-;   25;-;   20;-;    1;-
4607;5027;05;A;  52;100615; 2;w;04;  529;-;  226;-;   59;-;   53;-;  466;-;  411;-;   51;-;    4;-;    1;-;    0;-;   21;-;   38;-;   20;-;    3;-;  171;-;  141;-;   30;-;    0;-;    1;-;    0;-;   24;-;   29;-;   17;-;    1;-
4607;5027;05;A;  52;100615; 2;w;05;  976;-;  480;-;  110;-;   91;-;  859;-;  796;-;   53;-;   10;-;    2;-;    5;-;   38;-;   67;-;   53;-;    5;-;  386;-;  329;-;   57;-;    0;-;    2;-;    0;-;   29;-;   62;-;   49;-;    1;-
4607;5027;05;A;  52;100615; 2;w;06; 2716;-;  887;-;  185;-;  124;-; 2515;-; 2369;-;  118;-;   28;-;    5;-;    2;-;   76;-;  107;-;   80;-;   11;-;  755;-;  677;-;   69;-;    9;-;    4;-;    1;-;   42;-;   81;-;   64;-;    4;-
4607;5027;05;A;  52;100615; 2;w;07; 5268;-; 2028;-;  270;-;  163;-; 4944;-; 4634;-;  277;-;   33;-;   19;-;    7;-;  110;-;  153;-;  105;-;   35;-; 1843;-; 1658;-;  174;-;   11;-;    8;-;    4;-;   64;-;   95;-;   65;-;   14;-
4607;5027;05;A;  52;100615; 2;w;08; 6631;-; 3532;-;  264;-;  216;-; 6325;-; 6060;-;  233;-;   32;-;   22;-;   13;-;  110;-;  141;-;  109;-;   20;-; 3289;-; 3067;-;  210;-;   12;-;   11;-;   11;-;   90;-;  115;-;   75;-;   16;-
4607;5027;05;A;  52;100615; 2;w;09; 5814;-; 3919;-;  234;-;  252;-; 5493;-; 5268;-;  202;-;   23;-;   16;-;    7;-;   96;-;  131;-;   91;-;   71;-; 3633;-; 3393;-;  223;-;   17;-;    8;-;   12;-;  116;-;  124;-;   97;-;   26;-
4607;5027;05;A;  52;100615; 2;w;10; 4625;-; 2806;-;  283;-;  238;-; 4311;-; 4081;-;  214;-;   16;-;    9;-;   13;-;  105;-;  165;-;  133;-;   22;-; 2545;-; 2299;-;  234;-;   12;-;   12;-;    4;-;  104;-;  130;-;  100;-;   11;-
4607;5027;05;A;  52;100615; 2;w;11; 3107;-; 2369;-;  274;-;  266;-; 2782;-; 2573;-;  196;-;   13;-;   21;-;    9;-;  103;-;  162;-;  115;-;   30;-; 2076;-; 1860;-;  205;-;   11;-;   16;-;    6;-;  106;-;  154;-;  119;-;   11;-
4607;5027;05;A;  52;100615; 2;w;12; 2815;-; 2447;-;  248;-;  251;-; 2540;-; 2354;-;  177;-;    9;-;   15;-;    3;-;  105;-;  140;-;  111;-;   12;-; 2168;-; 1926;-;  238;-;    4;-;   15;-;    5;-;  101;-;  145;-;  111;-;   13;-
4607;5027;05;A;  52;100615; 2;w;13; 2923;-; 2872;-;  233;-;  264;-; 2650;-; 2412;-;  210;-;   28;-;   20;-;    7;-;   77;-;  149;-;  115;-;   20;-; 2584;-; 2352;-;  222;-;   10;-;   11;-;    5;-;  116;-;  143;-;  113;-;   13;-
4607;5027;05;A;  52;100615; 2;w;14; 3037;-; 3624;-;  249;-;  250;-; 2759;-; 2572;-;  174;-;   13;-;   15;-;    5;-;   90;-;  154;-;  129;-;   14;-; 3337;-; 3104;-;  224;-;    9;-;   24;-;    4;-;  102;-;  144;-;  114;-;   13;-
4607;5027;05;A;  52;100615; 2;w;15; 3053;-; 3914;-;  255;-;  265;-; 2745;-; 2522;-;  207;-;   16;-;   26;-;    7;-;   77;-;  171;-;  128;-;   27;-; 3617;-; 3357;-;  230;-;   30;-;   20;-;    6;-;  110;-;  149;-;  122;-;   12;-
4607;5027;05;A;  52;100615; 2;w;16; 3070;-; 5067;-;  230;-;  210;-; 2806;-; 2576;-;  212;-;   18;-;   16;-;    2;-;   87;-;  141;-;  103;-;   18;-; 4812;-; 4503;-;  279;-;   30;-;   30;-;    4;-;   82;-;  124;-;   88;-;   15;-
4607;5027;05;A;  52;100615; 2;w;17; 3410;-; 5775;-;  173;-;  214;-; 3205;-; 2990;-;  199;-;   16;-;   14;-;    3;-;   67;-;  103;-;   82;-;   18;-; 5509;-; 5215;-;  255;-;   39;-;   37;-;    5;-;   75;-;  134;-;   96;-;   15;-
4607;5027;05;A;  52;100615; 2;w;18; 3637;-; 5811;-;  152;-;  154;-; 3455;-; 3272;-;  167;-;   16;-;   10;-;    8;-;   49;-;   95;-;   77;-;   20;-; 5632;-; 5403;-;  199;-;   30;-;   12;-;    4;-;   55;-;   95;-;   68;-;   13;-
4607;5027;05;A;  52;100615; 2;w;19; 3241;-; 5054;-;   95;-;  105;-; 3114;-; 2967;-;  124;-;   23;-;    8;-;    4;-;   20;-;   71;-;   55;-;   24;-; 4928;-; 4727;-;  184;-;   17;-;   11;-;    5;-;   24;-;   76;-;   59;-;   10;-
4607;5027;05;A;  52;100615; 2;w;20; 2391;-; 3190;-;   70;-;   65;-; 2300;-; 2151;-;  135;-;   14;-;    5;-;    2;-;   10;-;   58;-;   48;-;   16;-; 3104;-; 2915;-;  159;-;   30;-;    8;-;    2;-;   23;-;   40;-;   27;-;   13;-
4607;5027;05;A;  52;100615; 2;w;21; 1638;-; 2153;-;   78;-;   77;-; 1537;-; 1407;-;  113;-;   17;-;    4;-;    7;-;   18;-;   53;-;   40;-;   19;-; 2060;-; 1901;-;  144;-;   15;-;    6;-;    5;-;   15;-;   57;-;   40;-;   10;-
4607;5027;05;A;  52;100615; 2;w;22; 1265;-; 1691;-;   53;-;   61;-; 1199;-; 1090;-;  102;-;    7;-;    3;-;    5;-;   13;-;   35;-;   28;-;   10;-; 1621;-; 1487;-;  108;-;   26;-;    4;-;    3;-;   15;-;   43;-;   25;-;    5;-
4607;5027;05;A;  52;100615; 2;w;23;  990;-; 1510;-;   44;-;   49;-;  942;-;  857;-;   81;-;    4;-;    1;-;    4;-;    5;-;   35;-;   23;-;    3;-; 1456;-; 1357;-;   76;-;   23;-;    2;-;    0;-;    8;-;   41;-;   31;-;    3;-
4607;5027;05;A;  52;100615; 2;w;24;  615;-; 1070;-;   30;-;   47;-;  581;-;  524;-;   56;-;    1;-;    1;-;    1;-;    7;-;   22;-;   17;-;    3;-; 1019;-;  947;-;   70;-;    2;-;    1;-;    0;-;   10;-;   37;-;   27;-;    3;-
4607;5027;05;A;  52;100616; 3;w;01;  320;-;  615;-;   35;-;   28;-;  281;-;  239;-;   40;-;    2;-;    1;-;    0;-;    7;-;   28;-;   21;-;    3;-;  587;-;  528;-;   52;-;    7;-;    0;-;    2;-;    5;-;   21;-;   15;-;    0;-
4607;5027;05;A;  52;100616; 3;w;02;  155;-;  235;-;   47;-;   34;-;  107;-;   89;-;   15;-;    3;-;    0;-;    1;-;   12;-;   34;-;   28;-;    1;-;  201;-;  178;-;   22;-;    1;-;    0;-;    0;-;    7;-;   27;-;   16;-;    0;-
4607;5027;05;A;  52;100616; 3;w;03;  158;-;  156;-;   48;-;   46;-;  108;-;   93;-;   14;-;    1;-;    1;-;    0;-;   13;-;   35;-;   22;-;    1;-;  110;-;   89;-;   21;-;    0;-;    0;-;    1;-;   13;-;   32;-;   22;-;    0;-
4607;5027;05;A;  52;100616; 3;w;04;  484;-;  253;-;   61;-;   65;-;  421;-;  370;-;   48;-;    3;-;    1;-;    3;-;   19;-;   39;-;   26;-;    1;-;  187;-;  155;-;   32;-;    0;-;    0;-;    0;-;   22;-;   43;-;   29;-;    1;-
4607;5027;05;A;  52;100616; 3;w;05;  908;-;  435;-;  122;-;   85;-;  783;-;  723;-;   52;-;    8;-;    0;-;    8;-;   46;-;   68;-;   49;-;    3;-;  350;-;  306;-;   43;-;    1;-;    0;-;    1;-;   26;-;   58;-;   38;-;    0;-
4607;5027;05;A;  52;100616; 3;w;06; 2621;-;  845;-;  187;-;  134;-; 2415;-; 2266;-;  120;-;   29;-;    2;-;    4;-;   64;-;  119;-;  100;-;   17;-;  703;-;  611;-;   85;-;    7;-;    2;-;    1;-;   44;-;   89;-;   65;-;    6;-
4607;5027;05;A;  52;100616; 3;w;07; 5241;-; 2050;-;  222;-;  175;-; 4980;-; 4659;-;  281;-;   40;-;   22;-;    7;-;   90;-;  125;-;   90;-;   17;-; 1851;-; 1670;-;  172;-;    9;-;   10;-;    1;-;   67;-;  107;-;   83;-;   14;-
4607;5027;05;A;  52;100616; 3;w;08; 6567;-; 3473;-;  257;-;  187;-; 6263;-; 5980;-;  253;-;   30;-;   25;-;   11;-;   92;-;  154;-;  120;-;   22;-; 3262;-; 3050;-;  201;-;   11;-;   10;-;    7;-;   79;-;  101;-;   77;-;   14;-
4607;5027;05;A;  52;100616; 3;w;09; 5870;-; 3718;-;  241;-;  242;-; 5595;-; 5382;-;  196;-;   17;-;   17;-;    4;-;   97;-;  140;-;  103;-;   17;-; 3433;-; 3199;-;  228;-;    6;-;   21;-;    5;-;   99;-;  138;-;   93;-;   22;-
4607;5027;05;A;  52;100616; 3;w;10; 4268;-; 2837;-;  293;-;  252;-; 3930;-; 3697;-;  216;-;   17;-;   20;-;    9;-;  110;-;  174;-;  142;-;   25;-; 2558;-; 2347;-;  196;-;   15;-;   20;-;    7;-;  115;-;  130;-;   97;-;    7;-
4607;5027;05;A;  52;100616; 3;w;11; 3117;-; 2456;-;  263;-;  250;-; 2822;-; 2599;-;  209;-;   14;-;   19;-;    5;-;  101;-;  157;-;  115;-;   13;-; 2181;-; 1976;-;  201;-;    4;-;   15;-;    9;-;   94;-;  147;-;  123;-;   10;-
4607;5027;05;A;  52;100616; 3;w;12; 2955;-; 2659;-;  271;-;  231;-; 2649;-; 2419;-;  217;-;   13;-;   20;-;    8;-;   91;-;  172;-;  126;-;   15;-; 2412;-; 2202;-;  195;-;   15;-;    8;-;    7;-;   78;-;  146;-;  110;-;    8;-
4607;5027;05;A;  52;100616; 3;w;13; 2968;-; 3173;-;  210;-;  276;-; 2719;-; 2512;-;  194;-;   13;-;   19;-;    3;-;   72;-;  135;-;  109;-;   20;-; 2865;-; 2640;-;  213;-;   12;-;   17;-;    4;-;  112;-;  160;-;  128;-;   15;-
4607;5027;05;A;  52;100616; 3;w;14; 3293;-; 3507;-;  218;-;  244;-; 3027;-; 2817;-;  199;-;   11;-;   16;-;    2;-;   78;-;  138;-;  119;-;   32;-; 3237;-; 2991;-;  229;-;   17;-;   17;-;    5;-;   87;-;  152;-;  107;-;    9;-
4607;5027;05;A;  52;100616; 3;w;15; 3000;-; 4017;-;  231;-;  228;-; 2731;-; 2491;-;  220;-;   20;-;   10;-;    6;-;   85;-;  140;-;  114;-;   28;-; 3757;-; 3480;-;  259;-;   18;-;   18;-;    6;-;   94;-;  128;-;  101;-;   14;-
4607;5027;05;A;  52;100616; 3;w;16; 3105;-; 4961;-;  212;-;  218;-; 2855;-; 2607;-;  225;-;   23;-;   14;-;    2;-;   87;-;  123;-;   85;-;   24;-; 4711;-; 4411;-;  271;-;   29;-;   21;-;    1;-;   80;-;  137;-;   99;-;   11;-
4607;5027;05;A;  52;100616; 3;w;17; 3493;-; 5743;-;  171;-;  187;-; 3290;-; 3074;-;  198;-;   18;-;   11;-;    6;-;   52;-;  113;-;   79;-;   21;-; 5509;-; 5260;-;  213;-;   36;-;   30;-;   10;-;   63;-;  114;-;   81;-;   17;-
4607;5027;05;A;  52;100616; 3;w;18; 3638;-; 5871;-;  143;-;  166;-; 3455;-; 3267;-;  178;-;   10;-;   17;-;    7;-;   48;-;   88;-;   67;-;   23;-; 5671;-; 5458;-;  182;-;   31;-;   16;-;    9;-;   51;-;  106;-;   84;-;   18;-
4607;5027;05;A;  52;100616; 3;w;19; 3310;-; 5093;-;  106;-;  105;-; 3175;-; 2993;-;  162;-;   20;-;    9;-;    3;-;   28;-;   75;-;   53;-;   20;-; 4961;-; 4743;-;  199;-;   19;-;   12;-;    5;-;   25;-;   75;-;   52;-;   15;-
4607;5027;05;A;  52;100616; 3;w;20; 2426;-; 3194;-;   93;-;   85;-; 2288;-; 2113;-;  140;-;   35;-;    6;-;    4;-;   19;-;   70;-;   51;-;   39;-; 3081;-; 2880;-;  175;-;   26;-;    7;-;    2;-;   25;-;   58;-;   49;-;   21;-
4607;5027;05;A;  52;100616; 3;w;21; 1611;-; 2306;-;   73;-;   86;-; 1518;-; 1387;-;  115;-;   16;-;    8;-;    9;-;   16;-;   48;-;   38;-;   12;-; 2202;-; 2040;-;  147;-;   15;-;    8;-;    6;-;   15;-;   65;-;   42;-;   10;-
4607;5027;05;A;  52;100616; 3;w;22; 1410;-; 1894;-;   46;-;   52;-; 1351;-; 1231;-;  104;-;   16;-;    4;-;    6;-;   15;-;   25;-;   20;-;    9;-; 1822;-; 1649;-;  146;-;   27;-;    3;-;    5;-;    7;-;   40;-;   31;-;   17;-
4607;5027;05;A;  52;100616; 3;w;23; 1162;-; 1559;-;   43;-;   48;-; 1098;-; 1012;-;   80;-;    6;-;    4;-;    2;-;    8;-;   33;-;   27;-;   17;-; 1503;-; 1412;-;   80;-;   11;-;    2;-;    2;-;   11;-;   35;-;   26;-;    6;-
4607;5027;05;A;  52;100616; 3;w;24;  616;-; 1220;-;   45;-;   47;-;  565;-;  505;-;   55;-;    5;-;    2;-;    2;-;   15;-;   28;-;   23;-;    4;-; 1166;-; 1095;-;   68;-;    3;-;    2;-;    2;-;    8;-;   37;-;   27;-;    5;-
4607;5027;05;A;  52;100617; 4;w;01;  306;-;  642;-;   36;-;   49;-;  268;-;  238;-;   30;-;    0;-;    0;-;    2;-;    7;-;   27;-;   21;-;    2;-;  590;-;  549;-;   38;-;    3;-;    1;-;    3;-;    6;-;   40;-;   29;-;    2;-
4607;5027;05;A;  52;100617; 4;w;02;  160;-;  198;-;   29;-;   36;-;  130;-;  106;-;   22;-;    2;-;    1;-;    1;-;    7;-;   21;-;   15;-;    0;-;  159;-;  136;-;   21;-;    2;-;    0;-;    0;-;    7;-;   29;-;   17;-;    3;-
4607;5027;05;A;  52;100617; 4;w;03;  150;-;  132;-;   49;-;   38;-;   97;-;   80;-;   16;-;    1;-;    2;-;    0;-;   14;-;   35;-;   27;-;    2;-;   93;-;   74;-;   19;-;    0;-;    1;-;    0;-;   12;-;   26;-;   18;-;    0;-
4607;5027;05;A;  52;100617; 4;w;04;  461;-;  217;-;   67;-;   56;-;  386;-;  336;-;   46;-;    4;-;    4;-;    0;-;   25;-;   42;-;   24;-;    4;-;  160;-;  127;-;   33;-;    0;-;    0;-;    0;-;   26;-;   30;-;   20;-;    1;-
4607;5027;05;A;  52;100617; 4;w;05;  908;-;  442;-;  111;-;   92;-;  787;-;  712;-;   69;-;    6;-;    3;-;    7;-;   41;-;   63;-;   38;-;    7;-;  349;-;  291;-;   56;-;    2;-;    1;-;    2;-;   40;-;   50;-;   41;-;    0;-
4607;5027;05;A;  52;100617; 4;w;06; 2591;-;  933;-;  182;-;  140;-; 2393;-; 2231;-;  133;-;   29;-;    4;-;    3;-;   60;-;  119;-;   97;-;   12;-;  776;-;  663;-;  105;-;    8;-;    3;-;    3;-;   47;-;   90;-;   70;-;   14;-
4607;5027;05;A;  52;100617; 4;w;07; 5136;-; 2019;-;  234;-;  158;-; 4853;-; 4526;-;  277;-;   50;-;   24;-;    8;-;   94;-;  132;-;   88;-;   25;-; 1846;-; 1676;-;  148;-;   22;-;    9;-;    3;-;   68;-;   87;-;   60;-;    6;-
4607;5027;05;A;  52;100617; 4;w;08; 6422;-; 3435;-;  233;-;  196;-; 6124;-; 5847;-;  239;-;   38;-;   31;-;   16;-;   79;-;  138;-;  104;-;   34;-; 3214;-; 3002;-;  201;-;   11;-;   13;-;    8;-;   95;-;   93;-;   65;-;   12;-
4607;5027;05;A;  52;100617; 4;w;09; 5855;-; 3912;-;  234;-;  244;-; 5572;-; 5326;-;  217;-;   29;-;   13;-;    8;-;   98;-;  128;-;   98;-;   36;-; 3636;-; 3411;-;  215;-;   10;-;   21;-;    8;-;  113;-;  123;-;   81;-;   11;-
4607;5027;05;A;  52;100617; 4;w;10; 4326;-; 2824;-;  255;-;  250;-; 4018;-; 3768;-;  224;-;   26;-;   17;-;   12;-;  101;-;  142;-;  107;-;   36;-; 2557;-; 2339;-;  204;-;   14;-;   12;-;   12;-;  111;-;  127;-;  102;-;    5;-
4607;5027;05;A;  52;100617; 4;w;11; 3045;-; 2598;-;  254;-;  244;-; 2758;-; 2544;-;  202;-;   12;-;   12;-;    2;-;   87;-;  165;-;  124;-;   21;-; 2324;-; 2080;-;  230;-;   14;-;   16;-;    5;-;   99;-;  140;-;  105;-;   14;-
4607;5027;05;A;  52;100617; 4;w;12; 2839;-; 2570;-;  289;-;  251;-; 2507;-; 2283;-;  213;-;   11;-;   21;-;    7;-;  102;-;  180;-;  146;-;   22;-; 2286;-; 2069;-;  204;-;   13;-;   23;-;    5;-;   88;-;  158;-;  127;-;   10;-
4607;5027;05;A;  52;100617; 4;w;13; 2803;-; 3021;-;  248;-;  248;-; 2538;-; 2333;-;  190;-;   15;-;    7;-;    5;-;   84;-;  159;-;  128;-;   10;-; 2743;-; 2504;-;  225;-;   14;-;   17;-;    1;-;  101;-;  146;-;  125;-;   13;-
4607;5027;05;A;  52;100617; 4;w;14; 3091;-; 3536;-;  214;-;  273;-; 2837;-; 2611;-;  206;-;   20;-;   20;-;    4;-;   76;-;  134;-;  113;-;   20;-; 3229;-; 2980;-;  225;-;   24;-;   19;-;   11;-;  109;-;  153;-;  113;-;   15;-
4607;5027;05;A;  52;100617; 4;w;15; 2995;-; 4053;-;  232;-;  245;-; 2716;-; 2512;-;  190;-;   14;-;   22;-;    3;-;   95;-;  134;-;   97;-;   25;-; 3763;-; 3493;-;  244;-;   26;-;   29;-;    7;-;  103;-;  135;-;  104;-;   16;-
4607;5027;05;A;  52;100617; 4;w;16; 3048;-; 5135;-;  189;-;  213;-; 2817;-; 2567;-;  229;-;   21;-;   22;-;    6;-;   69;-;  114;-;   90;-;   20;-; 4869;-; 4553;-;  283;-;   33;-;   35;-;    7;-;   85;-;  121;-;   91;-;   18;-
4607;5027;05;A;  52;100617; 4;w;17; 3510;-; 5668;-;  184;-;  228;-; 3277;-; 3069;-;  194;-;   14;-;   21;-;    6;-;   57;-;  121;-;   94;-;   28;-; 5403;-; 5095;-;  263;-;   45;-;   19;-;   11;-;   96;-;  121;-;   92;-;   18;-
4607;5027;05;A;  52;100617; 4;w;18; 3739;-; 5864;-;  178;-;  150;-; 3527;-; 3352;-;  157;-;   18;-;   13;-;    4;-;   54;-;  120;-;  101;-;   21;-; 5682;-; 5438;-;  214;-;   30;-;   18;-;    9;-;   46;-;   95;-;   76;-;   14;-
4607;5027;05;A;  52;100617; 4;w;19; 3640;-; 5381;-;  116;-;  123;-; 3482;-; 3278;-;  182;-;   22;-;    9;-;    4;-;   19;-;   93;-;   72;-;   33;-; 5225;-; 5006;-;  189;-;   30;-;   20;-;    6;-;   34;-;   83;-;   66;-;   13;-
4607;5027;05;A;  52;100617; 4;w;20; 2439;-; 3524;-;   93;-;   86;-; 2315;-; 2159;-;  146;-;   10;-;    8;-;    4;-;   24;-;   65;-;   48;-;   23;-; 3412;-; 3214;-;  176;-;   22;-;    9;-;    4;-;   23;-;   59;-;   44;-;   17;-
4607;5027;05;A;  52;100617; 4;w;21; 1777;-; 2211;-;   63;-;   81;-; 1695;-; 1573;-;  104;-;   18;-;    8;-;    5;-;   13;-;   45;-;   32;-;   11;-; 2114;-; 1970;-;  130;-;   14;-;    5;-;    6;-;   20;-;   55;-;   38;-;   11;-
4607;5027;05;A;  52;100617; 4;w;22; 1342;-; 1799;-;   51;-;   60;-; 1276;-; 1166;-;   93;-;   17;-;    4;-;    2;-;   11;-;   38;-;   28;-;   11;-; 1725;-; 1608;-;  103;-;   14;-;    5;-;    1;-;   20;-;   39;-;   30;-;    9;-
4607;5027;05;A;  52;100617; 4;w;23; 1045;-; 1695;-;   58;-;   50;-;  979;-;  900;-;   74;-;    5;-;    3;-;    3;-;   16;-;   39;-;   31;-;    5;-; 1644;-; 1551;-;   81;-;   12;-;    1;-;    2;-;   11;-;   37;-;   24;-;    0;-
4607;5027;05;A;  52;100617; 4;w;24;  669;-; 1271;-;   42;-;   57;-;  614;-;  563;-;   48;-;    3;-;    5;-;    1;-;   16;-;   25;-;   19;-;    8;-; 1211;-; 1147;-;   60;-;    4;-;    1;-;    2;-;   10;-;   45;-;   31;-;    2;-
4607;5027;05;A;  52;100618; 5;w;01;  296;-;  486;-;   40;-;   40;-;  255;-;  208;-;   46;-;    1;-;    0;-;    0;-;   15;-;   25;-;   18;-;    1;-;  443;-;  397;-;   42;-;    4;-;    1;-;    2;-;   10;-;   28;-;   22;-;    2;-
4607;5027;05;A;  52;100618; 5;w;02;  176;-;  220;-;   40;-;   39;-;  135;-;  119;-;   14;-;    2;-;    0;-;    2;-;   13;-;   25;-;   17;-;    1;-;  181;-;  157;-;   22;-;    2;-;    0;-;    0;-;    8;-;   31;-;   19;-;    0;-
4607;5027;05;A;  52;100618; 5;w;03;  176;-;  165;-;   47;-;   50;-;  124;-;   97;-;   26;-;    1;-;    2;-;    0;-;   13;-;   34;-;   25;-;    3;-;  113;-;   85;-;   26;-;    2;-;    0;-;    2;-;   17;-;   31;-;   22;-;    2;-
4607;5027;05;A;  52;100618; 5;w;04;  469;-;  267;-;   75;-;   66;-;  387;-;  340;-;   41;-;    6;-;    3;-;    1;-;   26;-;   48;-;   31;-;    4;-;  199;-;  162;-;   36;-;    1;-;    2;-;    0;-;   31;-;   35;-;   26;-;    0;-
4607;5027;05;A;  52;100618; 5;w;05;  996;-;  443;-;  116;-;   87;-;  869;-;  798;-;   62;-;    9;-;    1;-;    6;-;   47;-;   63;-;   43;-;   10;-;  354;-;  302;-;   52;-;    0;-;    2;-;    2;-;   31;-;   54;-;   35;-;    0;-
4607;5027;05;A;  52;100618; 5;w;06; 2583;-;  940;-;  219;-;  152;-; 2341;-; 2193;-;  122;-;   26;-;    3;-;    4;-;   87;-;  128;-;   95;-;   20;-;  780;-;  690;-;   80;-;   10;-;    3;-;    5;-;   56;-;   91;-;   62;-;    5;-
4607;5027;05;A;  52;100618; 5;w;07; 5011;-; 2005;-;  241;-;  167;-; 4721;-; 4391;-;  295;-;   35;-;   27;-;    5;-;   80;-;  156;-;  111;-;   22;-; 1823;-; 1641;-;  171;-;   11;-;    7;-;    3;-;   65;-;   99;-;   73;-;    8;-
4607;5027;05;A;  52;100618; 5;w;08; 6145;-; 3359;-;  267;-;  251;-; 5836;-; 5607;-;  204;-;   25;-;   18;-;   14;-;  107;-;  146;-;  116;-;   24;-; 3087;-; 2882;-;  188;-;   17;-;    9;-;    9;-;   99;-;  143;-;  106;-;   12;-
4607;5027;05;A;  52;100618; 5;w;09; 5135;-; 3510;-;  249;-;  269;-; 4837;-; 4625;-;  196;-;   16;-;   17;-;    4;-;  111;-;  134;-;  101;-;   32;-; 3213;-; 2980;-;  200;-;   33;-;   13;-;   15;-;  121;-;  133;-;   98;-;   15;-
4607;5027;05;A;  52;100618; 5;w;10; 3457;-; 2698;-;  279;-;  300;-; 3138;-; 2933;-;  197;-;    8;-;   15;-;   13;-;   97;-;  169;-;  137;-;   25;-; 2368;-; 2133;-;  224;-;   11;-;   17;-;    8;-;  141;-;  151;-;  115;-;   13;-
4607;5027;05;A;  52;100618; 5;w;11; 2802;-; 2604;-;  295;-;  277;-; 2467;-; 2278;-;  180;-;    9;-;   15;-;    9;-;  117;-;  169;-;  130;-;   25;-; 2296;-; 2043;-;  243;-;   10;-;   14;-;   10;-;  103;-;  164;-;  131;-;   17;-
4607;5027;05;A;  52;100618; 5;w;12; 2641;-; 3159;-;  206;-;  293;-; 2402;-; 2181;-;  205;-;   16;-;   13;-;    4;-;   87;-;  115;-;   92;-;   20;-; 2835;-; 2553;-;  273;-;    9;-;   19;-;    7;-;  127;-;  159;-;  129;-;   12;-
4607;5027;05;A;  52;100618; 5;w;13; 3693;-; 5532;-;  218;-;  249;-; 3434;-; 3204;-;  201;-;   29;-;   12;-;    6;-;   76;-;  136;-;  106;-;   29;-; 5244;-; 4957;-;  256;-;   31;-;   29;-;    3;-;   91;-;  155;-;  125;-;   10;-
4607;5027;05;A;  52;100618; 5;w;14; 3504;u; 5125;u;  198;u;  259;u; 3250;u; 3037;u;  199;u;   14;u;   18;u;    4;u;   65;u;  129;u;   96;u;   38;u; 4832;u; 4620;u;  183;u;   29;u;   26;u;   11;u;   89;u;  159;u;  126;u;    8;u
4607;5027;05;A;  52;100618; 5;w;15; 2576;u; 3521;u;  172;u;  203;u; 2369;u; 2181;u;  175;u;   13;u;   12;u;    3;u;   59;u;  110;u;   93;u;   23;u; 3288;u; 3078;u;  189;u;   21;u;   17;u;    8;u;   78;u;  117;u;   84;u;   13;u
4607;5027;05;A;  52;100618; 5;w;16; 2566;u; 4010;u;  150;u;  127;u; 2385;u; 2214;u;  158;u;   13;u;   14;u;    3;u;   56;u;   91;u;   69;u;   17;u; 3854;u; 3664;u;  164;u;   26;u;   16;u;    5;u;   42;u;   80;u;   66;u;   13;u
4607;5027;05;A;  52;100618; 5;w;17; 3110;u; 4425;u;  111;u;  137;u; 2967;u; 2802;u;  145;u;   20;u;   13;u;   12;u;   42;u;   57;u;   43;u;   19;u; 4267;u; 4091;u;  158;u;   18;u;   12;u;    9;u;   46;u;   82;u;   61;u;    9;u
4607;5027;05;A;  52;100618; 5;w;18; 2963;-; 4020;-;  117;-;  102;-; 2805;-; 2664;-;  124;-;   17;-;   14;-;    3;-;   32;-;   82;-;   64;-;   27;-; 3890;-; 3722;-;  150;-;   18;-;    6;-;    7;-;   34;-;   61;-;   48;-;   22;-
4607;5027;05;A;  52;100618; 5;w;19; 2705;-; 3615;-;   82;-;   97;-; 2605;-; 2488;-;  107;-;   10;-;    6;-;    5;-;   21;-;   56;-;   44;-;   12;-; 3498;-; 3371;-;  103;-;   24;-;    8;-;    2;-;   25;-;   70;-;   61;-;   12;-
4607;5027;05;A;  52;100618; 5;w;20; 2070;-; 1624;-;   64;-;   26;-; 1989;-; 1873;-;  103;-;   13;-;    4;-;    5;-;   12;-;   47;-;   34;-;   13;-; 1579;-; 1152;-;   24;-;  403;-;    4;-;    0;-;    8;-;   18;-;   16;-;   15;-
4607;5027;05;A;  52;100618; 5;w;21; 1543;-;  881;-;   49;-;    1;-; 1472;-; 1371;-;   95;-;    6;-;    8;-;    2;-;   13;-;   34;-;   25;-;   14;-;  879;-;    0;-;    0;-;  879;-;    0;-;    0;-;    1;-;    0;-;    0;-;    1;-
4607;5027;05;A;  52;100618; 5;w;22; 1187;-;  633;-;   34;-;    4;-; 1144;-; 1059;-;   81;-;    4;-;    2;-;    3;-;    5;-;   26;-;   21;-;    7;-;  629;-;    0;-;    0;-;  629;-;    0;-;    0;-;    1;-;    3;-;    0;-;    0;-
4607;5027;05;A;  52;100618; 5;w;23; 1059;-;  367;-;   40;-;    5;-; 1010;-;  955;-;   53;-;    2;-;    3;-;    3;-;    6;-;   31;-;   29;-;    6;-;  360;-;    1;-;    0;-;  359;-;    0;-;    0;-;    1;-;    4;-;    4;-;    2;-
4607;5027;05;A;  52;100618; 5;w;24;  732;-;  777;-;   29;-;    3;-;  695;-;  651;-;   41;-;    3;-;    3;-;    2;-;    8;-;   19;-;   13;-;    5;-;  773;-;    2;-;    0;-;  771;-;    0;-;    0;-;    1;-;    2;-;    1;-;    1;-
4607;5027;05;A;  52;100619; 6;w;01;  492;-;  455;-;   34;-;    2;-;  455;-;  418;-;   33;-;    4;-;    0;-;    2;-;    7;-;   25;-;   19;-;    3;-;  451;-;    0;-;    0;-;  451;-;    0;-;    0;-;    0;-;    2;-;    2;-;    2;-
4607;5027;05;A;  52;100619; 6;w;02;  307;-;  254;-;   34;-;    5;-;  271;-;  248;-;   23;-;    0;-;    0;-;    1;-;   11;-;   22;-;   18;-;    2;-;  246;-;    0;-;    0;-;  246;-;    0;-;    0;-;    1;-;    4;-;    4;-;    3;-
4607;5027;05;A;  52;100619; 6;w;03;  249;-;  151;-;   40;-;    0;-;  205;-;  191;-;   14;-;    0;-;    3;-;    0;-;   10;-;   30;-;   20;-;    1;-;  151;-;    0;-;    0;-;  151;-;    0;-;    0;-;    0;-;    0;-;    0;-;    0;-
4607;5027;05;A;  52;100619; 6;w;04;  508;-;  162;-;   37;-;    3;-;  466;-;  425;-;   38;-;    3;-;    1;-;    1;-;   14;-;   22;-;   13;-;    4;-;  159;-;    0;-;    0;-;  159;-;    0;-;    0;-;    0;-;    3;-;    3;-;    0;-
4607;5027;05;A;  52;100619; 6;w;05;  693;-;  313;-;   43;-;    3;-;  644;-;  605;-;   37;-;    2;-;    2;-;    2;-;   20;-;   21;-;   15;-;    4;-;  309;-;    0;-;    0;-;  309;-;    0;-;    0;-;    1;-;    2;-;    2;-;    1;-
4607;5027;05;A;  52;100619; 6;w;06;  964;-;  341;-;   76;-;    1;-;  877;-;  822;-;   53;-;    2;-;    3;-;    3;-;   34;-;   39;-;   35;-;    8;-;  340;-;    1;-;    1;-;  338;-;    0;-;    0;-;    1;-;    0;-;    0;-;    0;-
4607;5027;05;A;  52;100619; 6;w;07;  963;-;  495;-;   74;-;    1;-;  872;-;  779;-;   92;-;    1;-;   11;-;    8;-;   38;-;   28;-;   27;-;    6;-;  491;-;    0;-;    0;-;  491;-;    0;-;    0;-;    0;-;    1;-;    1;-;    3;-
4607;5027;05;A;  52;100619; 6;w;08; 1158;-;  466;-;   46;-;    1;-; 1097;-;  974;-;  119;-;    4;-;   10;-;    3;-;   26;-;   17;-;   14;-;    5;-;  460;-;    1;-;    0;-;  459;-;    0;-;    0;-;    1;-;    0;-;    0;-;    5;-
4607;5027;05;A;  52;100619; 6;w;09; 1739;-;  461;-;   58;-;    0;-; 1656;-; 1538;-;  114;-;    4;-;   11;-;    7;-;   28;-;   23;-;   17;-;   14;-;  460;-;    0;-;    0;-;  460;-;    0;-;    0;-;    0;-;    0;-;    0;-;    1;-
4607;5027;05;A;  52;100619; 6;w;10; 2324;-;  536;-;   68;-;    1;-; 2226;-; 2119;-;   97;-;   10;-;   10;-;    7;-;   36;-;   25;-;   23;-;   20;-;  533;-;    0;-;    0;-;  533;-;    0;-;    0;-;    1;-;    0;-;    0;-;    2;-
4607;5027;05;A;  52;100619; 6;w;11; 2490;-;  603;-;   42;-;    1;-; 2417;-; 2310;-;   99;-;    8;-;   19;-;    4;-;   23;-;   15;-;   11;-;   12;-;  600;-;    1;-;    0;-;  599;-;    0;-;    0;-;    1;-;    0;-;    0;-;    2;-
4607;5027;05;A;  52;100619; 6;w;12; 2477;-;  642;-;   54;-;    1;-; 2383;-; 2251;-;  126;-;    6;-;   20;-;    3;-;   33;-;   18;-;   15;-;   20;-;  639;-;    0;-;    0;-;  639;-;    0;-;    0;-;    1;-;    0;-;    0;-;    2;-
4607;5027;05;A;  52;100619; 6;w;13; 2704;-;  790;-;   52;-;    0;-; 2611;-; 2468;-;  131;-;   12;-;   12;-;    4;-;   20;-;   28;-;   22;-;   29;-;  789;-;    0;-;    0;-;  789;-;    0;-;    0;-;    0;-;    0;-;    0;-;    1;-
4607;5027;05;A;  52;100619; 6;w;14; 3034;-;  720;-;   40;-;    0;-; 2952;-; 2832;-;  105;-;   15;-;   19;-;    1;-;   19;-;   20;-;   17;-;   23;-;  720;-;    0;-;    0;-;  720;-;    0;-;    0;-;    0;-;    0;-;    0;-;    0;-
4607;5027;05;A;  52;100619; 6;w;15; 2564;-;  675;-;   35;-;    2;-; 2498;-; 2373;-;  121;-;    4;-;   15;-;    5;-;   20;-;   10;-;   10;-;   16;-;  672;-;    0;-;    0;-;  672;-;    0;-;    0;-;    0;-;    2;-;    0;-;    1;-
4607;5027;05;A;  52;100619; 6;w;16; 2340;-;  607;-;   26;-;    0;-; 2288;-; 2179;-;  104;-;    5;-;   15;-;    1;-;   11;-;   14;-;   13;-;   11;-;  606;-;    0;-;    0;-;  606;-;    0;-;    0;-;    0;-;    0;-;    0;-;    1;-
4607;5027;05;A;  52;100619; 6;w;17; 2080;-;  637;-;   27;-;    0;-; 2021;-; 1919;-;   94;-;    8;-;   15;-;    2;-;   12;-;   13;-;   11;-;   17;-;  637;-;    0;-;    0;-;  637;-;    0;-;    0;-;    0;-;    0;-;    0;-;    0;-
4607;5027;05;A;  52;100619; 6;w;18; 2109;-;  784;-;   22;-;    0;-; 2060;-; 1963;-;   85;-;   12;-;   11;-;    6;-;    8;-;    8;-;    6;-;   16;-;  784;-;    1;-;    0;-;  783;-;    0;-;    0;-;    0;-;    0;-;    0;-;    0;-
4607;5027;05;A;  52;100619; 6;w;19; 2116;-;  947;-;   14;-;    0;-; 2083;-; 1974;-;  101;-;    8;-;    3;-;    5;-;    5;-;    4;-;    3;-;   16;-;  947;-;    0;-;    0;-;  947;-;    0;-;    0;-;    0;-;    0;-;    0;-;    0;-
4607;5027;05;A;  52;100619; 6;w;20; 1776;-;  730;-;   12;-;    0;-; 1739;-; 1640;-;   90;-;    9;-;    7;-;    6;-;    2;-;    4;-;    3;-;   18;-;  730;-;    0;-;    0;-;  730;-;    0;-;    0;-;    0;-;    0;-;    0;-;    0;-
4607;5027;05;A;  52;100619; 6;w;21; 1457;-;  897;-;   21;-;    0;-; 1423;-; 1342;-;   76;-;    5;-;    5;-;    4;-;   14;-;    3;-;    3;-;    8;-;  897;-;    1;-;    0;-;  896;-;    0;-;    0;-;    0;-;    0;-;    0;-;    0;-
4607;5027;05;A;  52;100619; 6;w;22; 1094;-;  728;-;   11;-;    0;-; 1068;-;  973;-;   89;-;    6;-;    2;-;    5;-;    5;-;    1;-;    1;-;   13;-;  728;-;    0;-;    0;-;  728;-;    0;-;    0;-;    0;-;    0;-;    0;-;    0;-
4607;5027;05;A;  52;100619; 6;w;23; 1081;-;  769;-;   11;-;    1;-; 1059;-;  989;-;   68;-;    2;-;    1;-;    2;-;    6;-;    3;-;    2;-;   10;-;  768;-;    0;-;    0;-;  768;-;    0;-;    0;-;    0;-;    1;-;    0;-;    0;-
4607;5027;05;A;  52;100619; 6;w;24; 1010;-;  967;-;    3;-;    0;-;  997;-;  951;-;   44;-;    2;-;    3;-;    0;-;    2;-;    1;-;    1;-;    7;-;  967;-;    0;-;    0;-;  967;-;    0;-;    0;-;    0;-;    0;-;    0;-;    0;-
4607;5027;05;A;  52;100620; 7;s;01;  783;-;  704;-;    2;-;    0;-;  776;-;  741;-;   33;-;    2;-;    1;-;    0;-;    1;-;    1;-;    0;-;    4;-;  704;-;    0;-;    0;-;  704;-;    0;-;    0;-;    0;-;    0;-;    0;-;    0;-
4607;5027;05;A;  52;100620; 7;s;02;  535;-;  378;-;    8;-;    0;-;  525;-;  506;-;   18;-;    1;-;    0;-;    1;-;    4;-;    3;-;    2;-;    2;-;  378;-;    1;-;    0;-;  377;-;    0;-;    0;-;    0;-;    0;-;    0;-;    0;-
4607;5027;05;A;  52;100620; 7;s;03;  440;-;  217;-;   10;-;    0;-;  427;-;  398;-;   27;-;    2;-;    0;-;    2;-;    6;-;    2;-;    1;-;    3;-;  217;-;    0;-;    0;-;  217;-;    0;-;    0;-;    0;-;    0;-;    0;-;    0;-
4607;5027;05;A;  52;100620; 7;s;04;  576;-;  232;-;    7;-;    0;-;  566;-;  531;-;   33;-;    2;-;    2;-;    0;-;    2;-;    5;-;    4;-;    1;-;  232;-;    0;-;    0;-;  232;-;    0;-;    0;-;    0;-;    0;-;    0;-;    0;-
4607;5027;05;A;  52;100620; 7;s;05;  678;-;  378;-;   12;-;    0;-;  664;-;  616;-;   45;-;    3;-;    0;-;    6;-;    2;-;    4;-;    4;-;    2;-;  378;-;    0;-;    0;-;  378;-;    0;-;    0;-;    0;-;    0;-;    0;-;    0;-
4607;5027;05;A;  52;100620; 7;s;06;  769;-;  380;-;   16;-;    0;-;  744;-;  691;-;   50;-;    3;-;    2;-;    2;-;    7;-;    7;-;    5;-;    7;-;  380;-;    0;-;    0;-;  380;-;    0;-;    0;-;    0;-;    0;-;    0;-;    0;-
4607;5027;05;A;  52;100620; 7;s;07;  614;-;  385;-;   17;-;    0;-;  579;-;  518;-;   57;-;    4;-;   17;-;    5;-;    6;-;    6;-;    6;-;    1;-;  384;-;    0;-;    1;-;  383;-;    0;-;    0;-;    0;-;    0;-;    0;-;    1;-
4607;5027;05;A;  52;100620; 7;s;08;  644;-;  455;-;   19;-;    1;-;  610;-;  529;-;   81;-;    0;-;    9;-;    4;-;    8;-;    7;-;    5;-;    6;-;  449;-;    1;-;    0;-;  448;-;    0;-;    0;-;    1;-;    0;-;    0;-;    5;-
4607;5027;05;A;  52;100620; 7;s;09;  834;-;  642;-;   10;-;    0;-;  811;-;  763;-;   44;-;    4;-;   10;-;    3;-;    3;-;    4;-;    4;-;    3;-;  640;-;    0;-;    0;-;  640;-;    0;-;    0;-;    0;-;    0;-;    0;-;    2;-
4607;5027;05;A;  52;100620; 7;s;10; 1274;-;  848;-;   18;-;    0;-; 1236;-; 1154;-;   77;-;    5;-;   10;-;    4;-;    3;-;   11;-;   10;-;   10;-;  848;-;    0;-;    0;-;  848;-;    0;-;    0;-;    0;-;    0;-;    0;-;    0;-
4607;5027;05;A;  52;100620; 7;s;11; 1617;-;  663;-;   12;-;    1;-; 1589;-; 1499;-;   80;-;   10;-;    7;-;    2;-;    6;-;    4;-;    3;-;    9;-;  661;-;    1;-;    0;-;  660;-;    0;-;    0;-;    0;-;    1;-;    0;-;    1;-
4607;5027;05;A;  52;100620; 7;s;12; 1856;-;  443;-;   20;-;    0;-; 1823;-; 1746;-;   59;-;   18;-;    3;-;    8;-;    9;-;    3;-;    2;-;   10;-;  443;-;    0;-;    0;-;  443;-;    0;-;    0;-;    0;-;    0;-;    0;-;    0;-
4607;5027;05;A;  52;100620; 7;s;13; 2075;-;  539;-;   15;-;    0;-; 2037;-; 1948;-;   79;-;   10;-;    8;-;    2;-;    8;-;    5;-;    4;-;   15;-;  539;-;    0;-;    0;-;  539;-;    0;-;    0;-;    0;-;    0;-;    0;-;    0;-
4607;5027;05;A;  52;100620; 7;s;14; 2424;-;  671;-;   17;-;    0;-; 2384;-; 2249;-;  106;-;   29;-;   12;-;    3;-;    7;-;    7;-;    7;-;   11;-;  670;-;    0;-;    0;-;  670;-;    0;-;    0;-;    0;-;    0;-;    0;-;    1;-
4607;5027;05;A;  52;100620; 7;s;15; 2526;-;  817;-;   15;-;    0;-; 2486;-; 2364;-;  102;-;   20;-;    8;-;    1;-;    9;-;    5;-;    5;-;   17;-;  816;-;    0;-;    0;-;  816;-;    0;-;    0;-;    0;-;    0;-;    0;-;    1;-
4607;5027;05;A;  52;100620; 7;s;16; 2435;-;  835;-;   19;-;    2;-; 2389;-; 2248;-;  130;-;   11;-;   14;-;    3;-;    8;-;    8;-;    4;-;   13;-;  832;-;    1;-;    0;-;  831;-;    0;-;    0;-;    1;-;    1;-;    0;-;    1;-
4607;5027;05;A;  52;100620; 7;s;17; 2424;-;  801;-;   26;-;    1;-; 2373;-; 2238;-;  121;-;   14;-;    4;-;    4;-;   15;-;    7;-;    3;-;   21;-;  800;-;    0;-;    0;-;  800;-;    0;-;    0;-;    1;-;    0;-;    0;-;    0;-
4607;5027;05;A;  52;100620; 7;s;18; 2503;-; 1250;-;   23;-;    5;-; 2458;-; 2357;-;   90;-;   11;-;    8;-;    6;-;   10;-;    7;-;    6;-;   14;-; 1225;-;  577;-;   25;-;  623;-;    7;-;    1;-;    3;-;    1;-;    1;-;   13;-
4607;5027;05;A;  52;100620; 7;s;19; 2343;-; 2133;-;   22;-;   18;-; 2292;-; 2175;-;  100;-;   17;-;   12;-;    3;-;    9;-;   10;-;    8;-;   17;-; 2086;-; 1983;-;   94;-;    9;-;   20;-;    5;-;    5;-;    8;-;    6;-;    9;-
4607;5027;05;A;  52;100620; 7;s;20; 2099;-; 1780;-;   18;-;   26;-; 2062;-; 1939;-;  111;-;   12;-;    3;-;    2;-;    7;-;    9;-;    7;-;   16;-; 1735;-; 1642;-;   87;-;    6;-;   14;-;    7;-;   10;-;    9;-;    8;-;    5;-
4607;5027;05;A;  52;100620; 7;s;21; 1673;-; 1321;-;   16;-;   14;-; 1630;-; 1529;-;   93;-;    8;-;    4;-;    6;-;    6;-;    4;-;    3;-;   23;-; 1302;-; 1209;-;   89;-;    4;-;    0;-;    3;-;    5;-;    6;-;    5;-;    5;-
4607;5027;05;A;  52;100620; 7;s;22; 1435;-; 1155;-;   25;-;   17;-; 1394;-; 1306;-;   84;-;    4;-;    9;-;    1;-;   12;-;   12;-;   10;-;    7;-; 1131;-; 1043;-;   84;-;    4;-;    3;-;    5;-;    6;-;    6;-;    6;-;    4;-
4607;5027;05;A;  52;100620; 7;s;23; 1103;-; 1128;-;   31;-;   25;-; 1057;-;  975;-;   79;-;    3;-;    8;-;    3;-;   10;-;   18;-;   16;-;    7;-; 1094;-; 1033;-;   56;-;    5;-;    1;-;    1;-;    6;-;   18;-;   15;-;    8;-
4607;5027;05;A;  52;100620; 7;s;24;  703;-;  967;-;   30;-;   32;-;  670;-;  605;-;   65;-;    0;-;    0;-;    0;-;   10;-;   20;-;   15;-;    3;-;  929;-;  860;-;   67;-;    2;-;    2;-;    1;-;   12;-;   19;-;   17;-;    4;-
4607;5027;05;A;  52;100621; 1;w;01;  302;-;  415;-;   30;-;   27;-;  268;-;  227;-;   41;-;    0;-;    2;-;    0;-;    6;-;   24;-;   16;-;    2;-;  387;-;  352;-;   33;-;    2;-;    1;-;    4;-;    6;-;   17;-;   15;-;    0;-
4607;5027;05;A;  52;100621; 1;w;02;  165;-;  176;-;   35;-;   28;-;  128;-;  110;-;   18;-;    0;-;    0;-;    0;-;    9;-;   26;-;   23;-;    2;-;  146;-;  126;-;   20;-;    0;-;    2;-;    0;-;    4;-;   24;-;   14;-;    0;-
4607;5027;05;A;  52;100621; 1;w;03;  164;-;  116;-;   36;-;   27;-;  125;-;  112;-;   12;-;    1;-;    1;-;    1;-;    9;-;   26;-;   21;-;    2;-;   89;-;   73;-;   16;-;    0;-;    0;-;    0;-;    8;-;   19;-;   16;-;    0;-
4607;5027;05;A;  52;100621; 1;w;04;  439;-;  216;-;   50;-;   52;-;  385;-;  341;-;   41;-;    3;-;    3;-;    1;-;   19;-;   30;-;   24;-;    1;-;  163;-;  130;-;   32;-;    1;-;    0;-;    1;-;   24;-;   27;-;   25;-;    1;-
4607;5027;05;A;  52;100621; 1;w;05; 1036;-;  450;-;  109;-;   78;-;  916;-;  847;-;   61;-;    8;-;    2;-;    8;-;   37;-;   64;-;   43;-;    9;-;  371;-;  322;-;   48;-;    1;-;    1;-;    1;-;   35;-;   42;-;   31;-;    0;-
4607;5027;05;A;  52;100621; 1;w;06; 2866;-;  939;-;  200;-;  120;-; 2646;-; 2508;-;  123;-;   15;-;    4;-;    5;-;   72;-;  123;-;  100;-;   16;-;  808;-;  718;-;   83;-;    7;-;    5;-;    2;-;   29;-;   89;-;   70;-;    6;-
4607;5027;05;A;  52;100621; 1;w;07; 5420;-; 2230;-;  269;-;  191;-; 5104;-; 4816;-;  258;-;   30;-;   17;-;    5;-;  111;-;  153;-;  116;-;   30;-; 2021;-; 1852;-;  165;-;    4;-;   10;-;    2;-;   82;-;  107;-;   83;-;    8;-
4607;5027;05;A;  52;100621; 1;w;08; 6514;-; 3543;-;  245;-;  219;-; 6200;-; 5926;-;  250;-;   24;-;   28;-;    8;-;  115;-;  122;-;   95;-;   41;-; 3291;-; 3078;-;  201;-;   12;-;   16;-;    8;-;   93;-;  118;-;   89;-;   17;-
4607;5027;05;A;  52;100621; 1;w;09; 5809;-; 3877;-;  239;-;  268;-; 5470;-; 5228;-;  230;-;   12;-;   35;-;    5;-;  100;-;  134;-;  100;-;   65;-; 3575;-; 3328;-;  244;-;    3;-;   16;-;    7;-;  131;-;  130;-;  102;-;   18;-
4607;5027;05;A;  52;100621; 1;w;10; 4402;-; 2818;-;  278;-;  255;-; 4068;-; 3837;-;  218;-;   13;-;   18;-;   10;-;  104;-;  164;-;  121;-;   38;-; 2533;-; 2304;-;  219;-;   10;-;   21;-;   12;-;  109;-;  134;-;  101;-;    9;-
4607;5027;05;A;  52;100621; 1;w;11; 3209;-; 2393;-;  262;-;  244;-; 2907;-; 2693;-;  206;-;    8;-;   16;-;    9;-;   81;-;  172;-;  138;-;   24;-; 2131;-; 1900;-;  218;-;   13;-;   10;-;    2;-;  103;-;  139;-;  101;-;    8;-
4607;5027;05;A;  52;100621; 1;w;12; 2866;-; 2595;-;  257;-;  288;-; 2577;-; 2364;-;  200;-;   13;-;   14;-;    6;-;   94;-;  157;-;  126;-;   18;-; 2277;-; 2051;-;  218;-;    8;-;   23;-;    6;-;  117;-;  165;-;  135;-;    7;-
4607;5027;05;A;  52;100621; 1;w;13; 3025;-; 2904;-;  261;-;  253;-; 2738;-; 2519;-;  204;-;   15;-;   20;-;    5;-;   98;-;  158;-;  134;-;    6;-; 2623;-; 2381;-;  236;-;    6;-;   13;-;    7;-;   86;-;  160;-;  115;-;   15;-
4607;5027;05;A;  52;100621; 1;w;14; 2908;-; 3213;-;  257;-;  235;-; 2622;-; 2439;-;  171;-;   12;-;   12;-;    3;-;  102;-;  152;-;  122;-;   17;-; 2951;-; 2691;-;  244;-;   16;-;   15;-;    7;-;   93;-;  135;-;  100;-;   12;-
4607;5027;05;A;  52;100621; 1;w;15; 2778;-; 3692;-;  220;-;  226;-; 2525;-; 2337;-;  178;-;   10;-;   14;-;    5;-;   85;-;  130;-;  100;-;   19;-; 3442;-; 3157;-;  262;-;   23;-;   12;-;    4;-;   97;-;  125;-;   97;-;   12;-
4607;5027;05;A;  52;100621; 1;w;16; 2731;-; 4510;-;  199;-;  215;-; 2483;-; 2279;-;  189;-;   15;-;   17;-;    2;-;   86;-;  111;-;   92;-;   32;-; 4245;-; 3942;-;  280;-;   23;-;   29;-;    4;-;   81;-;  130;-;   99;-;   21;-
4607;5027;05;A;  52;100621; 1;w;17; 3064;-; 4966;-;  163;-;  164;-; 2859;-; 2711;-;  142;-;    6;-;   20;-;    8;-;   60;-;   95;-;   79;-;   22;-; 4757;-; 4467;-;  264;-;   26;-;   24;-;   10;-;   68;-;   86;-;   73;-;   21;-
4607;5027;05;A;  52;100621; 1;w;18; 3448;-; 5484;-;  146;-;  132;-; 3266;-; 3123;-;  134;-;    9;-;    5;-;    3;-;   43;-;  100;-;   78;-;   31;-; 5329;-; 5129;-;  173;-;   27;-;   10;-;    5;-;   47;-;   80;-;   65;-;   13;-
4607;5027;05;A;  52;100621; 1;w;19; 3098;-; 4854;-;   83;-;  100;-; 2993;-; 2836;-;  150;-;    7;-;    5;-;    3;-;   19;-;   61;-;   50;-;   17;-; 4722;-; 4520;-;  183;-;   19;-;    7;-;    3;-;   27;-;   70;-;   55;-;   25;-
4607;5027;05;A;  52;100621; 1;w;20; 2196;-; 2870;-;   70;-;   59;-; 2105;-; 1961;-;  132;-;   12;-;    2;-;    2;-;   20;-;   48;-;   38;-;   19;-; 2789;-; 2607;-;  175;-;    7;-;    4;-;    3;-;   14;-;   42;-;   34;-;   18;-
4607;5027;05;A;  52;100621; 1;w;21; 1521;-; 1921;-;   65;-;   67;-; 1438;-; 1308;-;  120;-;   10;-;    2;-;    3;-;   13;-;   49;-;   35;-;   16;-; 1844;-; 1725;-;  107;-;   12;-;    1;-;    6;-;    9;-;   52;-;   39;-;    9;-
4607;5027;05;A;  52;100621; 1;w;22; 1308;-; 1451;-;   57;-;   48;-; 1244;-; 1135;-;   97;-;   12;-;    3;-;    2;-;   15;-;   40;-;   32;-;    4;-; 1394;-; 1286;-;  101;-;    7;-;    2;-;    0;-;   12;-;   36;-;   23;-;    7;-
4607;5027;05;A;  52;100621; 1;w;23;  989;-; 1288;-;   43;-;   59;-;  931;-;  843;-;   84;-;    4;-;    3;-;    1;-;    8;-;   34;-;   28;-;   12;-; 1218;-; 1151;-;   58;-;    9;-;    1;-;    1;-;   14;-;   44;-;   32;-;   10;-
4607;5027;05;A;  52;100621; 1;w;24;  482;-;  960;-;   34;-;   53;-;  443;-;  398;-;   45;-;    0;-;    0;-;    0;-;    7;-;   27;-;   18;-;    5;-;  902;-;  843;-;   56;-;    3;-;    1;-;    3;-;    9;-;   41;-;   28;-;    4;-
4607;5027;05;A;  52;100622; 2;w;01;  239;-;  453;-;   40;-;   39;-;  198;-;  166;-;   32;-;    0;-;    0;-;    0;-;   11;-;   29;-;   22;-;    1;-;  408;-;  362;-;   45;-;    1;-;    1;-;    1;-;    6;-;   32;-;   19;-;    5;-
4607;5027;05;A;  52;100622; 2;w;02;  157;-;  151;-;   51;-;   25;-;  105;-;   88;-;   16;-;    1;-;    1;-;    1;-;   10;-;   40;-;   30;-;    0;-;  123;-;  109;-;   13;-;    1;-;    0;-;    0;-;    5;-;   20;-;   17;-;    3;-
4607;5027;05;A;  52;100622; 2;w;03;  176;-;  136;-;   61;-;   45;-;  111;-;   91;-;   19;-;    1;-;    1;-;    0;-;   14;-;   47;-;   28;-;    3;-;   90;-;   63;-;   27;-;    0;-;    1;-;    0;-;   14;-;   31;-;   19;-;    0;-
4607;5027;05;A;  52;100622; 2;w;04;  499;-;  233;-;   64;-;   55;-;  426;-;  386;-;   38;-;    2;-;    3;-;    2;-;   22;-;   40;-;   27;-;    6;-;  176;-;  145;-;   30;-;    1;-;    0;-;    0;-;   20;-;   35;-;   28;-;    2;-
4607;5027;05;A;  52;100622; 2;w;05;  989;-;  442;-;  114;-;   91;-;  867;-;  814;-;   43;-;   10;-;    1;-;    7;-;   40;-;   67;-;   48;-;    7;-;  348;-;  308;-;   39;-;    1;-;    2;-;    1;-;   40;-;   50;-;   36;-;    1;-
4607;5027;05;A;  52;100622; 2;w;06; 2698;-;  856;-;  213;-;  141;-; 2462;-; 2331;-;   99;-;   32;-;    5;-;    4;-;   76;-;  133;-;  102;-;   18;-;  709;-;  619;-;   82;-;    8;-;    2;-;    1;-;   48;-;   92;-;   62;-;    4;-
4607;5027;05;A;  52;100622; 2;w;07; 5260;-; 2041;-;  276;-;  174;-; 4931;-; 4629;-;  267;-;   35;-;   10;-;    5;-;  121;-;  150;-;  102;-;   43;-; 1845;-; 1683;-;  158;-;    4;-;   12;-;    5;-;   67;-;  102;-;   80;-;   10;-
4607;5027;05;A;  52;100622; 2;w;08; 6302;-; 3428;-;  254;-;  222;-; 5987;-; 5701;-;  254;-;   32;-;   23;-;   15;-;  109;-;  130;-;  101;-;   38;-; 3186;-; 2975;-;  195;-;   16;-;    5;-;    6;-;   94;-;  122;-;   87;-;   15;-
4607;5027;05;A;  52;100622; 2;w;09; 5390;-; 3913;-;  196;-;  256;-; 5123;-; 4915;-;  183;-;   25;-;   31;-;    3;-;   87;-;  106;-;   83;-;   40;-; 3635;-; 3391;-;  226;-;   18;-;   12;-;    8;-;  115;-;  133;-;   98;-;   10;-
4607;5027;05;A;  52;100622; 2;w;10; 4763;-; 2663;-;  296;-;  243;-; 4422;-; 4198;-;  206;-;   18;-;   12;-;    8;-;  110;-;  178;-;  136;-;   33;-; 2393;-; 2172;-;  213;-;    8;-;   14;-;    5;-;  125;-;  113;-;   85;-;   13;-
4607;5027;05;A;  52;100622; 2;w;11; 2979;-; 2375;-;  271;-;  242;-; 2665;-; 2463;-;  188;-;   14;-;   20;-;   12;-;   96;-;  163;-;  129;-;   23;-; 2100;-; 1864;-;  226;-;   10;-;   17;-;    5;-;   99;-;  138;-;  105;-;   16;-
4607;5027;05;A;  52;100622; 2;w;12; 2768;-; 2395;-;  261;-;  262;-; 2474;-; 2259;-;  203;-;   12;-;   13;-;    3;-;   99;-;  159;-;  120;-;   20;-; 2108;-; 1882;-;  215;-;   11;-;   12;-;    5;-;  108;-;  149;-;  115;-;   13;-
4607;5027;05;A;  52;100622; 2;w;13; 2884;-; 2984;-;  236;-;  253;-; 2622;-; 2409;-;  198;-;   15;-;   14;-;    1;-;   90;-;  145;-;  115;-;   12;-; 2707;-; 2474;-;  218;-;   15;-;   12;-;    5;-;   93;-;  155;-;  124;-;   12;-
4607;5027;05;A;  52;100622; 2;w;14; 3042;-; 3381;-;  253;-;  268;-; 2751;-; 2536;-;  200;-;   15;-;   14;-;    6;-;   99;-;  148;-;  116;-;   24;-; 3092;-; 2825;-;  243;-;   24;-;   10;-;    7;-;  117;-;  144;-;  102;-;   11;-
4607;5027;05;A;  52;100622; 2;w;15; 2932;-; 3973;-;  251;-;  264;-; 2643;-; 2424;-;  202;-;   17;-;   19;-;    4;-;   85;-;  162;-;  128;-;   19;-; 3677;-; 3419;-;  227;-;   31;-;   22;-;    6;-;  104;-;  154;-;  121;-;   10;-
4607;5027;05;A;  52;100622; 2;w;16; 3004;-; 4873;-;  227;-;  243;-; 2740;-; 2529;-;  196;-;   15;-;   16;-;    4;-;   84;-;  139;-;  110;-;   21;-; 4589;-; 4305;-;  255;-;   29;-;   28;-;    6;-;   99;-;  138;-;  107;-;   13;-
4607;5027;05;A;  52;100622; 2;w;17; 3272;-; 5903;-;  160;-;  190;-; 3081;-; 2875;-;  187;-;   19;-;   15;-;    6;-;   60;-;   94;-;   77;-;   16;-; 5670;-; 5388;-;  248;-;   34;-;   30;-;   11;-;   78;-;  101;-;   74;-;   13;-
4607;5027;05;A;  52;100622; 2;w;18; 3541;-; 5921;-;  123;-;  129;-; 3379;-; 3219;-;  142;-;   18;-;   14;-;    7;-;   26;-;   90;-;   71;-;   25;-; 5761;-; 5539;-;  196;-;   26;-;   18;-;    7;-;   42;-;   80;-;   63;-;   13;-
4607;5027;05;A;  52;100622; 2;w;19; 3364;-; 5079;-;  100;-;  112;-; 3223;-; 3055;-;  151;-;   17;-;    5;-;    3;-;   20;-;   77;-;   52;-;   36;-; 4931;-; 4719;-;  186;-;   26;-;   13;-;    5;-;   32;-;   75;-;   58;-;   23;-
4607;5027;05;A;  52;100622; 2;w;20; 2218;-; 3182;-;   76;-;   77;-; 2106;-; 1955;-;  137;-;   14;-;    9;-;    2;-;   18;-;   56;-;   40;-;   27;-; 3070;-; 2878;-;  172;-;   20;-;   12;-;    1;-;   19;-;   57;-;   48;-;   23;-
4607;5027;05;A;  52;100622; 2;w;21; 1516;-; 2148;-;   60;-;   73;-; 1443;-; 1321;-;  112;-;   10;-;    2;-;    2;-;   13;-;   45;-;   33;-;   11;-; 2061;-; 1886;-;  162;-;   13;-;    2;-;    6;-;    9;-;   58;-;   42;-;   12;-
4607;5027;05;A;  52;100622; 2;w;22; 1280;-; 1607;-;   55;-;   58;-; 1203;-; 1096;-;   98;-;    9;-;    5;-;    6;-;   12;-;   37;-;   32;-;   17;-; 1535;-; 1407;-;  117;-;   11;-;    4;-;    5;-;   14;-;   39;-;   27;-;   10;-
4607;5027;05;A;  52;100622; 2;w;23; 1034;-; 1486;-;   45;-;   53;-;  983;-;  892;-;   84;-;    7;-;    2;-;    2;-;    9;-;   34;-;   23;-;    4;-; 1423;-; 1334;-;   73;-;   16;-;    4;-;    1;-;   15;-;   37;-;   26;-;    6;-
4607;5027;05;A;  52;100622; 2;w;24;  672;-; 1051;-;   34;-;   54;-;  635;-;  584;-;   49;-;    2;-;    0;-;    2;-;    9;-;   23;-;   15;-;    3;-;  994;-;  923;-;   65;-;    6;-;    0;-;    4;-;    9;-;   41;-;   32;-;    3;-
4607;5027;05;A;  52;100623; 3;w;01;  251;-;  433;-;   25;-;   29;-;  225;-;  186;-;   37;-;    2;-;    0;-;    1;-;    7;-;   17;-;   12;-;    1;-;  404;-;  369;-;   31;-;    4;-;    0;-;    4;-;    5;-;   20;-;   15;-;    0;-
4607;5027;05;A;  52;100623; 3;w;02;  148;-;  193;-;   46;-;   30;-;  101;-;   87;-;   12;-;    2;-;    1;-;    1;-;   10;-;   35;-;   27;-;    0;-;  163;-;  133;-;   29;-;    1;-;    0;-;    0;-;    5;-;   25;-;   15;-;    0;-
4607;5027;05;A;  52;100623; 3;w;03;  182;-;  143;-;   58;-;   35;-;  122;-;  105;-;   17;-;    0;-;    0;-;    0;-;   14;-;   44;-;   33;-;    2;-;  105;-;   90;-;   14;-;    1;-;    2;-;    0;-;    9;-;   26;-;   16;-;    1;-
4607;5027;05;A;  52;100623; 3;w;04;  539;-;  230;-;   58;-;   61;-;  476;-;  429;-;   44;-;    3;-;    0;-;    0;-;   21;-;   37;-;   23;-;    5;-;  168;-;  127;-;   39;-;    2;-;    0;-;    1;-;   20;-;   40;-;   24;-;    1;-
4607;5027;05;A;  52;100623; 3;w;05;  948;-;  411;-;  111;-;   84;-;  834;-;  774;-;   50;-;   10;-;    2;-;    6;-;   44;-;   61;-;   46;-;    1;-;  323;-;  292;-;   31;-;    0;-;    0;-;    1;-;   36;-;   47;-;   33;-;    4;-
4607;5027;05;A;  52;100623; 3;w;06; 2628;-;  855;-;  189;-;  118;-; 2414;-; 2289;-;  101;-;   24;-;    4;-;    1;-;   61;-;  127;-;   93;-;   21;-;  731;-;  630;-;   92;-;    9;-;    2;-;    1;-;   41;-;   76;-;   54;-;    4;-
4607;5027;05;A;  52;100623; 3;w;07; 5257;-; 2074;-;  254;-;  173;-; 4966;-; 4655;-;  279;-;   32;-;   14;-;    4;-;  109;-;  141;-;  106;-;   23;-; 1876;-; 1698;-;  165;-;   13;-;    9;-;    4;-;   67;-;  102;-;   78;-;   16;-
4607;5027;05;A;  52;100623; 3;w;08; 6153;-; 3432;-;  221;-;  214;-; 5886;-; 5633;-;  221;-;   32;-;   24;-;   10;-;   85;-;  126;-;   95;-;   22;-; 3190;-; 2946;-;  224;-;   20;-;   10;-;   10;-;   95;-;  109;-;   82;-;   18;-
4607;5027;05;A;  52;100623; 3;w;09; 5761;-; 3763;-;  227;-;  251;-; 5490;-; 5241;-;  217;-;   32;-;   18;-;    5;-;   84;-;  138;-;   99;-;   26;-; 3485;-; 3242;-;  231;-;   12;-;    7;-;    6;-;  114;-;  131;-;  104;-;   20;-
4607;5027;05;A;  52;100623; 3;w;10; 4398;-; 2841;-;  293;-;  269;-; 4062;-; 3851;-;  187;-;   24;-;   15;-;    6;-;  118;-;  169;-;  116;-;   28;-; 2546;-; 2306;-;  228;-;   12;-;   19;-;    6;-;  123;-;  140;-;  109;-;    7;-
4607;5027;05;A;  52;100623; 3;w;11; 3156;-; 2402;-;  280;-;  283;-; 2829;-; 2603;-;  210;-;   16;-;   22;-;    5;-;  106;-;  169;-;  126;-;   25;-; 2094;-; 1891;-;  194;-;    9;-;   13;-;    7;-;  113;-;  163;-;  125;-;   12;-
4607;5027;05;A;  52;100623; 3;w;12; 2880;-; 2515;-;  257;-;  255;-; 2591;-; 2360;-;  211;-;   20;-;   14;-;    3;-;   96;-;  158;-;  116;-;   18;-; 2235;-; 1977;-;  242;-;   16;-;   16;-;    1;-;   87;-;  167;-;  129;-;    9;-
4607;5027;05;A;  52;100623; 3;w;13; 3034;-; 3037;-;  230;-;  273;-; 2768;-; 2546;-;  188;-;   34;-;   14;-;    4;-;   84;-;  142;-;  111;-;   22;-; 2733;-; 2469;-;  254;-;   10;-;   17;-;    1;-;  113;-;  159;-;  117;-;   14;-
4607;5027;05;A;  52;100623; 3;w;14; 3141;-; 3540;-;  229;-;  252;-; 2864;-; 2631;-;  200;-;   33;-;   27;-;    4;-;   84;-;  141;-;  111;-;   21;-; 3254;-; 3011;-;  227;-;   16;-;   18;-;    4;-;   94;-;  154;-;  112;-;   16;-
4607;5027;05;A;  52;100623; 3;w;15; 2904;-; 4086;-;  259;-;  244;-; 2602;-; 2390;-;  194;-;   18;-;   20;-;    6;-;   94;-;  159;-;  128;-;   23;-; 3804;-; 3527;-;  244;-;   33;-;   23;-;    3;-;   99;-;  142;-;  101;-;   15;-
4607;5027;05;A;  52;100623; 3;w;16; 3100;-; 5127;-;  212;-;  230;-; 2836;-; 2596;-;  221;-;   19;-;   28;-;    7;-;   76;-;  129;-;  100;-;   24;-; 4854;-; 4571;-;  258;-;   25;-;   28;-;    4;-;   98;-;  128;-;   96;-;   15;-
4607;5027;05;A;  52;100623; 3;w;17; 3384;-; 5809;-;  158;-;  220;-; 3155;-; 2951;-;  184;-;   20;-;   19;-;    6;-;   60;-;   92;-;   71;-;   52;-; 5546;-; 5261;-;  240;-;   45;-;   25;-;    9;-;   83;-;  128;-;  101;-;   18;-
4607;5027;05;A;  52;100623; 3;w;18; 3724;-; 6005;-;  142;-;  136;-; 3547;-; 3376;-;  145;-;   26;-;   11;-;    4;-;   44;-;   94;-;   65;-;   24;-; 5843;-; 5647;-;  165;-;   31;-;   17;-;    6;-;   53;-;   77;-;   60;-;    9;-
4607;5027;05;A;  52;100623; 3;w;19; 3481;-; 5343;-;  100;-;  127;-; 3347;-; 3182;-;  137;-;   28;-;    6;-;    4;-;   26;-;   70;-;   54;-;   28;-; 5181;-; 4962;-;  183;-;   36;-;   18;-;    9;-;   30;-;   88;-;   70;-;   17;-
4607;5027;05;A;  52;100623; 3;w;20; 2399;-; 3249;-;   71;-;   74;-; 2310;-; 2131;-;  131;-;   48;-;    4;-;    1;-;   25;-;   45;-;   38;-;   14;-; 3140;-; 2945;-;  173;-;   22;-;   10;-;    2;-;   12;-;   60;-;   47;-;   25;-
4607;5027;05;A;  52;100623; 3;w;21; 1206;u; 1598;u;   69;u;   64;u; 1125;u;  989;u;  119;u;   17;u;    5;u;    3;u;   12;u;   54;u;   42;u;    7;u; 1519;u; 1354;u;  152;u;   13;u;    5;u;    2;u;   10;u;   52;u;   37;u;   10;u
4607;5027;05;A;  52;100623; 3;w;22;  673;u;  873;u;   40;u;   46;u;  629;u;  559;u;   63;u;    7;u;    0;u;    4;u;    8;u;   28;u;   21;u;    4;u;  821;u;  735;u;   80;u;    6;u;    1;u;    1;u;    8;u;   37;u;   28;u;    5;u
4607;5027;05;A;  52;100623; 3;w;23;  909;u; 1406;u;   46;u;   55;u;  858;u;  784;u;   67;u;    7;u;    0;u;    3;u;   11;u;   32;u;   23;u;    5;u; 1339;u; 1262;u;   62;u;   15;u;    5;u;    0;u;   11;u;   44;u;   33;u;    7;u
4607;5027;05;A;  52;100623; 3;w;24;  926;-; 1468;-;   39;-;   48;-;  881;-;  823;-;   53;-;    5;-;    3;-;    1;-;    6;-;   32;-;   25;-;    3;-; 1413;-; 1355;-;   51;-;    7;-;    3;-;    5;-;   10;-;   33;-;   23;-;    4;-
4607;5027;05;A;  52;100624; 4;w;01;  371;-;  686;-;   32;-;   37;-;  335;-;  288;-;   44;-;    3;-;    1;-;    1;-;    9;-;   22;-;   18;-;    3;-;  644;-;  581;-;   57;-;    6;-;    3;-;    2;-;    6;-;   29;-;   19;-;    2;-
4607;5027;05;A;  52;100624; 4;w;02;  185;-;  243;-;   36;-;   42;-;  149;-;  118;-;   30;-;    1;-;    0;-;    2;-;    7;-;   27;-;   20;-;    0;-;  200;-;  174;-;   23;-;    3;-;    0;-;    0;-;    5;-;   37;-;   24;-;    1;-
4607;5027;05;A;  52;100624; 4;w;03;  229;-;  151;-;   51;-;   42;-;  173;-;  157;-;   16;-;    0;-;    2;-;    2;-;   12;-;   37;-;   29;-;    3;-;  109;-;   88;-;   20;-;    1;-;    0;-;    0;-;   15;-;   27;-;   19;-;    0;-
4607;5027;05;A;  52;100624; 4;w;04;  504;-;  217;-;   66;-;   46;-;  430;-;  378;-;   48;-;    4;-;    2;-;    2;-;   26;-;   38;-;   24;-;    6;-;  169;-;  126;-;   42;-;    1;-;    1;-;    2;-;   21;-;   23;-;   20;-;    1;-
4607;5027;05;A;  52;100624; 4;w;05;  959;-;  410;-;  113;-;   81;-;  831;-;  746;-;   73;-;   12;-;    8;-;    5;-;   39;-;   69;-;   50;-;    7;-;  327;-;  275;-;   52;-;    0;-;    1;-;    2;-;   38;-;   41;-;   31;-;    1;-
4607;5027;05;A;  52;100624; 4;w;06; 2563;-;  787;-;  214;-;  117;-; 2316;-; 2169;-;  112;-;   35;-;   12;-;    4;-;   72;-;  138;-;  101;-;   21;-;  661;-;  582;-;   69;-;   10;-;    5;-;    2;-;   44;-;   71;-;   51;-;    4;-
4607;5027;05;A;  52;100624; 4;w;07; 4988;-; 1864;-;  252;-;  168;-; 4685;-; 4349;-;  292;-;   44;-;   16;-;    4;-;   97;-;  151;-;  103;-;   35;-; 1680;-; 1504;-;  162;-;   14;-;    9;-;    6;-;   58;-;  104;-;   77;-;    7;-
4607;5027;05;A;  52;100624; 4;w;08; 6050;-; 3479;-;  230;-;  219;-; 5771;-; 5489;-;  252;-;   30;-;   29;-;   13;-;   95;-;  122;-;   88;-;   20;-; 3240;-; 2991;-;  231;-;   18;-;   12;-;    6;-;  100;-;  113;-;   85;-;    8;-
4607;5027;05;A;  52;100624; 4;w;09; 5666;-; 3882;-;  233;-;  260;-; 5384;-; 5166;-;  187;-;   31;-;   19;-;    3;-;  100;-;  130;-;   95;-;   30;-; 3594;-; 3343;-;  240;-;   11;-;   14;-;   11;-;  108;-;  141;-;  100;-;   14;-
4607;5027;05;A;  52;100624; 4;w;10; 4378;-; 2868;-;  257;-;  281;-; 4078;-; 3859;-;  200;-;   19;-;   17;-;   15;-;  107;-;  135;-;   98;-;   26;-; 2561;-; 2318;-;  225;-;   18;-;   16;-;   10;-;  121;-;  150;-;  108;-;   10;-
4607;5027;05;A;  52;100624; 4;w;11; 3343;-; 2421;-;  283;-;  257;-; 3023;-; 2806;-;  206;-;   11;-;   16;-;   10;-;   74;-;  199;-;  154;-;   21;-; 2134;-; 1917;-;  203;-;   14;-;   13;-;    8;-;   83;-;  166;-;  128;-;   17;-
4607;5027;05;A;  52;100624; 4;w;12; 2800;-; 2557;-;  257;-;  245;-; 2517;-; 2271;-;  230;-;   16;-;    8;-;    1;-;   94;-;  162;-;  121;-;   18;-; 2287;-; 2038;-;  237;-;   12;-;   17;-;    4;-;   83;-;  158;-;  117;-;    8;-
4607;5027;05;A;  52;100624; 4;w;13; 2978;-; 2983;-;  245;-;  269;-; 2704;-; 2478;-;  205;-;   21;-;   14;-;    2;-;  105;-;  138;-;  104;-;   15;-; 2694;-; 2440;-;  238;-;   16;-;    9;-;    5;-;   96;-;  168;-;  131;-;   11;-
4607;5027;05;A;  52;100624; 4;w;14; 3046;-; 3385;-;  230;-;  241;-; 2777;-; 2546;-;  214;-;   17;-;   15;-;    4;-;   74;-;  152;-;  117;-;   24;-; 3108;-; 2861;-;  221;-;   26;-;   20;-;    6;-;   96;-;  139;-;  101;-;   16;-
4607;5027;05;A;  52;100624; 4;w;15; 2804;-; 4004;-;  235;-;  196;-; 2528;-; 2300;-;  217;-;   11;-;   18;-;    5;-;   82;-;  148;-;  119;-;   23;-; 3783;-; 3477;-;  276;-;   30;-;   17;-;    5;-;   77;-;  114;-;   74;-;    8;-
4607;5027;05;A;  52;100624; 4;w;16; 3116;-; 5050;-;  226;-;  204;-; 2843;-; 2603;-;  222;-;   18;-;   13;-;    7;-;   87;-;  132;-;  112;-;   34;-; 4800;-; 4480;-;  274;-;   46;-;   25;-;    8;-;   76;-;  120;-;   85;-;   21;-
4607;5027;05;A;  52;100624; 4;w;17; 3372;-; 5495;-;  191;-;  197;-; 3145;-; 2961;-;  167;-;   17;-;   16;-;    5;-;   61;-;  125;-;   95;-;   20;-; 5247;-; 4924;-;  292;-;   31;-;   25;-;   11;-;   67;-;  119;-;   87;-;   26;-
4607;5027;05;A;  52;100624; 4;w;18; 3490;-; 5654;-;  131;-;  165;-; 3316;-; 3166;-;  131;-;   19;-;    9;-;    6;-;   34;-;   91;-;   67;-;   34;-; 5455;-; 5199;-;  207;-;   49;-;   17;-;    8;-;   46;-;  111;-;   87;-;   17;-
4607;5027;05;A;  52;100624; 4;w;19; 3277;-; 4982;-;  101;-;  109;-; 3134;-; 2973;-;  143;-;   18;-;   10;-;    9;-;   27;-;   65;-;   51;-;   32;-; 4833;-; 4614;-;  196;-;   23;-;   24;-;    3;-;   27;-;   79;-;   65;-;   16;-
4607;5027;05;A;  52;100624; 4;w;20; 2359;-; 3292;-;   77;-;   87;-; 2246;-; 2076;-;  154;-;   16;-;   13;-;    3;-;   20;-;   54;-;   40;-;   23;-; 3173;-; 3028;-;  130;-;   15;-;   16;-;    6;-;   26;-;   55;-;   39;-;   16;-
4607;5027;05;A;  52;100624; 4;w;21; 1703;-; 2175;-;   75;-;   70;-; 1611;-; 1461;-;  134;-;   16;-;    4;-;    4;-;   17;-;   54;-;   40;-;   13;-; 2087;-; 1925;-;  139;-;   23;-;    4;-;    8;-;    6;-;   56;-;   38;-;   14;-
4607;5027;05;A;  52;100624; 4;w;22; 1357;-; 1765;-;   52;-;   54;-; 1284;-; 1189;-;   80;-;   15;-;    7;-;    4;-;    9;-;   39;-;   26;-;   14;-; 1700;-; 1574;-;  112;-;   14;-;    4;-;    1;-;   11;-;   42;-;   22;-;    7;-
4607;5027;05;A;  52;100624; 4;w;23;  953;-; 1676;-;   38;-;   44;-;  907;-;  823;-;   79;-;    5;-;    1;-;    3;-;   13;-;   22;-;   15;-;    7;-; 1625;-; 1515;-;   88;-;   22;-;    3;-;    0;-;    9;-;   35;-;   26;-;    4;-
4607;5027;05;A;  52;100624; 4;w;24;  694;-; 1005;-;   40;-;   56;-;  645;-;  592;-;   50;-;    3;-;    2;-;    2;-;    6;-;   32;-;   22;-;    7;-;  938;-;  878;-;   58;-;    2;-;    7;-;    5;-;   11;-;   40;-;   28;-;    4;-
4607;5027;05;A;  52;100625; 5;w;01;  392;-;  506;-;   32;-;   42;-;  357;-;  312;-;   44;-;    1;-;    1;-;    1;-;   11;-;   20;-;   16;-;    2;-;  461;-;  407;-;   51;-;    3;-;    1;-;    2;-;    8;-;   32;-;   20;-;    2;-
4607;5027;05;A;  52;100625; 5;w;02;  208;-;  356;-;   46;-;   25;-;  159;-;  132;-;   27;-;    0;-;    1;-;    2;-;    8;-;   36;-;   27;-;    2;-;  330;-;  300;-;   29;-;    1;-;    0;-;    1;-;    2;-;   22;-;   17;-;    1;-
4607;5027;05;A;  52;100625; 5;w;03;  220;-;  175;-;   52;-;   40;-;  164;-;  143;-;   20;-;    1;-;    1;-;    0;-;   14;-;   38;-;   23;-;    3;-;  134;-;  102;-;   32;-;    0;-;    1;-;    0;-;   12;-;   28;-;   22;-;    0;-
4607;5027;05;A;  52;100625; 5;w;04;  517;-;  220;-;   76;-;   45;-;  436;-;  397;-;   35;-;    4;-;    3;-;    3;-;   21;-;   52;-;   34;-;    2;-;  174;-;  133;-;   40;-;    1;-;    1;-;    0;-;   19;-;   26;-;   20;-;    0;-
4607;5027;05;A;  52;100625; 5;w;05;  951;-;  439;-;  112;-;   97;-;  831;-;  764;-;   59;-;    8;-;    2;-;    7;-;   49;-;   56;-;   40;-;    6;-;  341;-;  288;-;   53;-;    0;-;    0;-;    4;-;   39;-;   54;-;   35;-;    1;-
4607;5027;05;A;  52;100625; 5;w;06; 2315;-;  877;-;  176;-;  137;-; 2121;-; 1982;-;  111;-;   28;-;    1;-;    1;-;   65;-;  110;-;   85;-;   17;-;  733;-;  644;-;   80;-;    9;-;    3;-;    6;-;   44;-;   87;-;   65;-;    4;-
4607;5027;05;A;  52;100625; 5;w;07; 4993;-; 1942;-;  249;-;  173;-; 4701;-; 4360;-;  279;-;   62;-;   19;-;    7;-;  102;-;  140;-;  102;-;   24;-; 1743;-; 1582;-;  150;-;   11;-;    9;-;    9;-;   59;-;  105;-;   73;-;   17;-
4607;5027;05;A;  52;100625; 5;w;08; 5899;-; 3314;-;  243;-;  234;-; 5603;-; 5345;-;  215;-;   43;-;   23;-;   16;-;  106;-;  121;-;   96;-;   30;-; 3061;-; 2847;-;  199;-;   15;-;    7;-;    8;-;  109;-;  117;-;   91;-;   12;-
4607;5027;05;A;  52;100625; 5;w;09; 5150;-; 3508;-;  241;-;  249;-; 4854;-; 4591;-;  228;-;   35;-;   21;-;    8;-;   97;-;  136;-;  104;-;   34;-; 3244;-; 3013;-;  212;-;   19;-;    7;-;   12;-;  114;-;  123;-;   98;-;    8;-
4607;5027;05;A;  52;100625; 5;w;10; 3855;-; 2588;-;  290;-;  327;-; 3504;-; 3286;-;  202;-;   16;-;   30;-;    8;-;  112;-;  170;-;  119;-;   31;-; 2239;-; 2028;-;  189;-;   22;-;   11;-;   16;-;  147;-;  164;-;  128;-;   11;-
4607;5027;05;A;  52;100625; 5;w;11; 2464;-; 2507;-;  210;-;  253;-; 2228;-; 2039;-;  178;-;   11;-;    5;-;    7;-;   81;-;  122;-;   88;-;   21;-; 2228;-; 1987;-;  226;-;   15;-;   15;-;    8;-;   99;-;  146;-;  110;-;   11;-
4607;5027;05;A;  52;100625; 5;w;12; 2592;-; 2655;-;  213;-;  242;-; 2346;-; 2146;-;  185;-;   15;-;   11;-;    9;-;   81;-;  123;-;   91;-;   22;-; 2380;-; 2142;-;  222;-;   16;-;   24;-;    1;-;   82;-;  159;-;  129;-;    9;-
4607;5027;05;A;  52;100625; 5;w;13; 3312;-; 3584;-;  255;-;  245;-; 3009;-; 2762;-;  224;-;   23;-;   22;-;    7;-;   90;-;  158;-;  127;-;   26;-; 3306;-; 3036;-;  245;-;   25;-;   25;-;    5;-;  105;-;  135;-;  104;-;    8;-
4607;5027;05;A;  52;100625; 5;w;14; 3328;-; 4296;-;  225;-;  216;-; 3045;-; 2834;-;  183;-;   28;-;   31;-;   10;-;   69;-;  146;-;  110;-;   27;-; 4038;-; 3751;-;  251;-;   36;-;   25;-;    9;-;   90;-;  117;-;   95;-;   17;-
4607;5027;05;A;  52;100625; 5;w;15; 3262;-; 5080;-;  198;-;  245;-; 3021;-; 2816;-;  179;-;   26;-;   13;-;    4;-;   73;-;  121;-;   94;-;   30;-; 4794;-; 4534;-;  221;-;   39;-;   30;-;    4;-;   93;-;  148;-;  115;-;   11;-
4607;5027;05;A;  52;100625; 5;w;16; 3265;-; 4595;-;  188;-;  201;-; 3035;-; 2835;-;  181;-;   19;-;   18;-;    6;-;   77;-;  105;-;   82;-;   24;-; 4281;-; 4048;-;  204;-;   29;-;   29;-;    3;-;   79;-;  119;-;   93;-;   84;-
4607;5027;05;A;  52;100625; 5;w;17; 3454;-; 3979;-;  154;-;  150;-; 3249;-; 3054;-;  170;-;   25;-;   13;-;    6;-;   55;-;   93;-;   72;-;   38;-; 3690;-; 3495;-;  170;-;   25;-;   24;-;    4;-;   47;-;   99;-;   79;-;  115;-
4607;5027;05;A;  52;100625; 5;w;18; 3257;-; 4674;-;  107;-;  121;-; 3104;-; 2934;-;  152;-;   18;-;   11;-;    7;-;   39;-;   61;-;   46;-;   35;-; 4524;-; 4303;-;  178;-;   43;-;   13;-;    6;-;   43;-;   72;-;   57;-;   16;-
4607;5027;05;A;  52;100625; 5;w;19; 3080;-; 3934;-;   77;-;   84;-; 2971;-; 2784;-;  169;-;   18;-;   13;-;    3;-;   24;-;   50;-;   34;-;   19;-; 3819;-; 3619;-;  173;-;   27;-;   14;-;    7;-;   16;-;   61;-;   45;-;   17;-
4607;5027;05;A;  52;100625; 5;w;20; 2723;-; 2452;-;   79;-;   54;-; 2612;-; 2467;-;  124;-;   21;-;   15;-;    5;-;   22;-;   52;-;   38;-;   17;-; 2380;-; 2283;-;   80;-;   17;-;    8;-;    1;-;   10;-;   43;-;   34;-;   10;-
4607;5027;05;A;  52;100625; 5;w;21; 2044;-; 1761;-;   85;-;  198;-; 1929;-; 1784;-;  131;-;   14;-;   14;-;    4;-;   21;-;   60;-;   43;-;   16;-; 1390;-; 1273;-;   45;-;   72;-;   10;-;    1;-;  111;-;   86;-;   70;-;  163;-
4607;5027;05;A;  52;100625; 5;w;22; 1525;-; 1236;-;   66;-;   99;-; 1448;-; 1340;-;   88;-;   20;-;    7;-;    5;-;   16;-;   45;-;   24;-;    4;-; 1071;-; 1021;-;   13;-;   37;-;    6;-;    0;-;   59;-;   40;-;   35;-;   60;-
4607;5027;05;A;  52;100625; 5;w;23; 1377;-; 1047;-;   36;-;   85;-; 1328;-; 1244;-;   75;-;    9;-;    5;-;    2;-;    4;-;   30;-;   26;-;    8;-;  902;-;  872;-;   18;-;   12;-;    4;-;    0;-;   44;-;   41;-;   34;-;   56;-
4607;5027;05;A;  52;100625; 5;w;24; 1144;-; 1035;-;   42;-;   68;-; 1089;-; 1024;-;   59;-;    6;-;    5;-;    6;-;    8;-;   28;-;   25;-;    8;-;  907;-;  873;-;   10;-;   24;-;    2;-;    2;-;   38;-;   28;-;   24;-;   58;-
4607;5027;05;A;  52;100626; 6;w;01;  654;-;  779;-;   41;-;   49;-;  606;-;  561;-;   44;-;    1;-;    1;-;    0;-;   13;-;   28;-;   18;-;    6;-;  689;-;  658;-;   10;-;   21;-;    2;-;    0;-;   29;-;   20;-;   16;-;   39;-
4607;5027;05;A;  52;100626; 6;w;02;  423;-;  388;-;   39;-;   23;-;  381;-;  348;-;   30;-;    3;-;    1;-;    2;-;   14;-;   23;-;   15;-;    2;-;  349;-;  340;-;    5;-;    4;-;    0;-;    0;-;   11;-;   12;-;   11;-;   16;-
4607;5027;05;A;  52;100626; 6;w;03;  336;-;  191;-;   36;-;   18;-;  298;-;  264;-;   33;-;    1;-;    2;-;    0;-;    6;-;   30;-;   19;-;    0;-;  164;-;  155;-;    6;-;    3;-;    0;-;    0;-;    6;-;   12;-;   10;-;    9;-
4607;5027;05;A;  52;100626; 6;w;04;  622;-;  211;-;   48;-;   19;-;  567;-;  524;-;   40;-;    3;-;    4;-;    2;-;   11;-;   35;-;   29;-;    3;-;  185;-;  174;-;    6;-;    5;-;    0;-;    0;-;   11;-;    8;-;    8;-;    7;-
4607;5027;05;A;  52;100626; 6;w;05;  739;-;  324;-;   39;-;   30;-;  697;-;  641;-;   51;-;    5;-;    0;-;    3;-;   14;-;   22;-;   16;-;    3;-;  283;-;  264;-;   14;-;    5;-;    0;-;    0;-;   14;-;   16;-;   14;-;   11;-
4607;5027;05;A;  52;100626; 6;w;06; 1104;-;  368;-;   82;-;   31;-; 1002;-;  927;-;   66;-;    9;-;   10;-;    6;-;   39;-;   37;-;   31;-;   10;-;  321;-;  303;-;   13;-;    5;-;    3;-;    2;-;   18;-;   11;-;   11;-;   13;-
4607;5027;05;A;  52;100626; 6;w;07; 1114;-;  542;-;   79;-;   56;-; 1008;-;  891;-;  112;-;    5;-;   14;-;    4;-;   43;-;   32;-;   25;-;   13;-;  471;-;  442;-;   19;-;   10;-;    4;-;    0;-;   31;-;   25;-;   23;-;   11;-
4607;5027;05;A;  52;100626; 6;w;08; 1474;-;  826;-;   77;-;   74;-; 1369;-; 1228;-;  132;-;    9;-;   20;-;    4;-;   37;-;   36;-;   30;-;    8;-;  707;-;  672;-;   19;-;   16;-;    4;-;    0;-;   49;-;   25;-;   23;-;   41;-
4607;5027;05;A;  52;100626; 6;w;09; 2138;-; 1368;-;   74;-;  104;-; 2038;-; 1869;-;  152;-;   17;-;   16;-;    3;-;   43;-;   28;-;   24;-;   10;-; 1203;-; 1156;-;   19;-;   28;-;    4;-;    0;-;   78;-;   26;-;   26;-;   57;-
4607;5027;05;A;  52;100626; 6;w;10; 2898;-; 1620;-;   64;-;  131;-; 2797;-; 2633;-;  142;-;   22;-;   14;-;    6;-;   33;-;   25;-;   18;-;   23;-; 1418;-; 1369;-;   22;-;   27;-;    8;-;    0;-;  110;-;   21;-;   21;-;   63;-
4607;5027;05;A;  52;100626; 6;w;11; 2975;-; 1809;-;   46;-;  155;-; 2893;-; 2743;-;  132;-;   18;-;   21;-;    5;-;   22;-;   19;-;   13;-;   15;-; 1556;-; 1485;-;   29;-;   42;-;    6;-;    0;-;  118;-;   37;-;   32;-;   92;-
4607;5027;05;A;  52;100626; 6;w;12; 3137;-; 1892;-;   51;-;  141;-; 3037;-; 2855;-;  134;-;   48;-;   24;-;    3;-;   29;-;   19;-;   15;-;   25;-; 1657;-; 1572;-;   21;-;   64;-;   10;-;    0;-;  112;-;   29;-;   21;-;   84;-
4607;5027;05;A;  52;100626; 6;w;13; 3117;-; 2248;-;   56;-;  193;-; 3020;-; 2832;-;  144;-;   44;-;   24;-;    2;-;   30;-;   24;-;   21;-;   17;-; 1889;-; 1757;-;   52;-;   80;-;   15;-;    1;-;  161;-;   31;-;   22;-;  151;-
4607;5027;05;A;  52;100626; 6;w;14; 3172;-; 2589;-;   41;-;  255;-; 3078;-; 2930;-;  126;-;   22;-;   23;-;    3;-;   23;-;   15;-;    9;-;   30;-; 2120;-; 1967;-;   55;-;   98;-;   27;-;    1;-;  215;-;   39;-;   33;-;  187;-
4607;5027;05;A;  52;100626; 6;w;15; 3026;-; 2561;-;   32;-;  259;-; 2955;-; 2805;-;  113;-;   37;-;   13;-;    3;-;   12;-;   17;-;   11;-;   26;-; 2088;-; 1938;-;   56;-;   94;-;   21;-;    0;-;  229;-;   30;-;   24;-;  193;-
4607;5027;05;A;  52;100626; 6;w;16; 2875;-; 2493;-;   38;-;  203;-; 2787;-; 2632;-;  117;-;   38;-;   30;-;    4;-;   20;-;   14;-;   14;-;   20;-; 2143;-; 1998;-;   56;-;   89;-;   14;-;    0;-;  179;-;   24;-;   21;-;  133;-
4607;5027;05;A;  52;100626; 6;w;17; 2492;-; 2078;-;   26;-;  132;-; 2431;-; 2276;-;  132;-;   23;-;   14;-;    3;-;   12;-;   11;-;    7;-;   21;-; 1844;-; 1773;-;   33;-;   38;-;    9;-;    0;-;  121;-;   11;-;    8;-;   93;-
4607;5027;05;A;  52;100626; 6;w;18; 2411;-; 1972;-;   22;-;  102;-; 2356;-; 2217;-;  103;-;   36;-;   10;-;    5;-;    8;-;    9;-;    7;-;   23;-; 1797;-; 1724;-;   21;-;   52;-;    4;-;    0;-;   92;-;   10;-;    9;-;   69;-
4607;5027;05;A;  52;100626; 6;w;19; 2469;-; 2016;-;   27;-;   93;-; 2409;-; 2284;-;  101;-;   24;-;   12;-;   12;-;    8;-;    7;-;    5;-;   21;-; 1843;-; 1776;-;   30;-;   37;-;    9;-;    1;-;   77;-;   15;-;   13;-;   71;-
4607;5027;05;A;  52;100626; 6;w;20; 2079;-; 1674;-;   20;-;   78;-; 2033;-; 1884;-;  121;-;   28;-;   14;-;    7;-;    9;-;    4;-;    2;-;   12;-; 1528;-; 1480;-;   21;-;   27;-;    3;-;    2;-;   68;-;    8;-;    8;-;   65;-
4607;5027;05;A;  52;100626; 6;w;21; 1661;-; 1294;-;   11;-;   62;-; 1624;-; 1516;-;   88;-;   20;-;   13;-;    4;-;    3;-;    4;-;    4;-;   13;-; 1173;-; 1128;-;   25;-;   20;-;    3;-;    1;-;   48;-;   13;-;   12;-;   56;-
4607;5027;05;A;  52;100626; 6;w;22; 1393;-;  903;-;   16;-;   28;-; 1366;-; 1288;-;   62;-;   16;-;    5;-;    3;-;    9;-;    4;-;    4;-;    6;-;  835;-;  802;-;    8;-;   25;-;    2;-;    0;-;   20;-;    8;-;    8;-;   38;-
4607;5027;05;A;  52;100626; 6;w;23; 1392;-; 1046;-;   13;-;   37;-; 1360;-; 1280;-;   68;-;   12;-;    3;-;    4;-;    6;-;    3;-;    2;-;   16;-;  968;-;  939;-;    9;-;   20;-;    2;-;    0;-;   31;-;    6;-;    6;-;   39;-
4607;5027;05;A;  52;100626; 6;w;24; 1327;-; 1202;-;   10;-;   36;-; 1314;-; 1259;-;   51;-;    4;-;    2;-;    1;-;    6;-;    3;-;    2;-;    1;-; 1103;-; 1079;-;    8;-;   16;-;    1;-;    0;-;   30;-;    6;-;    5;-;   62;-
4607;5027;05;A;  52;100627; 7;s;01;  912;-;  807;-;    6;-;   20;-;  900;-;  857;-;   41;-;    2;-;    3;-;    1;-;    3;-;    2;-;    2;-;    3;-;  750;-;  727;-;   13;-;   10;-;    0;-;    0;-;   14;-;    6;-;    5;-;   37;-
4607;5027;05;A;  52;100627; 7;s;02;  610;-;  432;-;   10;-;   12;-;  593;-;  550;-;   40;-;    3;-;    2;-;    0;-;    6;-;    4;-;    2;-;    5;-;  407;-;  394;-;    5;-;    8;-;    0;-;    0;-;   10;-;    2;-;    2;-;   13;-
4607;5027;05;A;  52;100627; 7;s;03;  395;-;  236;-;   10;-;   11;-;  383;-;  360;-;   23;-;    0;-;    0;-;    1;-;    6;-;    3;-;    1;-;    2;-;  216;-;  209;-;    2;-;    5;-;    0;-;    0;-;    3;-;    8;-;    8;-;    9;-
4607;5027;05;A;  52;100627; 7;s;04;  659;-;  214;-;   11;-;    9;-;  645;-;  596;-;   43;-;    6;-;    1;-;    1;-;    8;-;    2;-;    1;-;    2;-;  199;-;  194;-;    3;-;    2;-;    0;-;    1;-;    5;-;    3;-;    3;-;    6;-
4607;5027;05;A;  52;100627; 7;s;05;  684;-;  349;-;   10;-;   18;-;  666;-;  616;-;   46;-;    4;-;    1;-;    3;-;    5;-;    2;-;    1;-;    7;-;  311;-;  300;-;    9;-;    2;-;    0;-;    0;-;   12;-;    6;-;    6;-;   20;-
4607;5027;05;A;  52;100627; 7;s;06;  841;-;  320;-;   15;-;   12;-;  816;-;  760;-;   50;-;    6;-;    6;-;    3;-;    6;-;    6;-;    4;-;    4;-;  294;-;  287;-;    3;-;    4;-;    1;-;    0;-;    8;-;    4;-;    4;-;   13;-
4607;5027;05;A;  52;100627; 7;s;07;  720;-;  349;-;   11;-;   11;-;  694;-;  611;-;   82;-;    1;-;   13;-;    2;-;    6;-;    3;-;    3;-;    2;-;  321;-;  308;-;    4;-;    9;-;    1;-;    0;-;    7;-;    4;-;    4;-;   16;-
4607;5027;05;A;  52;100627; 7;s;08;  863;-;  458;-;   14;-;   22;-;  838;-;  741;-;   86;-;   11;-;    9;-;    4;-;    6;-;    4;-;    4;-;    2;-;  410;-;  382;-;   17;-;   11;-;    4;-;    1;-;   10;-;   11;-;   11;-;   22;-
4607;5027;05;A;  52;100627; 7;s;09; 1146;-;  807;-;   13;-;   28;-; 1118;-; 1005;-;   86;-;   27;-;   12;-;    3;-;    6;-;    4;-;    4;-;    3;-;  734;-;  701;-;    7;-;   26;-;    1;-;    0;-;   22;-;    6;-;    6;-;   44;-
4607;5027;05;A;  52;100627; 7;s;10; 1757;-; 1038;-;   31;-;   65;-; 1689;-; 1556;-;  101;-;   32;-;   28;-;    9;-;    9;-;   13;-;   11;-;    9;-;  934;-;  898;-;    9;-;   27;-;    4;-;    1;-;   50;-;   14;-;   14;-;   35;-
4607;5027;05;A;  52;100627; 7;s;11; 2046;-; 1483;-;   15;-;   94;-; 2013;-; 1878;-;   95;-;   40;-;    7;-;    0;-;   12;-;    3;-;    3;-;   11;-; 1326;-; 1236;-;   27;-;   63;-;    4;-;    2;-;   70;-;   22;-;   21;-;   59;-
4607;5027;05;A;  52;100627; 7;s;12; 2347;-; 1585;-;   13;-;   80;-; 2310;-; 2143;-;  110;-;   57;-;   10;-;    3;-;    5;-;    5;-;    2;-;   14;-; 1441;-; 1366;-;   28;-;   47;-;    7;-;    1;-;   63;-;   16;-;   14;-;   57;-
4607;5027;05;A;  52;100627; 7;s;13; 2484;-; 1663;-;   19;-;   78;-; 2442;-; 2288;-;   99;-;   55;-;    8;-;    2;-;    9;-;    8;-;    7;-;   15;-; 1510;-; 1422;-;   29;-;   59;-;   13;-;    0;-;   66;-;   12;-;   11;-;   62;-
4607;5027;05;A;  52;100627; 7;s;14; 2934;-; 2019;-;   19;-;  112;-; 2882;-; 2732;-;  110;-;   40;-;   11;-;    4;-;    8;-;    7;-;    4;-;   22;-; 1815;-; 1719;-;   27;-;   69;-;    9;-;    0;-;   94;-;   18;-;   14;-;   83;-
4607;5027;05;A;  52;100627; 7;s;15; 3084;-; 2286;-;   25;-;  135;-; 3008;-; 2874;-;  105;-;   29;-;   15;-;    1;-;   11;-;   13;-;   10;-;   36;-; 2011;-; 1898;-;   33;-;   80;-;   10;-;    0;-;  118;-;   17;-;   14;-;  130;-
4607;5027;05;A;  52;100627; 7;s;16; 2840;u; 2023;u;   22;u;  118;u; 2773;u; 2625;u;  117;u;   31;u;   16;u;    5;u;   13;u;    4;u;    2;u;   29;u; 1816;u; 1755;u;   26;u;   35;u;   12;u;    0;u;  100;u;   18;u;   18;u;   77;u
4607;5027;05;A;  52;100627; 7;s;17; 1461;u;  961;u;   14;u;   41;u; 1423;u; 1288;u;  110;u;   25;u;    9;u;    6;u;    3;u;    5;u;    5;u;   15;u;  883;u;  859;u;   13;u;   11;u;    4;u;    0;u;   35;u;    6;u;    6;u;   33;u
4607;5027;05;A;  52;100627; 7;s;18; 1183;u;  853;u;   21;u;   47;u; 1149;u; 1050;u;   79;u;   20;u;    5;u;    7;u;    5;u;    9;u;    8;u;    8;u;  777;u;  748;u;    7;u;   22;u;    3;u;    0;u;   30;u;   17;u;   16;u;   26;u
4607;5027;05;A;  52;100627; 7;s;19; 2176;u; 1708;u;   29;u;  119;u; 2119;u; 2008;u;   87;u;   24;u;    7;u;   11;u;   11;u;    7;u;    5;u;   21;u; 1514;u; 1456;u;   28;u;   30;u;    9;u;    0;u;   99;u;   20;u;   18;u;   66;u
4607;5027;05;A;  52;100627; 7;s;20; 2477;-; 1648;-;   25;-;   95;-; 2422;-; 2283;-;  113;-;   26;-;    9;-;    5;-;    7;-;   13;-;    9;-;   21;-; 1447;-; 1382;-;   18;-;   47;-;    7;-;    1;-;   71;-;   23;-;   20;-;   99;-
4607;5027;05;A;  52;100627; 7;s;21; 1988;-; 1293;-;   29;-;   54;-; 1938;-; 1847;-;   70;-;   21;-;    7;-;    7;-;   10;-;   12;-;   10;-;   14;-; 1186;-; 1155;-;   15;-;   16;-;    0;-;    0;-;   45;-;    9;-;    6;-;   53;-
4607;5027;05;A;  52;100627; 7;s;22; 1516;-;  851;-;   24;-;   31;-; 1469;-; 1360;-;   98;-;   11;-;    5;-;    4;-;    7;-;   13;-;    9;-;   18;-;  777;-;  756;-;    9;-;   12;-;    4;-;    0;-;   16;-;   15;-;   12;-;   39;-
4607;5027;05;A;  52;100627; 7;s;23; 1230;-; 1111;-;   28;-;   30;-; 1193;-; 1119;-;   64;-;   10;-;    6;-;    0;-;   10;-;   18;-;   16;-;    3;-; 1074;-; 1036;-;   30;-;    8;-;    3;-;    1;-;   15;-;   14;-;   13;-;    4;-
4607;5027;05;A;  52;100627; 7;s;24;  826;-; 1051;-;   33;-;   33;-;  783;-;  725;-;   56;-;    2;-;    1;-;    2;-;    9;-;   22;-;    9;-;    9;-; 1006;-;  954;-;   47;-;    5;-;    7;-;    1;-;    8;-;   24;-;   20;-;    5;-
4607;5027;05;A;  52;100628; 1;w;01;  348;-;  430;-;   29;-;   26;-;  317;-;  266;-;   43;-;    8;-;    1;-;    1;-;    7;-;   21;-;   17;-;    1;-;  403;-;  367;-;   34;-;    2;-;    1;-;    6;-;    7;-;   13;-;   11;-;    0;-
4607;5027;05;A;  52;100628; 1;w;02;  196;-;  182;-;   35;-;   31;-;  159;-;  143;-;   15;-;    1;-;    0;-;    0;-;    6;-;   29;-;   23;-;    2;-;  149;-;  134;-;   15;-;    0;-;    0;-;    0;-;    5;-;   26;-;   17;-;    2;-
4607;5027;05;A;  52;100628; 1;w;03;  200;-;  133;-;   33;-;   24;-;  166;-;  148;-;   16;-;    2;-;    1;-;    1;-;   11;-;   21;-;   18;-;    0;-;  109;-;   94;-;   15;-;    0;-;    0;-;    0;-;    7;-;   17;-;   11;-;    0;-
4607;5027;05;A;  52;100628; 1;w;04;  519;-;  228;-;   50;-;   37;-;  467;-;  422;-;   43;-;    2;-;    2;-;    0;-;   14;-;   36;-;   27;-;    0;-;  188;-;  141;-;   46;-;    1;-;    2;-;    0;-;   18;-;   19;-;   18;-;    1;-
4607;5027;05;A;  52;100628; 1;w;05;  973;-;  437;-;  100;-;   91;-;  862;-;  795;-;   61;-;    6;-;    3;-;    5;-;   40;-;   55;-;   51;-;    8;-;  345;-;  303;-;   42;-;    0;-;    1;-;    4;-;   36;-;   51;-;   41;-;    0;-
4607;5027;05;A;  52;100628; 1;w;06; 2910;-;  944;-;  216;-;  127;-; 2647;-; 2493;-;  122;-;   32;-;    2;-;    6;-;   69;-;  141;-;  113;-;   45;-;  813;-;  728;-;   78;-;    7;-;    4;-;    5;-;   36;-;   86;-;   66;-;    0;-
4607;5027;05;A;  52;100628; 1;w;07; 5322;-; 2156;-;  264;-;  160;-; 5031;-; 4747;-;  249;-;   35;-;   10;-;    5;-;  108;-;  151;-;  111;-;   17;-; 1978;-; 1823;-;  139;-;   16;-;    9;-;    4;-;   59;-;   97;-;   77;-;    9;-
4607;5027;05;A;  52;100628; 1;w;08; 6346;-; 3490;-;  235;-;  221;-; 6081;-; 5767;-;  269;-;   45;-;   12;-;    9;-;   98;-;  128;-;   98;-;   18;-; 3254;-; 3030;-;  206;-;   18;-;    9;-;    3;-;   97;-;  121;-;   93;-;    6;-
4607;5027;05;A;  52;100628; 1;w;09; 5877;-; 3999;-;  226;-;  260;-; 5613;-; 5368;-;  217;-;   28;-;   18;-;    4;-;   87;-;  135;-;   96;-;   20;-; 3703;-; 3501;-;  194;-;    8;-;   15;-;    4;-;  126;-;  130;-;   95;-;   21;-
4607;5027;05;A;  52;100628; 1;w;10; 4473;-; 2885;-;  277;-;  280;-; 4166;-; 3927;-;  218;-;   21;-;   15;-;    8;-;  108;-;  161;-;  119;-;   15;-; 2581;-; 2337;-;  238;-;    6;-;   13;-;   16;-;  128;-;  136;-;   99;-;   11;-
4607;5027;05;A;  52;100628; 1;w;11; 3434;-; 2448;-;  279;-;  248;-; 3115;-; 2872;-;  229;-;   14;-;   18;-;    9;-;  107;-;  163;-;  126;-;   22;-; 2179;-; 1942;-;  223;-;   14;-;   17;-;   12;-;   98;-;  138;-;  116;-;    4;-
4607;5027;05;A;  52;100628; 1;w;12; 2908;-; 2522;-;  261;-;  285;-; 2610;-; 2392;-;  212;-;    6;-;   19;-;    5;-;  118;-;  138;-;  112;-;   18;-; 2211;-; 2002;-;  203;-;    6;-;   13;-;    8;-;   98;-;  179;-;  136;-;   13;-
4607;5027;05;A;  52;100628; 1;w;13; 2945;-; 2878;-;  245;-;  213;-; 2663;-; 2440;-;  200;-;   23;-;    8;-;    8;-;   79;-;  158;-;  119;-;   29;-; 2644;-; 2394;-;  232;-;   18;-;   11;-;    9;-;   88;-;  116;-;   91;-;   10;-
4607;5027;05;A;  52;100628; 1;w;14; 2950;-; 3235;-;  231;-;  244;-; 2693;-; 2473;-;  196;-;   24;-;   10;-;    3;-;   82;-;  146;-;  123;-;   16;-; 2964;-; 2745;-;  201;-;   18;-;   18;-;    7;-;  104;-;  133;-;  100;-;    9;-
4607;5027;05;A;  52;100628; 1;w;15; 2778;-; 3916;-;  229;-;  226;-; 2514;-; 2295;-;  200;-;   19;-;   19;-;    6;-;   84;-;  139;-;  107;-;   16;-; 3652;-; 3399;-;  233;-;   20;-;   20;-;   10;-;   91;-;  125;-;   89;-;   18;-
4607;5027;05;A;  52;100628; 1;w;16; 2809;-; 5010;-;  201;-;  221;-; 2581;-; 2350;-;  210;-;   21;-;   11;-;    5;-;   71;-;  125;-;  101;-;   16;-; 4760;-; 4446;-;  278;-;   36;-;   17;-;    4;-;   99;-;  118;-;   86;-;   12;-
4607;5027;05;A;  52;100628; 1;w;17; 3203;-; 5362;-;  147;-;  170;-; 3022;-; 2831;-;  177;-;   14;-;   13;-;    8;-;   52;-;   87;-;   64;-;   21;-; 5161;-; 4859;-;  259;-;   43;-;   19;-;    7;-;   76;-;   87;-;   65;-;   12;-
4607;5027;05;A;  52;100628; 1;w;18; 3482;-; 5417;-;  129;-;  131;-; 3326;-; 3142;-;  165;-;   19;-;    7;-;    9;-;   39;-;   81;-;   62;-;   20;-; 5261;-; 5032;-;  185;-;   44;-;   12;-;    7;-;   47;-;   77;-;   55;-;   13;-
4607;5027;05;A;  52;100628; 1;w;19; 3026;-; 4403;-;  102;-;   79;-; 2901;-; 2718;-;  166;-;   17;-;    7;-;    5;-;   27;-;   70;-;   54;-;   16;-; 4294;-; 4097;-;  166;-;   31;-;    9;-;    2;-;   27;-;   50;-;   36;-;   21;-
4607;5027;05;A;  52;100628; 1;w;20; 2113;-; 2816;-;   74;-;   67;-; 2014;-; 1857;-;  137;-;   20;-;    7;-;    6;-;   21;-;   47;-;   36;-;   18;-; 2731;-; 2533;-;  174;-;   24;-;    4;-;    2;-;   19;-;   46;-;   34;-;   14;-
4607;5027;05;A;  52;100628; 1;w;21; 1562;-; 1845;-;   44;-;   75;-; 1506;-; 1363;-;  126;-;   17;-;    2;-;    2;-;   15;-;   27;-;   20;-;   10;-; 1757;-; 1614;-;  125;-;   18;-;    3;-;    8;-;   15;-;   52;-;   33;-;   10;-
4607;5027;05;A;  52;100628; 1;w;22; 1192;-; 1452;-;   50;-;   59;-; 1133;-; 1020;-;   98;-;   15;-;    3;-;    5;-;   11;-;   34;-;   26;-;    6;-; 1382;-; 1287;-;   74;-;   21;-;    5;-;    1;-;    7;-;   51;-;   34;-;    6;-
4607;5027;05;A;  52;100628; 1;w;23; 1008;-; 1407;-;   59;-;   45;-;  942;-;  852;-;   84;-;    6;-;    3;-;    1;-;   10;-;   48;-;   41;-;    4;-; 1350;-; 1254;-;   81;-;   15;-;    2;-;    3;-;   10;-;   32;-;   23;-;   10;-
4607;5027;05;A;  52;100628; 1;w;24;  548;-;  958;-;   26;-;   44;-;  515;-;  463;-;   49;-;    3;-;    1;-;    1;-;    5;-;   20;-;   15;-;    6;-;  911;-;  844;-;   61;-;    6;-;    2;-;    2;-;    9;-;   33;-;   17;-;    1;-
4607;5027;05;A;  52;100629; 2;w;01;  287;-;  438;-;   42;-;   40;-;  241;-;  204;-;   34;-;    3;-;    1;-;    1;-;    7;-;   34;-;   24;-;    3;-;  398;-;  358;-;   35;-;    5;-;    0;-;    2;-;    8;-;   30;-;   24;-;    0;-
4607;5027;05;A;  52;100629; 2;w;02;  148;-;  197;-;   30;-;   35;-;  116;-;   95;-;   20;-;    1;-;    1;-;    0;-;   10;-;   20;-;   15;-;    1;-;  162;-;  144;-;   17;-;    1;-;    0;-;    0;-;    8;-;   27;-;   16;-;    0;-
4607;5027;05;A;  52;100629; 2;w;03;  217;-;  142;-;   40;-;   43;-;  174;-;  152;-;   22;-;    0;-;    2;-;    0;-;    9;-;   31;-;   22;-;    1;-;   98;-;   80;-;   18;-;    0;-;    1;-;    0;-;   15;-;   28;-;   22;-;    0;-
4607;5027;05;A;  52;100629; 2;w;04;  509;-;  221;-;   67;-;   49;-;  436;-;  391;-;   40;-;    5;-;    2;-;    0;-;   27;-;   40;-;   25;-;    4;-;  171;-;  132;-;   38;-;    1;-;    0;-;    0;-;   19;-;   30;-;   23;-;    1;-
4607;5027;05;A;  52;100629; 2;w;05;  965;-;  422;-;  106;-;   76;-;  852;-;  800;-;   44;-;    8;-;    1;-;    3;-;   42;-;   61;-;   51;-;    6;-;  344;-;  294;-;   50;-;    0;-;    1;-;    0;-;   28;-;   48;-;   29;-;    1;-
4607;5027;05;A;  52;100629; 2;w;06; 2707;-;  899;-;  181;-;  147;-; 2504;-; 2347;-;  119;-;   38;-;    2;-;    3;-;   69;-;  109;-;   80;-;   20;-;  745;-;  652;-;   85;-;    8;-;    5;-;    2;-;   53;-;   92;-;   73;-;    2;-
4607;5027;05;A;  52;100629; 2;w;07; 5273;-; 2001;-;  264;-;  152;-; 4976;-; 4663;-;  276;-;   37;-;   14;-;    8;-;  111;-;  145;-;  114;-;   19;-; 1828;-; 1659;-;  159;-;   10;-;    9;-;    4;-;   73;-;   75;-;   51;-;   12;-
4607;5027;05;A;  52;100629; 2;w;08; 6350;-; 3445;-;  251;-;  193;-; 6057;-; 5780;-;  235;-;   42;-;   21;-;    5;-;   85;-;  161;-;  121;-;   21;-; 3225;-; 2996;-;  214;-;   15;-;    9;-;    5;-;   86;-;  102;-;   87;-;   18;-
4607;5027;05;A;  52;100629; 2;w;09; 5786;-; 3842;-;  221;-;  235;-; 5510;-; 5303;-;  182;-;   25;-;   20;-;   11;-;  102;-;  108;-;   85;-;   35;-; 3575;-; 3334;-;  218;-;   23;-;   17;-;   12;-;  105;-;  118;-;   86;-;   15;-
4607;5027;05;A;  52;100629; 2;w;10; 4282;-; 2957;-;  266;-;  278;-; 3970;-; 3729;-;  225;-;   16;-;   22;-;   15;-;   98;-;  153;-;  117;-;   24;-; 2648;-; 2433;-;  199;-;   16;-;   17;-;   13;-;  119;-;  146;-;  111;-;   14;-
4607;5027;05;A;  52;100629; 2;w;11; 3241;-; 2333;-;  276;-;  252;-; 2912;-; 2711;-;  181;-;   20;-;   26;-;    9;-;   93;-;  174;-;  138;-;   27;-; 2059;-; 1858;-;  195;-;    6;-;   11;-;    6;-;   93;-;  153;-;  120;-;   11;-
4607;5027;05;A;  52;100629; 2;w;12; 2842;-; 2442;-;  273;-;  265;-; 2531;-; 2319;-;  203;-;    9;-;   19;-;    5;-;  103;-;  165;-;  122;-;   19;-; 2153;-; 1934;-;  202;-;   17;-;   19;-;    3;-;   92;-;  170;-;  119;-;    5;-
4607;5027;05;A;  52;100629; 2;w;13; 3049;-; 2904;-;  263;-;  245;-; 2741;-; 2535;-;  180;-;   26;-;   15;-;    1;-;  103;-;  159;-;  105;-;   30;-; 2626;-; 2404;-;  204;-;   18;-;   19;-;    3;-;   96;-;  146;-;  114;-;   14;-
4607;5027;05;A;  52;100629; 2;w;14; 3104;-; 3314;-;  244;-;  238;-; 2819;-; 2598;-;  200;-;   21;-;   21;-;    4;-;   79;-;  161;-;  118;-;   20;-; 3045;-; 2810;-;  221;-;   14;-;   19;-;    3;-;   94;-;  141;-;   99;-;   12;-
4607;5027;05;A;  52;100629; 2;w;15; 2863;-; 4107;-;  252;-;  250;-; 2562;-; 2391;-;  162;-;    9;-;   17;-;    3;-;   93;-;  156;-;  117;-;   32;-; 3830;-; 3541;-;  255;-;   34;-;   13;-;    6;-;  100;-;  144;-;  109;-;   14;-
4607;5027;05;A;  52;100629; 2;w;16; 3049;-; 4949;-;  196;-;  212;-; 2813;-; 2611;-;  182;-;   20;-;   15;-;    5;-;   70;-;  121;-;   97;-;   25;-; 4702;-; 4421;-;  247;-;   34;-;   24;-;    5;-;   79;-;  128;-;   91;-;   11;-
4607;5027;05;A;  52;100629; 2;w;17; 3402;-; 5408;-;  165;-;  179;-; 3189;-; 2991;-;  181;-;   17;-;   15;-;    4;-;   62;-;   99;-;   74;-;   33;-; 5195;-; 4944;-;  224;-;   27;-;   24;-;   10;-;   61;-;  108;-;   80;-;   10;-
4607;5027;05;A;  52;100629; 2;w;18; 3485;-; 5804;-;  142;-;  139;-; 3303;-; 3146;-;  138;-;   19;-;   10;-;    4;-;   45;-;   93;-;   72;-;   30;-; 5638;-; 5412;-;  197;-;   29;-;   16;-;    6;-;   42;-;   91;-;   69;-;   11;-
4607;5027;05;A;  52;100629; 2;w;19; 3226;-; 4586;-;  111;-;   98;-; 3086;-; 2925;-;  139;-;   22;-;    4;-;   11;-;   23;-;   77;-;   56;-;   25;-; 4454;-; 4239;-;  194;-;   21;-;    8;-;    6;-;   27;-;   65;-;   49;-;   26;-
4607;5027;05;A;  52;100629; 2;w;20; 2277;-; 3173;-;   75;-;   66;-; 2169;-; 2020;-;  131;-;   18;-;   10;-;    3;-;   13;-;   59;-;   47;-;   23;-; 3083;-; 2873;-;  194;-;   16;-;    8;-;    2;-;   12;-;   52;-;   42;-;   16;-
4607;5027;05;A;  52;100629; 2;w;21; 1596;-; 2034;-;   71;-;   74;-; 1502;-; 1366;-;  122;-;   14;-;    9;-;    5;-;   10;-;   56;-;   42;-;   14;-; 1952;-; 1803;-;  140;-;    9;-;    2;-;    7;-;   12;-;   55;-;   41;-;    6;-
4607;5027;05;A;  52;100629; 2;w;22; 1271;-; 1457;-;   50;-;   67;-; 1213;-; 1102;-;   93;-;   18;-;    1;-;    4;-;   10;-;   36;-;   26;-;    7;-; 1378;-; 1260;-;   95;-;   23;-;    9;-;    2;-;   10;-;   55;-;   35;-;    3;-
4607;5027;05;A;  52;100629; 2;w;23;  966;-; 1506;-;   52;-;   52;-;  909;-;  849;-;   59;-;    1;-;    2;-;    3;-;   12;-;   37;-;   32;-;    3;-; 1442;-; 1335;-;   83;-;   24;-;    4;-;    1;-;   10;-;   41;-;   29;-;    8;-
4607;5027;05;A;  52;100629; 2;w;24;  605;-; 1172;-;   31;-;   48;-;  567;-;  512;-;   53;-;    2;-;    1;-;    2;-;    8;-;   21;-;   13;-;    6;-; 1118;-; 1042;-;   73;-;    3;-;    0;-;    2;-;    8;-;   38;-;   23;-;    6;-
4607;5027;05;A;  52;100630; 3;w;01;  299;-;  377;-;   38;-;   33;-;  261;-;  228;-;   32;-;    1;-;    0;-;    0;-;    8;-;   30;-;   24;-;    0;-;  342;-;  314;-;   26;-;    2;-;    1;-;    2;-;    4;-;   27;-;   19;-;    1;-
4607;5027;05;A;  52;100630; 3;w;02;  191;-;  218;-;   54;-;   32;-;  137;-;  122;-;   14;-;    1;-;    0;-;    1;-;   12;-;   41;-;   30;-;    0;-;  186;-;  165;-;   20;-;    1;-;    0;-;    0;-;    6;-;   26;-;   17;-;    0;-
4607;5027;05;A;  52;100630; 3;w;03;  201;-;  159;-;   40;-;   42;-;  158;-;  139;-;   19;-;    0;-;    3;-;    0;-;   12;-;   28;-;   16;-;    0;-;  116;-;   95;-;   21;-;    0;-;    1;-;    0;-;   11;-;   31;-;   22;-;    0;-
4607;5027;05;A;  52;100630; 3;w;04;  528;-;  238;-;   60;-;   64;-;  467;-;  416;-;   47;-;    4;-;    0;-;    0;-;   19;-;   41;-;   29;-;    1;-;  174;-;  136;-;   38;-;    0;-;    0;-;    1;-;   22;-;   41;-;   26;-;    0;-
4607;5027;05;A;  52;100630; 3;w;05;  907;-;  434;-;  109;-;   84;-;  793;-;  736;-;   50;-;    7;-;    2;-;    6;-;   40;-;   63;-;   48;-;    3;-;  350;-;  299;-;   50;-;    1;-;    0;-;    0;-;   33;-;   51;-;   35;-;    0;-
4607;5027;05;A;  52;100630; 3;w;06; 2703;-;  873;-;  190;-;  122;-; 2497;-; 2337;-;  130;-;   30;-;    4;-;    2;-;   68;-;  120;-;   95;-;   12;-;  741;-;  642;-;   89;-;   10;-;    2;-;    0;-;   38;-;   84;-;   61;-;    8;-
4607;5027;05;A;  52;100630; 3;w;07; 5152;-; 2012;-;  268;-;  146;-; 4848;-; 4542;-;  270;-;   36;-;   13;-;    6;-;   98;-;  164;-;  115;-;   23;-; 1849;-; 1683;-;  153;-;   13;-;    6;-;    0;-;   65;-;   81;-;   56;-;   11;-
4607;5027;05;A;  52;100630; 3;w;08; 6061;-; 3454;-;  220;-;  201;-; 5797;-; 5557;-;  211;-;   29;-;   25;-;    6;-;   96;-;  118;-;   86;-;   19;-; 3221;-; 3001;-;  199;-;   21;-;   17;-;    4;-;   92;-;  105;-;   82;-;   15;-
4607;5027;05;A;  52;100630; 3;w;09; 5829;-; 3799;-;  226;-;  236;-; 5527;-; 5253;-;  237;-;   37;-;   15;-;    5;-;  102;-;  119;-;   95;-;   61;-; 3534;-; 3323;-;  204;-;    7;-;   11;-;   12;-;   98;-;  126;-;   90;-;   18;-
4607;5027;05;A;  52;100630; 3;w;10; 4170;-; 2638;-;  285;-;  238;-; 3854;-; 3688;-;  147;-;   19;-;    8;-;    9;-;   92;-;  184;-;  138;-;   23;-; 2360;-; 2130;-;  222;-;    8;-;   20;-;   10;-;  104;-;  124;-;  102;-;   20;-
4607;5027;05;A;  52;100630; 3;w;11; 3338;-; 2431;-;  263;-;  260;-; 3035;-; 2850;-;  172;-;   13;-;   18;-;    8;-;  103;-;  152;-;  118;-;   22;-; 2146;-; 1901;-;  236;-;    9;-;   14;-;    7;-;   86;-;  167;-;  124;-;   11;-
4607;5027;05;A;  52;100630; 3;w;12; 2915;-; 2503;-;  265;-;  250;-; 2604;-; 2397;-;  200;-;    7;-;   19;-;    7;-;  100;-;  158;-;  119;-;   27;-; 2234;-; 2030;-;  194;-;   10;-;   14;-;    7;-;  102;-;  141;-;  106;-;    5;-
4607;5027;05;A;  52;100630; 3;w;13; 3036;-; 3115;-;  246;-;  252;-; 2744;-; 2525;-;  200;-;   19;-;   22;-;    3;-;   90;-;  153;-;  113;-;   24;-; 2840;-; 2629;-;  201;-;   10;-;   14;-;    8;-;   94;-;  150;-;  107;-;    9;-
4607;5027;05;A;  52;100630; 3;w;14; 3169;-; 3509;-;  211;-;  237;-; 2893;-; 2675;-;  199;-;   19;-;   22;-;    9;-;   72;-;  130;-;  103;-;   43;-; 3241;-; 2983;-;  241;-;   17;-;   13;-;    6;-;  104;-;  127;-;   94;-;   18;-
4607;5027;05;A;  52;100630; 3;w;15; 2911;-; 4295;-;  217;-;  244;-; 2652;-; 2422;-;  208;-;   22;-;   14;-;    5;-;   87;-;  125;-;   95;-;   28;-; 4019;-; 3740;-;  249;-;   30;-;   20;-;    6;-;  111;-;  127;-;  100;-;   12;-
4607;5027;05;A;  52;100630; 3;w;16; 3159;-; 4919;-;  212;-;  233;-; 2895;-; 2648;-;  224;-;   23;-;   15;-;    6;-;   87;-;  119;-;   87;-;   37;-; 4648;-; 4333;-;  289;-;   26;-;   22;-;    5;-;   92;-;  136;-;   97;-;   16;-
4607;5027;05;A;  52;100630; 3;w;17; 3456;-; 5690;-;  173;-;  190;-; 3250;-; 3053;-;  177;-;   20;-;   11;-;    5;-;   53;-;  115;-;   90;-;   22;-; 5460;-; 5198;-;  226;-;   36;-;   27;-;    6;-;   52;-;  132;-;  105;-;   13;-
4607;5027;05;A;  52;100630; 3;w;18; 3794;-; 4497;-;  156;-;  125;-; 3599;-; 3404;-;  173;-;   22;-;    3;-;    1;-;   57;-;   98;-;   80;-;   36;-; 4339;-; 4135;-;  170;-;   34;-;   15;-;    7;-;   38;-;   80;-;   59;-;   18;-
4607;5027;05;A;  52;100630; 3;w;19; 3277;-; 5496;-;  101;-;  122;-; 3145;-; 3002;-;  131;-;   12;-;    5;-;    9;-;   21;-;   71;-;   56;-;   26;-; 5348;-; 5165;-;  154;-;   29;-;   10;-;    8;-;   31;-;   83;-;   70;-;   16;-
4607;5027;05;A;  52;100630; 3;w;20; 2365;-; 3333;-;   85;-;   89;-; 2252;-; 2106;-;  119;-;   27;-;    4;-;    3;-;   19;-;   63;-;   48;-;   24;-; 3213;-; 3014;-;  177;-;   22;-;    6;-;    3;-;   24;-;   62;-;   49;-;   25;-
4607;5027;05;A;  52;100630; 3;w;21; 1722;-; 2292;-;   49;-;   73;-; 1653;-; 1527;-;  112;-;   14;-;    8;-;    3;-;   15;-;   31;-;   22;-;   12;-; 2199;-; 2029;-;  156;-;   14;-;    6;-;    6;-;    6;-;   61;-;   43;-;   14;-
4607;5027;05;A;  52;100630; 3;w;22; 1397;-; 1777;-;   56;-;   48;-; 1331;-; 1221;-;   94;-;   16;-;    0;-;    3;-;    8;-;   45;-;   39;-;   10;-; 1709;-; 1557;-;  131;-;   21;-;    6;-;    1;-;   11;-;   36;-;   23;-;   14;-
4607;5027;05;A;  52;100630; 3;w;23; 1213;-; 1744;-;   40;-;   62;-; 1162;-; 1077;-;   73;-;   12;-;    1;-;    2;-;   11;-;   27;-;   23;-;   10;-; 1674;-; 1576;-;   76;-;   22;-;    2;-;    2;-;   18;-;   42;-;   26;-;    6;-
4607;5027;05;A;  52;100630; 3;w;24;  699;-; 1063;-;   47;-;   45;-;  646;-;  597;-;   45;-;    4;-;    2;-;    3;-;   12;-;   32;-;   24;-;    4;-; 1010;-;  944;-;   60;-;    6;-;    3;-;    2;-;   10;-;   33;-;   26;-;    5;-
4607;5027;05;A;  52;100701; 4;w;01;  364;-;  649;-;   42;-;   36;-;  319;-;  274;-;   43;-;    2;-;    2;-;    0;-;   10;-;   32;-;   23;-;    1;-;  608;-;  556;-;   48;-;    4;-;    2;-;    3;-;    3;-;   30;-;   21;-;    3;-
4607;5027;05;A;  52;100701; 4;w;02;  167;-;  229;-;   31;-;   35;-;  133;-;  108;-;   24;-;    1;-;    2;-;    2;-;    8;-;   21;-;   17;-;    1;-;  191;-;  171;-;   18;-;    2;-;    1;-;    0;-;    7;-;   28;-;   21;-;    2;-
4607;5027;05;A;  52;100701; 4;w;03;  224;-;  169;-;   51;-;   37;-;  172;-;  155;-;   16;-;    1;-;    1;-;    0;-;   13;-;   38;-;   25;-;    0;-;  132;-;  111;-;   21;-;    0;-;    0;-;    0;-;   10;-;   27;-;   24;-;    0;-
4607;5027;05;A;  52;100701; 4;w;04;  509;-;  232;-;   77;-;   56;-;  424;-;  387;-;   32;-;    5;-;    2;-;    0;-;   27;-;   50;-;   32;-;    6;-;  173;-;  140;-;   33;-;    0;-;    2;-;    0;-;   20;-;   36;-;   26;-;    1;-
4607;5027;05;A;  52;100701; 4;w;05;  981;-;  504;-;  119;-;   82;-;  853;-;  780;-;   67;-;    6;-;    2;-;    4;-;   42;-;   73;-;   44;-;    7;-;  417;-;  353;-;   63;-;    1;-;    3;-;    2;-;   40;-;   40;-;   28;-;    2;-
4607;5027;05;A;  52;100701; 4;w;06; 2632;-;  901;-;  175;-;  120;-; 2443;-; 2286;-;  126;-;   31;-;    2;-;    5;-;   60;-;  110;-;   87;-;   12;-;  772;-;  679;-;   81;-;   12;-;    5;-;    1;-;   44;-;   75;-;   55;-;    4;-
4607;5027;05;A;  52;100701; 4;w;07; 5173;-; 1980;-;  248;-;  155;-; 4888;-; 4538;-;  305;-;   45;-;   16;-;    4;-;  100;-;  144;-;  109;-;   21;-; 1803;-; 1632;-;  157;-;   14;-;    9;-;    4;-;   61;-;   90;-;   56;-;   13;-
4607;5027;05;A;  52;100701; 4;w;08; 6331;-; 3527;-;  219;-;  204;-; 6061;-; 5789;-;  230;-;   42;-;   34;-;   15;-;   92;-;  112;-;   90;-;   17;-; 3297;-; 3072;-;  200;-;   25;-;   11;-;    7;-;   94;-;  103;-;   76;-;   15;-
4607;5027;05;A;  52;100701; 4;w;09; 5798;-; 3858;-;  238;-;  246;-; 5523;-; 5292;-;  202;-;   29;-;   11;-;    6;-;   95;-;  137;-;  102;-;   26;-; 3577;-; 3360;-;  204;-;   13;-;   10;-;    9;-;   98;-;  139;-;  103;-;   25;-
4607;5027;05;A;  52;100701; 4;w;10; 4087;-; 2955;-;  245;-;  273;-; 3774;-; 3559;-;  193;-;   22;-;   19;-;    8;-;  106;-;  131;-;   91;-;   49;-; 2656;-; 2385;-;  259;-;   12;-;   15;-;   11;-;  119;-;  143;-;  104;-;   11;-
4607;5027;05;A;  52;100701; 4;w;11; 3388;-; 2507;-;  300;-;  284;-; 3048;-; 2832;-;  209;-;    7;-;   18;-;    6;-;  101;-;  193;-;  147;-;   22;-; 2196;-; 1975;-;  203;-;   18;-;   15;-;    7;-;  119;-;  158;-;  132;-;   12;-
4607;5027;05;A;  52;100701; 4;w;12; 2717;-; 2547;-;  260;-;  272;-; 2425;-; 2218;-;  189;-;   18;-;   12;-;    3;-;   95;-;  162;-;  119;-;   20;-; 2248;-; 2034;-;  205;-;    9;-;   17;-;    3;-;  117;-;  152;-;  116;-;   10;-
4607;5027;05;A;  52;100701; 4;w;13; 3028;-; 3036;-;  282;-;  247;-; 2712;-; 2499;-;  188;-;   25;-;   14;-;    7;-;   94;-;  181;-;  141;-;   20;-; 2755;-; 2505;-;  236;-;   14;-;   13;-;    2;-;   94;-;  151;-;  110;-;   21;-
4607;5027;05;A;  52;100701; 4;w;14; 3175;-; 3385;-;  242;-;  225;-; 2899;-; 2655;-;  210;-;   34;-;   12;-;    3;-;   88;-;  151;-;  125;-;   22;-; 3131;-; 2864;-;  251;-;   16;-;   18;-;    3;-;   92;-;  130;-;  106;-;   11;-
4607;5027;05;A;  52;100701; 4;w;15; 2916;-; 4181;-;  238;-;  263;-; 2652;-; 2430;-;  204;-;   18;-;   11;-;    5;-;   73;-;  160;-;  119;-;   15;-; 3883;-; 3596;-;  270;-;   17;-;   18;-;    8;-;  112;-;  143;-;  113;-;   17;-
4607;5027;05;A;  52;100701; 4;w;16; 3056;-; 4982;-;  208;-;  229;-; 2790;-; 2565;-;  204;-;   21;-;   18;-;    7;-;   83;-;  118;-;   86;-;   40;-; 4715;-; 4388;-;  279;-;   48;-;   21;-;    4;-;   79;-;  146;-;  113;-;   17;-
4607;5027;05;A;  52;100701; 4;w;17; 3557;-; 5624;-;  180;-;  203;-; 3325;-; 3099;-;  204;-;   22;-;   15;-;    8;-;   60;-;  112;-;   87;-;   37;-; 5383;-; 5028;-;  313;-;   42;-;   17;-;   10;-;   71;-;  122;-;   90;-;   21;-
4607;5027;05;A;  52;100701; 4;w;18; 3735;-; 5857;-;  142;-;  155;-; 3555;-; 3394;-;  142;-;   19;-;    9;-;    5;-;   42;-;   95;-;   76;-;   29;-; 5667;-; 5480;-;  153;-;   34;-;   15;-;    6;-;   39;-;  110;-;   85;-;   20;-
4607;5027;05;A;  52;100701; 4;w;19; 3949;-; 5128;-;  147;-;  102;-; 3750;-; 3581;-;  145;-;   24;-;   22;-;    8;-;   35;-;  104;-;   82;-;   30;-; 5001;-; 4800;-;  174;-;   27;-;    9;-;    7;-;   29;-;   66;-;   50;-;   16;-
4607;5027;05;A;  52;100701; 4;w;20; 2540;-; 3233;-;   82;-;   78;-; 2405;-; 2254;-;  141;-;   10;-;   10;-;    8;-;   20;-;   54;-;   48;-;   43;-; 3118;-; 2903;-;  187;-;   28;-;   12;-;    3;-;   29;-;   46;-;   37;-;   25;-
4607;5027;05;A;  52;100701; 4;w;21; 1700;-; 2172;-;   63;-;   81;-; 1621;-; 1491;-;  106;-;   24;-;    6;-;    9;-;   16;-;   38;-;   27;-;   10;-; 2072;-; 1898;-;  151;-;   23;-;    8;-;    6;-;   10;-;   65;-;   36;-;   11;-
4607;5027;05;A;  52;100701; 4;w;22; 1412;-; 1697;-;   66;-;   61;-; 1335;-; 1208;-;  113;-;   14;-;    2;-;    8;-;   15;-;   43;-;   35;-;    9;-; 1621;-; 1486;-;  114;-;   21;-;    5;-;    4;-;   11;-;   46;-;   33;-;   10;-
4607;5027;05;A;  52;100701; 4;w;23; 1110;-; 1774;-;   52;-;   56;-; 1051;-;  959;-;   82;-;   10;-;    0;-;    0;-;   10;-;   42;-;   32;-;    7;-; 1707;-; 1608;-;   80;-;   19;-;    2;-;    3;-;   13;-;   40;-;   28;-;    9;-
4607;5027;05;A;  52;100701; 4;w;24;  686;-; 1311;-;   33;-;   52;-;  647;-;  600;-;   44;-;    3;-;    2;-;    2;-;    4;-;   27;-;   22;-;    4;-; 1253;-; 1173;-;   74;-;    6;-;    1;-;    2;-;   10;-;   40;-;   31;-;    5;-
4607;5027;05;A;  52;100702; 5;w;01;  363;-;  499;-;   43;-;   32;-;  316;-;  273;-;   42;-;    1;-;    1;-;    3;-;   11;-;   29;-;   19;-;    3;-;  462;-;  413;-;   43;-;    6;-;    3;-;    2;-;    3;-;   27;-;   19;-;    2;-
4607;5027;05;A;  52;100702; 5;w;02;  191;-;  228;-;   41;-;   39;-;  149;-;  124;-;   24;-;    1;-;    0;-;    1;-;   11;-;   29;-;   22;-;    1;-;  188;-;  164;-;   23;-;    1;-;    0;-;    0;-;    7;-;   32;-;   20;-;    1;-
4607;5027;05;A;  52;100702; 5;w;03;  186;-;  160;-;   50;-;   43;-;  132;-;  120;-;   11;-;    1;-;    2;-;    1;-;   12;-;   37;-;   24;-;    2;-;  115;-;   99;-;   15;-;    1;-;    1;-;    1;-;    8;-;   34;-;   24;-;    1;-
4607;5027;05;A;  52;100702; 5;w;04;  538;-;  214;-;   82;-;   52;-;  453;-;  408;-;   41;-;    4;-;    1;-;    1;-;   24;-;   57;-;   39;-;    2;-;  160;-;  128;-;   32;-;    0;-;    2;-;    0;-;   19;-;   33;-;   27;-;    0;-
4607;5027;05;A;  52;100702; 5;w;05;  972;-;  471;-;  116;-;   94;-;  850;-;  781;-;   56;-;   13;-;    1;-;    6;-;   44;-;   66;-;   50;-;    5;-;  377;-;  324;-;   52;-;    1;-;    0;-;    5;-;   34;-;   55;-;   38;-;    0;-
4607;5027;05;A;  52;100702; 5;w;06; 2540;-;  959;-;  181;-;  146;-; 2332;-; 2168;-;  131;-;   33;-;    5;-;    2;-;   65;-;  114;-;   88;-;   22;-;  809;-;  710;-;   85;-;   14;-;    1;-;    5;-;   48;-;   93;-;   64;-;    3;-
4607;5027;05;A;  52;100702; 5;w;07; 4899;-; 1959;-;  248;-;  158;-; 4607;-; 4305;-;  261;-;   41;-;   17;-;    4;-;  103;-;  141;-;   97;-;   27;-; 1776;-; 1615;-;  146;-;   15;-;   13;-;    2;-;   64;-;   92;-;   61;-;   12;-
4607;5027;05;A;  52;100702; 5;w;08; 6060;-; 3473;-;  240;-;  246;-; 5747;-; 5466;-;  247;-;   34;-;   25;-;    8;-;  105;-;  127;-;   99;-;   48;-; 3204;-; 2974;-;  205;-;   25;-;   13;-;    5;-;  102;-;  139;-;  108;-;   10;-
4607;5027;05;A;  52;100702; 5;w;09; 5445;-; 3495;-;  247;-;  254;-; 5153;-; 4882;-;  233;-;   38;-;   19;-;    4;-;  101;-;  142;-;  102;-;   26;-; 3213;-; 2985;-;  209;-;   19;-;   13;-;    6;-;  110;-;  138;-;  109;-;   15;-
4607;5027;05;A;  52;100702; 5;w;10; 3648;-; 2731;-;  247;-;  271;-; 3341;-; 3121;-;  194;-;   26;-;   19;-;   11;-;   75;-;  161;-;  116;-;   41;-; 2424;-; 2206;-;  208;-;   10;-;   19;-;    8;-;  118;-;  145;-;  100;-;   17;-
4607;5027;05;A;  52;100702; 5;w;11; 2836;-; 2486;-;  264;-;  279;-; 2535;-; 2321;-;  207;-;    7;-;   22;-;    6;-;   82;-;  176;-;  135;-;   15;-; 2180;-; 1921;-;  249;-;   10;-;   18;-;    8;-;  116;-;  155;-;  123;-;    9;-
4607;5027;05;A;  52;100702; 5;w;12; 2660;-; 2727;-;  245;-;  253;-; 2379;-; 2182;-;  182;-;   15;-;   13;-;    3;-;   95;-;  147;-;  112;-;   23;-; 2433;-; 2173;-;  240;-;   20;-;   19;-;    3;-;   95;-;  155;-;  122;-;   22;-
4607;5027;05;A;  52;100702; 5;w;13; 3164;-; 3880;-;  233;-;  247;-; 2874;-; 2639;-;  215;-;   20;-;   19;-;    8;-;   74;-;  151;-;  106;-;   38;-; 3595;-; 3301;-;  268;-;   26;-;   25;-;    6;-;   97;-;  144;-;  109;-;   13;-
4607;5027;05;A;  52;100702; 5;w;14; 3579;-; 4611;-;  234;-;  250;-; 3293;-; 3037;-;  221;-;   35;-;   19;-;    3;-;   91;-;  140;-;  106;-;   33;-; 4316;-; 4040;-;  249;-;   27;-;   28;-;    8;-;  102;-;  140;-;  104;-;   17;-
4607;5027;05;A;  52;100702; 5;w;15; 3328;-; 5468;-;  205;-;  259;-; 3041;-; 2809;-;  198;-;   34;-;   45;-;    2;-;   75;-;  128;-;  101;-;   37;-; 5160;-; 4886;-;  239;-;   35;-;   28;-;    8;-;   92;-;  159;-;  113;-;   21;-
4607;5027;05;A;  52;100702; 5;w;16; 3558;-; 5687;-;  196;-;  208;-; 3323;-; 3122;-;  173;-;   28;-;   11;-;    4;-;   78;-;  114;-;   90;-;   28;-; 5444;-; 5213;-;  194;-;   37;-;   20;-;    9;-;   60;-;  139;-;   98;-;   15;-
4607;5027;05;A;  52;100702; 5;w;17; 3228;-; 5164;-;  134;-;  164;-; 3050;-; 2856;-;  173;-;   21;-;   13;-;    7;-;   53;-;   74;-;   56;-;   31;-; 4963;-; 4734;-;  196;-;   33;-;   13;-;    6;-;   60;-;   98;-;   75;-;   24;-
4607;5027;05;A;  52;100702; 5;w;18; 2769;-; 4105;-;  130;-;  111;-; 2602;-; 2459;-;  130;-;   13;-;   10;-;    6;-;   44;-;   80;-;   62;-;   27;-; 3960;-; 3745;-;  195;-;   20;-;   14;-;    6;-;   39;-;   66;-;   50;-;   20;-
4607;5027;05;A;  52;100702; 5;w;19; 2909;-; 3905;-;  104;-;   96;-; 2774;-; 2607;-;  151;-;   16;-;   14;-;    8;-;   27;-;   69;-;   49;-;   17;-; 3779;-; 3580;-;  175;-;   24;-;   10;-;    7;-;   26;-;   63;-;   54;-;   20;-
4607;5027;05;A;  52;100702; 5;w;20; 2349;-; 2945;-;   88;-;   74;-; 2232;-; 2085;-;  134;-;   13;-;   14;-;    7;-;   27;-;   54;-;   38;-;   15;-; 2839;-; 2643;-;  177;-;   19;-;    5;-;    5;-;   19;-;   50;-;   40;-;   27;-
4607;5027;05;A;  52;100702; 5;w;21; 1785;-; 2143;-;   59;-;   90;-; 1704;-; 1545;-;  128;-;   31;-;    3;-;    4;-;   14;-;   41;-;   29;-;   19;-; 2025;-; 1851;-;  161;-;   13;-;   14;-;    4;-;   13;-;   73;-;   47;-;   14;-
4607;5027;05;A;  52;100702; 5;w;22; 1388;-; 1685;-;   46;-;   67;-; 1322;-; 1230;-;   79;-;   13;-;    4;-;    3;-;   14;-;   29;-;   21;-;   16;-; 1603;-; 1466;-;  114;-;   23;-;    5;-;    6;-;   14;-;   47;-;   31;-;   10;-
4607;5027;05;A;  52;100702; 5;w;23; 1201;-; 1497;-;   37;-;   52;-; 1143;-; 1059;-;   75;-;    9;-;    5;-;    5;-;    6;-;   26;-;   19;-;   16;-; 1433;-; 1337;-;   80;-;   16;-;    5;-;    4;-;   12;-;   36;-;   24;-;    7;-
4607;5027;05;A;  52;100702; 5;w;24;  918;-; 1401;-;   40;-;   57;-;  862;-;  799;-;   56;-;    7;-;    5;-;    6;-;   11;-;   23;-;   20;-;   11;-; 1329;-; 1260;-;   62;-;    7;-;    3;-;    3;-;   13;-;   41;-;   34;-;   12;-
4607;5027;05;A;  52;100703; 6;w;01;  659;-;  928;-;   26;-;   39;-;  626;-;  585;-;   37;-;    4;-;    1;-;    4;-;    4;-;   18;-;   12;-;    6;-;  882;-;  826;-;   50;-;    6;-;    2;-;    3;-;    5;-;   31;-;   19;-;    5;-
4607;5027;05;A;  52;100703; 6;w;02;  417;-;  508;-;   35;-;   34;-;  380;-;  340;-;   38;-;    2;-;    1;-;    2;-;   12;-;   21;-;   14;-;    1;-;  472;-;  441;-;   26;-;    5;-;    0;-;    6;-;   12;-;   16;-;   14;-;    2;-
4607;5027;05;A;  52;100703; 6;w;03;  307;-;  304;-;   29;-;   37;-;  271;-;  251;-;   20;-;    0;-;    3;-;    1;-;    8;-;   20;-;   14;-;    4;-;  266;-;  239;-;   26;-;    1;-;    0;-;    2;-;   11;-;   24;-;   20;-;    1;-
4607;5027;05;A;  52;100703; 6;w;04;  606;-;  335;-;   46;-;   25;-;  556;-;  515;-;   40;-;    1;-;    0;-;    1;-;   16;-;   29;-;   17;-;    4;-;  306;-;  264;-;   41;-;    1;-;    3;-;    2;-;    9;-;   14;-;   11;-;    1;-
4607;5027;05;A;  52;100703; 6;w;05;  618;-;  478;-;   50;-;   43;-;  560;-;  516;-;   42;-;    2;-;    2;-;    4;-;   23;-;   23;-;   17;-;    6;-;  430;-;  385;-;   44;-;    1;-;    4;-;    1;-;   27;-;   15;-;   12;-;    1;-
4607;5027;05;A;  52;100703; 6;w;06;  978;-;  576;-;   64;-;   51;-;  900;-;  825;-;   69;-;    6;-;    6;-;    5;-;   29;-;   30;-;   24;-;    8;-;  515;-;  454;-;   56;-;    5;-;    7;-;    1;-;   23;-;   27;-;   16;-;    3;-
4607;5027;05;A;  52;100703; 6;w;07;  973;-;  860;-;   55;-;   39;-;  895;-;  780;-;  113;-;    2;-;   14;-;    3;-;   26;-;   26;-;   21;-;    9;-;  807;-;  708;-;   85;-;   14;-;   10;-;    3;-;   11;-;   25;-;   12;-;    4;-
4607;5027;05;A;  52;100703; 6;w;08; 1272;-; 1096;-;   65;-;   72;-; 1182;-; 1067;-;  114;-;    1;-;   18;-;    5;-;   25;-;   35;-;   25;-;    7;-; 1003;-;  884;-;  113;-;    6;-;   13;-;    7;-;   26;-;   39;-;   33;-;    8;-
4607;5027;05;A;  52;100703; 6;w;09; 1732;-; 1587;-;   50;-;   74;-; 1665;-; 1539;-;  119;-;    7;-;    8;-;    5;-;   26;-;   19;-;   15;-;    9;-; 1496;-; 1363;-;  125;-;    8;-;    9;-;    4;-;   33;-;   37;-;   29;-;    8;-
4607;5027;05;A;  52;100703; 6;w;10; 2518;-; 2001;-;   68;-;   65;-; 2407;-; 2263;-;  124;-;   20;-;   10;-;    4;-;   40;-;   24;-;   19;-;   33;-; 1911;-; 1765;-;  134;-;   12;-;   15;-;    8;-;   23;-;   34;-;   25;-;   10;-
4607;5027;05;A;  52;100703; 6;w;11; 2392;-; 2281;-;   57;-;   64;-; 2307;-; 2145;-;  139;-;   23;-;   13;-;    6;-;   23;-;   28;-;   26;-;   15;-; 2197;-; 2019;-;  157;-;   21;-;   12;-;    7;-;   25;-;   32;-;   22;-;    8;-
4607;5027;05;A;  52;100703; 6;w;12; 2494;-; 2346;-;   40;-;   56;-; 2407;-; 2244;-;  152;-;   11;-;   12;-;    3;-;   16;-;   21;-;   14;-;   35;-; 2258;-; 2103;-;  141;-;   14;-;   20;-;    4;-;   22;-;   30;-;   23;-;   12;-
4607;5027;05;A;  52;100703; 6;w;13; 2473;-; 2584;-;   35;-;   44;-; 2412;-; 2279;-;  122;-;   11;-;    9;-;    4;-;   14;-;   17;-;   13;-;   17;-; 2507;-; 2329;-;  160;-;   18;-;   16;-;    6;-;   15;-;   23;-;   16;-;   17;-
4607;5027;05;A;  52;100703; 6;w;14; 2524;-; 2934;-;   29;-;   41;-; 2431;-; 2275;-;  136;-;   20;-;    7;-;    0;-;   15;-;   14;-;   14;-;   57;-; 2856;-; 2672;-;  167;-;   17;-;   13;-;    5;-;   18;-;   18;-;   15;-;   24;-
4607;5027;05;A;  52;100703; 6;w;15; 2659;-; 3047;-;   29;-;   32;-; 2585;-; 2455;-;  107;-;   23;-;   12;-;    5;-;   14;-;   10;-;    8;-;   33;-; 2981;-; 2822;-;  144;-;   15;-;   20;-;    2;-;   16;-;   14;-;   12;-;   14;-
4607;5027;05;A;  52;100703; 6;w;16; 2328;u; 2628;u;   26;u;   28;u; 2262;u; 2118;u;  128;u;   16;u;   15;u;    4;u;   12;u;   10;u;    9;u;   25;u; 2566;u; 2412;u;  142;u;   12;u;   11;u;    4;u;    9;u;   15;u;   12;u;   23;u
4607;5027;05;A;  52;100703; 6;w;17;  872;u; 1264;u;   17;u;   16;u;  841;u;  774;u;   61;u;    6;u;    6;u;    4;u;    8;u;    5;u;    2;u;    8;u; 1239;u; 1140;u;   90;u;    9;u;    3;u;    2;u;    6;u;    8;u;    5;u;    6;u
4607;5027;05;A;  52;100703; 6;w;18;  748;u;  820;u;   12;u;   15;u;  727;u;  669;u;   50;u;    8;u;    5;u;    2;u;    4;u;    6;u;    5;u;    4;u;  800;u;  745;u;   53;u;    2;u;    2;u;    3;u;    4;u;    8;u;    8;u;    3;u
4607;5027;05;A;  52;100703; 6;w;19; 1446;u; 1678;u;   13;u;   18;u; 1412;u; 1320;u;   87;u;    5;u;    8;u;    5;u;    5;u;    3;u;    3;u;   13;u; 1644;u; 1551;u;   86;u;    7;u;    7;u;    3;u;    6;u;    9;u;    8;u;    9;u
4607;5027;05;A;  52;100703; 6;w;20; 1380;-; 1461;-;    8;-;   19;-; 1353;-; 1262;-;   87;-;    4;-;    8;-;    1;-;    4;-;    3;-;    3;-;   11;-; 1427;-; 1322;-;   91;-;   14;-;    6;-;    5;-;    4;-;   10;-;   10;-;    9;-
4607;5027;05;A;  52;100703; 6;w;21; 1163;-; 1226;-;   10;-;   11;-; 1143;-; 1066;-;   75;-;    2;-;    0;-;    4;-;    3;-;    3;-;    3;-;   10;-; 1205;-; 1101;-;  100;-;    4;-;    4;-;    3;-;    8;-;    0;-;    0;-;    6;-
4607;5027;05;A;  52;100703; 6;w;22; 1017;-;  952;-;   13;-;    4;-;  994;-;  926;-;   62;-;    6;-;    1;-;    1;-;    9;-;    3;-;    3;-;    9;-;  942;-;  890;-;   47;-;    5;-;    3;-;    1;-;    2;-;    1;-;    1;-;    3;-
4607;5027;05;A;  52;100703; 6;w;23;  955;-;  914;-;    9;-;    7;-;  931;-;  862;-;   65;-;    4;-;    3;-;    0;-;    7;-;    2;-;    2;-;   12;-;  898;-;  864;-;   31;-;    3;-;    1;-;    4;-;    3;-;    0;-;    0;-;    8;-
4607;5027;05;A;  52;100703; 6;w;24; 1182;-; 1183;-;    3;-;    8;-; 1166;-; 1111;-;   48;-;    7;-;    4;-;    1;-;    0;-;    2;-;    0;-;    9;-; 1171;-; 1123;-;   45;-;    3;-;    2;-;    1;-;    5;-;    2;-;    1;-;    2;-
4607;5027;05;A;  52;100704; 7;s;01;  762;-; 1023;-;    7;-;    6;-;  747;-;  706;-;   37;-;    4;-;    2;-;    3;-;    4;-;    0;-;    0;-;    6;-; 1015;-;  963;-;   52;-;    0;-;    1;-;    2;-;    1;-;    3;-;    2;-;    1;-
4607;5027;05;A;  52;100704; 7;s;02;  442;-;  568;-;    6;-;    9;-;  432;-;  406;-;   26;-;    0;-;    1;-;    2;-;    2;-;    2;-;    1;-;    3;-;  556;-;  520;-;   34;-;    2;-;    0;-;    2;-;    7;-;    0;-;    0;-;    3;-
4607;5027;05;A;  52;100704; 7;s;03;  321;-;  300;-;    5;-;    5;-;  309;-;  285;-;   22;-;    2;-;    2;-;    1;-;    2;-;    2;-;    1;-;    5;-;  292;-;  275;-;   17;-;    0;-;    2;-;    0;-;    3;-;    2;-;    2;-;    1;-
4607;5027;05;A;  52;100704; 7;s;04;  540;-;  295;-;    7;-;    3;-;  524;-;  488;-;   36;-;    0;-;    2;-;    1;-;    6;-;    0;-;    0;-;    7;-;  292;-;  266;-;   26;-;    0;-;    0;-;    1;-;    1;-;    1;-;    1;-;    0;-
4607;5027;05;A;  52;100704; 7;s;05;  582;-;  421;-;   12;-;    3;-;  565;-;  527;-;   35;-;    3;-;    2;-;    3;-;    9;-;    0;-;    0;-;    3;-;  415;-;  383;-;   31;-;    1;-;    1;-;    1;-;    1;-;    1;-;    1;-;    2;-
4607;5027;05;A;  52;100704; 7;s;06;  848;-;  416;-;   13;-;   17;-;  820;-;  742;-;   70;-;    8;-;    9;-;    2;-;    5;-;    6;-;    2;-;    6;-;  396;-;  348;-;   47;-;    1;-;    2;-;    1;-;   12;-;    4;-;    4;-;    1;-
4607;5027;05;A;  52;100704; 7;s;07;  684;-;  537;-;    7;-;    8;-;  657;-;  593;-;   59;-;    5;-;   14;-;    1;-;    3;-;    3;-;    3;-;    6;-;  519;-;  454;-;   63;-;    2;-;    6;-;    6;-;    2;-;    0;-;    0;-;    4;-
4607;5027;05;A;  52;100704; 7;s;08;  753;-;  624;-;   10;-;    9;-;  727;-;  641;-;   82;-;    4;-;   10;-;    3;-;    4;-;    3;-;    3;-;    6;-;  608;-;  547;-;   56;-;    5;-;    6;-;    3;-;    2;-;    4;-;    4;-;    1;-
4607;5027;05;A;  52;100704; 7;s;09;  954;-;  875;-;   22;-;    8;-;  912;-;  840;-;   67;-;    5;-;   12;-;    4;-;    9;-;    9;-;    8;-;    8;-;  857;-;  792;-;   61;-;    4;-;    6;-;    3;-;    3;-;    2;-;    2;-;    4;-
4607;5027;05;A;  52;100704; 7;s;10; 1405;-; 1349;-;   16;-;    5;-; 1378;-; 1296;-;   74;-;    8;-;    8;-;    2;-;    7;-;    7;-;    7;-;    3;-; 1336;-; 1252;-;   64;-;   20;-;    6;-;    1;-;    2;-;    2;-;    2;-;    2;-
4607;5027;05;A;  52;100704; 7;s;11; 1707;-; 1723;-;   12;-;   21;-; 1674;-; 1582;-;   80;-;   12;-;    9;-;    2;-;    4;-;    6;-;    5;-;   12;-; 1685;-; 1553;-;   92;-;   40;-;    7;-;   10;-;    4;-;    7;-;    7;-;   10;-
4607;5027;05;A;  52;100704; 7;s;12; 1892;-; 1810;-;    8;-;    8;-; 1854;-; 1746;-;   90;-;   18;-;   14;-;    2;-;    5;-;    1;-;    1;-;   16;-; 1787;-; 1632;-;  117;-;   38;-;    8;-;    1;-;    4;-;    3;-;    2;-;    7;-
4607;5027;05;A;  52;100704; 7;s;13; 2273;-; 2018;-;   14;-;   11;-; 2232;-; 2100;-;   94;-;   38;-;   11;-;    2;-;    8;-;    4;-;    4;-;   16;-; 1988;-; 1860;-;  103;-;   25;-;   10;-;    1;-;    5;-;    5;-;    2;-;    9;-
4607;5027;05;A;  52;100704; 7;s;14; 2446;-; 2385;-;   18;-;   15;-; 2394;-; 2276;-;   89;-;   29;-;    8;-;    1;-;   11;-;    6;-;    5;-;   26;-; 2348;-; 2220;-;  102;-;   26;-;   13;-;    3;-;    9;-;    3;-;    2;-;    9;-
4607;5027;05;A;  52;100704; 7;s;15; 2415;-; 2546;-;   18;-;   23;-; 2363;-; 2237;-;  102;-;   24;-;    6;-;    2;-;    8;-;    8;-;    6;-;   28;-; 2509;-; 2380;-;  108;-;   21;-;    6;-;    3;-;   10;-;   10;-;    5;-;    8;-
4607;5027;05;A;  52;100704; 7;s;16; 2223;-; 2314;-;   14;-;   14;-; 2177;-; 2041;-;  111;-;   25;-;   11;-;    3;-;    7;-;    4;-;    3;-;   21;-; 2276;-; 2135;-;  118;-;   23;-;   10;-;    2;-;    5;-;    7;-;    6;-;   14;-
4607;5027;05;A;  52;100704; 7;s;17; 2242;-; 2144;-;   18;-;   14;-; 2196;-; 2095;-;   80;-;   21;-;   10;-;    4;-;    9;-;    5;-;    4;-;   18;-; 2096;-; 1942;-;  133;-;   21;-;   20;-;    3;-;    4;-;    7;-;    6;-;   14;-
4607;5027;05;A;  52;100704; 7;s;18; 2358;-; 2442;-;   16;-;   21;-; 2311;-; 2184;-;  102;-;   25;-;   11;-;    7;-;    3;-;    6;-;    6;-;   20;-; 2386;-; 2247;-;  124;-;   15;-;   23;-;    5;-;   10;-;    6;-;    4;-;   12;-
4607;5027;05;A;  52;100704; 7;s;19; 2512;-; 2163;-;   19;-;   23;-; 2467;-; 2329;-;  112;-;   26;-;   15;-;    2;-;    8;-;    9;-;    7;-;   11;-; 2105;-; 1974;-;  120;-;   11;-;   23;-;    4;-;   14;-;    5;-;    2;-;   12;-
4607;5027;05;A;  52;100704; 7;s;20; 2206;-; 2123;-;   22;-;   20;-; 2157;-; 2035;-;   98;-;   24;-;    6;-;    3;-;   11;-;    8;-;    7;-;   21;-; 2082;-; 1958;-;  104;-;   20;-;   12;-;    9;-;    3;-;    8;-;    6;-;    9;-
4607;5027;05;A;  52;100704; 7;s;21; 1921;-; 1742;-;   22;-;   14;-; 1876;-; 1748;-;   98;-;   30;-;    9;-;    4;-;    8;-;   10;-;    5;-;   14;-; 1707;-; 1595;-;  101;-;   11;-;    7;-;    2;-;    6;-;    6;-;    4;-;   14;-
4607;5027;05;A;  52;100704; 7;s;22; 1758;-; 1313;-;   32;-;   20;-; 1705;-; 1598;-;   91;-;   16;-;    4;-;    4;-;   14;-;   14;-;   11;-;   17;-; 1285;-; 1194;-;   78;-;   13;-;    4;-;   11;-;    3;-;    6;-;    5;-;    4;-
4607;5027;05;A;  52;100704; 7;s;23; 1294;-; 1120;-;   35;-;   23;-; 1247;-; 1159;-;   81;-;    7;-;    4;-;    1;-;   10;-;   24;-;   19;-;    8;-; 1087;-; 1031;-;   49;-;    7;-;    6;-;    2;-;    4;-;   17;-;   13;-;    4;-
4607;5027;05;A;  52;100704; 7;s;24;  808;-;  982;-;   28;-;   34;-;  773;-;  720;-;   49;-;    4;-;    3;-;    0;-;    4;-;   24;-;   21;-;    4;-;  944;-;  877;-;   61;-;    6;-;    1;-;    0;-;   13;-;   21;-;   18;-;    3;-
4607;5027;05;A;  52;100705; 1;w;01;  381;-;  639;-;   27;-;   33;-;  348;-;  298;-;   46;-;    4;-;    1;-;    1;-;    8;-;   18;-;   13;-;    5;-;  605;-;  567;-;   36;-;    2;-;    1;-;    4;-;    4;-;   25;-;   20;-;    0;-
4607;5027;05;A;  52;100705; 1;w;02;  204;-;  195;-;   38;-;   30;-;  165;-;  135;-;   30;-;    0;-;    1;-;    0;-;   11;-;   27;-;   23;-;    0;-;  165;-;  150;-;   15;-;    0;-;    0;-;    1;-;    4;-;   25;-;   21;-;    0;-
4607;5027;05;A;  52;100705; 1;w;03;  198;-;  122;-;   38;-;   27;-;  159;-;  138;-;   21;-;    0;-;    0;-;    0;-;    8;-;   30;-;   24;-;    1;-;   95;-;   82;-;   12;-;    1;-;    0;-;    0;-;    8;-;   19;-;   14;-;    0;-
4607;5027;05;A;  52;100705; 1;w;04;  468;-;  179;-;   58;-;   56;-;  405;-;  371;-;   31;-;    3;-;    2;-;    1;-;   20;-;   37;-;   28;-;    3;-;  123;-;   97;-;   25;-;    1;-;    0;-;    2;-;   25;-;   29;-;   21;-;    0;-
4607;5027;05;A;  52;100705; 1;w;05;  937;-;  449;-;  103;-;   99;-;  827;-;  768;-;   50;-;    9;-;    0;-;    6;-;   42;-;   55;-;   44;-;    7;-;  347;-;  304;-;   43;-;    0;-;    1;-;    5;-;   36;-;   58;-;   44;-;    2;-
4607;5027;05;A;  52;100705; 1;w;06; 2932;-;  920;-;  218;-;  115;-; 2686;-; 2542;-;  113;-;   31;-;    3;-;    5;-;   89;-;  124;-;  106;-;   25;-;  797;-;  715;-;   72;-;   10;-;    4;-;    6;-;   31;-;   78;-;   58;-;    4;-
4607;5027;05;A;  52;100705; 1;w;07; 5337;-; 2119;-;  230;-;  153;-; 5054;-; 4757;-;  258;-;   39;-;   19;-;    3;-;   95;-;  132;-;   97;-;   34;-; 1951;-; 1788;-;  149;-;   14;-;    3;-;    3;-;   64;-;   86;-;   62;-;   12;-
4607;5027;05;A;  52;100705; 1;w;08; 6470;-; 3684;-;  225;-;  226;-; 6193;-; 5901;-;  264;-;   28;-;   26;-;   15;-;   83;-;  127;-;   98;-;   26;-; 3441;-; 3244;-;  183;-;   14;-;    8;-;    6;-;   96;-;  124;-;  100;-;    9;-
4607;5027;05;A;  52;100705; 1;w;09; 5708;-; 4002;-;  273;-;  255;-; 5378;-; 5171;-;  188;-;   19;-;   23;-;    4;-;  106;-;  163;-;  128;-;   34;-; 3732;-; 3512;-;  214;-;    6;-;    9;-;   12;-;  130;-;  113;-;   82;-;    6;-
4607;5027;05;A;  52;100705; 1;w;10; 4683;-; 2821;-;  229;-;  242;-; 4414;-; 4182;-;  215;-;   17;-;   15;-;   14;-;   90;-;  125;-;   96;-;   25;-; 2551;-; 2308;-;  235;-;    8;-;   16;-;   11;-;   97;-;  134;-;  102;-;   12;-
4607;5027;05;A;  52;100705; 1;w;11; 3429;-; 2450;-;  283;-;  253;-; 3104;-; 2877;-;  216;-;   11;-;   22;-;    7;-;  117;-;  159;-;  129;-;   20;-; 2173;-; 1970;-;  196;-;    7;-;   15;-;    5;-;   98;-;  150;-;  115;-;    9;-
4607;5027;05;A;  52;100705; 1;w;12; 2979;-; 2511;-;  270;-;  230;-; 2670;-; 2448;-;  208;-;   14;-;   20;-;    5;-;  107;-;  158;-;  118;-;   19;-; 2248;-; 2003;-;  230;-;   15;-;   25;-;    3;-;   84;-;  143;-;  112;-;    8;-
4607;5027;05;A;  52;100705; 1;w;13; 3111;-; 3020;-;  246;-;  229;-; 2836;-; 2612;-;  209;-;   15;-;    7;-;    6;-;   86;-;  154;-;  107;-;   22;-; 2770;-; 2521;-;  238;-;   11;-;   12;-;    4;-;   90;-;  135;-;  105;-;    9;-
4607;5027;05;A;  52;100705; 1;w;14; 3065;-; 3262;-;  224;-;  208;-; 2785;-; 2598;-;  168;-;   19;-;   19;-;    3;-;   82;-;  139;-;  120;-;   37;-; 3024;-; 2767;-;  241;-;   16;-;   14;-;    5;-;   86;-;  117;-;   86;-;   16;-
4607;5027;05;A;  52;100705; 1;w;15; 2777;-; 3896;-;  211;-;  228;-; 2533;-; 2335;-;  188;-;   10;-;   14;-;    9;-;   80;-;  122;-;   92;-;   19;-; 3640;-; 3377;-;  245;-;   18;-;   18;-;    4;-;   92;-;  132;-;  100;-;   10;-
4607;5027;05;A;  52;100705; 1;w;16; 2856;-; 4879;-;  224;-;  212;-; 2600;-; 2403;-;  186;-;   11;-;   16;-;    6;-;   91;-;  127;-;   97;-;   16;-; 4634;-; 4300;-;  306;-;   28;-;   19;-;    5;-;   77;-;  130;-;  102;-;   14;-
4607;5027;05;A;  52;100705; 1;w;17; 3242;-; 5621;-;  180;-;  183;-; 3020;-; 2823;-;  186;-;   11;-;   14;-;    8;-;   72;-;  100;-;   79;-;   28;-; 5397;-; 5068;-;  292;-;   37;-;   28;-;    9;-;   57;-;  117;-;   86;-;   13;-
4607;5027;05;A;  52;100705; 1;w;18; 3572;-; 5711;-;  136;-;  134;-; 3402;-; 3263;-;  114;-;   25;-;    8;-;    4;-;   38;-;   94;-;   80;-;   26;-; 5554;-; 5342;-;  188;-;   24;-;   15;-;    4;-;   38;-;   92;-;   69;-;    8;-
4607;5027;05;A;  52;100705; 1;w;19; 3153;-; 5052;-;   85;-;  100;-; 3043;-; 2915;-;  119;-;    9;-;    8;-;    2;-;   16;-;   67;-;   45;-;   17;-; 4929;-; 4737;-;  172;-;   20;-;    7;-;    6;-;   28;-;   66;-;   54;-;   16;-
4607;5027;05;A;  52;100705; 1;w;20; 2300;-; 3090;-;   89;-;   73;-; 2183;-; 2043;-;  127;-;   13;-;    8;-;    6;-;   24;-;   59;-;   47;-;   20;-; 2994;-; 2803;-;  180;-;   11;-;   12;-;    3;-;   18;-;   52;-;   36;-;   11;-
4607;5027;05;A;  52;100705; 1;w;21; 1615;-; 2005;-;   61;-;   82;-; 1538;-; 1423;-;  101;-;   14;-;    4;-;    4;-;   10;-;   47;-;   32;-;   12;-; 1909;-; 1798;-;   92;-;   19;-;    6;-;    5;-;   10;-;   67;-;   45;-;    8;-
4607;5027;05;A;  52;100705; 1;w;22; 1323;-; 1492;-;   63;-;   61;-; 1251;-; 1205;-;   44;-;    2;-;    7;-;    1;-;   15;-;   47;-;   36;-;    2;-; 1424;-; 1379;-;   34;-;   11;-;    4;-;    1;-;    8;-;   52;-;   38;-;    3;-
4607;5027;05;A;  52;100705; 1;w;23;  967;-; 1331;-;   48;-;   58;-;  917;-;  865;-;   47;-;    5;-;    1;-;    1;-;   10;-;   37;-;   31;-;    1;-; 1268;-; 1232;-;   25;-;   11;-;    1;-;    1;-;   11;-;   46;-;   33;-;    4;-
4607;5027;05;A;  52;100705; 1;w;24;  589;-;  978;-;   46;-;   44;-;  538;-;  498;-;   39;-;    1;-;    1;-;    2;-;    9;-;   35;-;   28;-;    4;-;  931;-;  893;-;   36;-;    2;-;    1;-;    2;-;    7;-;   35;-;   24;-;    2;-
4607;5027;05;A;  52;100706; 2;w;01;  275;-;  541;-;   27;-;   47;-;  244;-;  217;-;   25;-;    2;-;    2;-;    2;-;    2;-;   23;-;   18;-;    2;-;  490;-;  462;-;   26;-;    2;-;    1;-;    2;-;    8;-;   37;-;   25;-;    3;-
4607;5027;05;A;  52;100706; 2;w;02;  204;-;  192;-;   42;-;   36;-;  159;-;  137;-;   20;-;    2;-;    1;-;    2;-;    9;-;   31;-;   23;-;    2;-;  152;-;  140;-;   12;-;    0;-;    2;-;    0;-;    7;-;   29;-;   23;-;    2;-
4607;5027;05;A;  52;100706; 2;w;03;  183;-;  135;-;   54;-;   39;-;  124;-;  109;-;   14;-;    1;-;    4;-;    0;-;   15;-;   39;-;   27;-;    1;-;   94;-;   73;-;   21;-;    0;-;    1;-;    1;-;   11;-;   27;-;   21;-;    1;-
4607;5027;05;A;  52;100706; 2;w;04;  507;-;  230;-;   74;-;   64;-;  428;-;  383;-;   39;-;    6;-;    2;-;    1;-;   29;-;   44;-;   29;-;    3;-;  164;-;  131;-;   33;-;    0;-;    2;-;    2;-;   21;-;   41;-;   32;-;    0;-
4607;5027;05;A;  52;100706; 2;w;05;  913;-;  365;-;  103;-;   68;-;  805;-;  752;-;   46;-;    7;-;    2;-;    6;-;   31;-;   66;-;   47;-;    3;-;  293;-;  252;-;   39;-;    2;-;    1;-;    0;-;   28;-;   40;-;   34;-;    3;-
4607;5027;05;A;  52;100706; 2;w;06; 2741;-;  886;-;  169;-;  130;-; 2536;-; 2395;-;  117;-;   24;-;    7;-;    1;-;   60;-;  108;-;   77;-;   29;-;  748;-;  668;-;   72;-;    8;-;    4;-;    1;-;   43;-;   86;-;   67;-;    4;-
4607;5027;05;A;  52;100706; 2;w;07; 5256;-; 2061;-;  250;-;  152;-; 4925;-; 4605;-;  282;-;   38;-;   17;-;    4;-;  103;-;  143;-;  101;-;   64;-; 1890;-; 1721;-;  154;-;   15;-;    9;-;    7;-;   63;-;   82;-;   59;-;   10;-
4607;5027;05;A;  52;100706; 2;w;08; 6583;-; 3594;-;  226;-;  207;-; 6252;-; 5970;-;  245;-;   37;-;   28;-;   15;-;   98;-;  113;-;   90;-;   77;-; 3362;-; 3134;-;  213;-;   15;-;   10;-;    3;-;   92;-;  112;-;   84;-;   15;-
4607;5027;05;A;  52;100706; 2;w;09; 5905;-; 3905;-;  210;-;  217;-; 5638;-; 5416;-;  195;-;   27;-;   20;-;    7;-;   85;-;  118;-;   97;-;   37;-; 3661;-; 3449;-;  193;-;   19;-;   14;-;    8;-;   90;-;  119;-;   88;-;   13;-
4607;5027;05;A;  52;100706; 2;w;10; 4321;-; 2838;-;  276;-;  257;-; 3996;-; 3776;-;  202;-;   18;-;   14;-;   12;-;  107;-;  157;-;  118;-;   35;-; 2560;-; 2337;-;  209;-;   14;-;   12;-;   11;-;  100;-;  146;-;  112;-;    9;-
4607;5027;05;A;  52;100706; 2;w;11; 3455;-; 2494;-;  288;-;  256;-; 3124;-; 2892;-;  218;-;   14;-;   16;-;    6;-;   91;-;  191;-;  139;-;   27;-; 2213;-; 2026;-;  177;-;   10;-;   15;-;    6;-;   95;-;  155;-;  120;-;   10;-
4607;5027;05;A;  52;100706; 2;w;12; 2870;-; 2466;-;  264;-;  250;-; 2578;-; 2378;-;  190;-;   10;-;   18;-;    3;-;   90;-;  171;-;  132;-;   10;-; 2194;-; 2004;-;  177;-;   13;-;   13;-;    6;-;   94;-;  150;-;  115;-;    9;-
4607;5027;05;A;  52;100706; 2;w;13; 2938;-; 2984;-;  222;-;  244;-; 2681;-; 2455;-;  213;-;   13;-;   14;-;    1;-;   88;-;  133;-;  104;-;   21;-; 2712;-; 2511;-;  192;-;    9;-;   16;-;    5;-;   92;-;  147;-;  113;-;   12;-
4607;5027;05;A;  52;100706; 2;w;14; 3179;-; 3425;-;  215;-;  250;-; 2916;-; 2704;-;  193;-;   19;-;   23;-;    6;-;   66;-;  143;-;  117;-;   25;-; 3144;-; 2918;-;  218;-;    8;-;   15;-;    3;-;  102;-;  145;-;  111;-;   16;-
4607;5027;05;A;  52;100706; 2;w;15; 2923;-; 4093;-;  229;-;  254;-; 2664;-; 2434;-;  215;-;   15;-;   11;-;    2;-;   82;-;  145;-;  110;-;   19;-; 3798;-; 3523;-;  257;-;   18;-;   22;-;    6;-;  109;-;  139;-;  104;-;   19;-
4607;5027;05;A;  52;100706; 2;w;16; 3077;-; 5008;-;  183;-;  201;-; 2852;-; 2635;-;  193;-;   24;-;   15;-;    2;-;   60;-;  121;-;   92;-;   27;-; 4770;-; 4457;-;  289;-;   24;-;   21;-;    5;-;   80;-;  116;-;   85;-;   16;-
4607;5027;05;A;  52;100706; 2;w;17; 3434;-; 5673;-;  167;-;  213;-; 3231;-; 3022;-;  194;-;   15;-;   13;-;    5;-;   60;-;  102;-;   80;-;   23;-; 5424;-; 5138;-;  257;-;   29;-;   24;-;    5;-;   71;-;  137;-;  113;-;   12;-
4607;5027;05;A;  52;100706; 2;w;18; 3762;-; 5666;-;  139;-;  159;-; 3588;-; 3405;-;  157;-;   26;-;   11;-;    8;-;   36;-;   95;-;   66;-;   24;-; 5487;-; 5311;-;  155;-;   21;-;   17;-;    5;-;   40;-;  114;-;   90;-;    3;-
4607;5027;05;A;  52;100706; 2;w;19; 3490;-; 5555;-;  114;-;  133;-; 3334;-; 3161;-;  159;-;   14;-;    9;-;    4;-;   21;-;   89;-;   69;-;   33;-; 5394;-; 5203;-;  169;-;   22;-;   19;-;    4;-;   42;-;   87;-;   68;-;    9;-
4607;5027;05;A;  52;100706; 2;w;20; 2441;-; 3420;-;   63;-;   89;-; 2343;-; 2183;-;  150;-;   10;-;   12;-;    3;-;   16;-;   44;-;   37;-;   23;-; 3317;-; 3109;-;  185;-;   23;-;    8;-;    6;-;   18;-;   65;-;   49;-;    6;-
4607;5027;05;A;  52;100706; 2;w;21; 1631;-; 2158;-;   73;-;   60;-; 1548;-; 1435;-;   96;-;   17;-;    2;-;    4;-;   18;-;   51;-;   40;-;    8;-; 2076;-; 1910;-;  154;-;   12;-;    7;-;    4;-;   12;-;   44;-;   28;-;   15;-
4607;5027;05;A;  52;100706; 2;w;22; 1210;-; 1390;-;   57;-;   51;-; 1146;-; 1070;-;   71;-;    5;-;    2;-;    3;-;    7;-;   47;-;   35;-;    5;-; 1332;-; 1213;-;  110;-;    9;-;    2;-;    3;-;    4;-;   44;-;   34;-;    5;-
4607;5027;05;A;  52;100706; 2;w;23;  924;-; 1452;-;   55;-;   52;-;  860;-;  819;-;   37;-;    4;-;    1;-;    4;-;   14;-;   37;-;   25;-;    8;-; 1392;-; 1308;-;   66;-;   18;-;    3;-;    0;-;   13;-;   39;-;   26;-;    5;-
4607;5027;05;A;  52;100706; 2;w;24;  595;-; 1094;-;   46;-;   43;-;  541;-;  505;-;   33;-;    3;-;    2;-;    4;-;    9;-;   33;-;   26;-;    6;-; 1046;-; 1002;-;   44;-;    0;-;    1;-;    2;-;    7;-;   34;-;   27;-;    4;-
4607;5027;05;A;  52;100707; 3;w;01;  265;-;  382;-;   39;-;   47;-;  222;-;  183;-;   37;-;    2;-;    0;-;    2;-;    7;-;   30;-;   18;-;    4;-;  333;-;  307;-;   24;-;    2;-;    1;-;    2;-;    7;-;   38;-;   23;-;    1;-
4607;5027;05;A;  52;100707; 3;w;02;  164;-;  198;-;   49;-;   41;-;  113;-;   96;-;   16;-;    1;-;    0;-;    2;-;   11;-;   36;-;   27;-;    2;-;  153;-;  127;-;   26;-;    0;-;    2;-;    0;-;    7;-;   34;-;   26;-;    2;-
4607;5027;05;A;  52;100707; 3;w;03;  193;-;  149;-;   44;-;   49;-;  148;-;  133;-;   14;-;    1;-;    1;-;    0;-;   11;-;   33;-;   24;-;    0;-;  100;-;   83;-;   17;-;    0;-;    0;-;    0;-;   12;-;   37;-;   26;-;    0;-
4607;5027;05;A;  52;100707; 3;w;04;  548;-;  249;-;   65;-;   64;-;  480;-;  429;-;   44;-;    7;-;    1;-;    0;-;   21;-;   44;-;   32;-;    2;-;  184;-;  144;-;   40;-;    0;-;    0;-;    0;-;   18;-;   46;-;   24;-;    1;-
4607;5027;05;A;  52;100707; 3;w;05;  914;-;  403;-;  116;-;   84;-;  791;-;  734;-;   46;-;   11;-;    2;-;    6;-;   45;-;   65;-;   43;-;    5;-;  316;-;  285;-;   31;-;    0;-;    1;-;    1;-;   34;-;   49;-;   37;-;    2;-
4607;5027;05;A;  52;100707; 3;w;06; 2809;-;  891;-;  197;-;  122;-; 2584;-; 2427;-;  114;-;   43;-;    1;-;    2;-;   70;-;  125;-;  100;-;   27;-;  761;-;  673;-;   78;-;   10;-;    1;-;    3;-;   39;-;   80;-;   59;-;    7;-
4607;5027;05;A;  52;100707; 3;w;07; 5295;-; 2009;-;  217;-;  157;-; 5016;-; 4672;-;  292;-;   52;-;   12;-;    6;-;   89;-;  122;-;   88;-;   50;-; 1837;-; 1677;-;  145;-;   15;-;   10;-;    4;-;   68;-;   85;-;   63;-;    5;-
4607;5027;05;A;  52;100707; 3;w;08; 6501;-; 3582;-;  249;-;  193;-; 6183;-; 5890;-;  255;-;   38;-;   31;-;   11;-;  106;-;  132;-;  105;-;   38;-; 3366;-; 3149;-;  201;-;   16;-;   10;-;    4;-;   75;-;  114;-;   76;-;   13;-
4607;5027;05;A;  52;100707; 3;w;09; 5757;-; 3873;-;  223;-;  245;-; 5491;-; 5267;-;  199;-;   25;-;   14;-;    9;-;   81;-;  133;-;  107;-;   29;-; 3602;-; 3390;-;  205;-;    7;-;   11;-;    6;-;  121;-;  118;-;   90;-;   15;-
4607;5027;05;A;  52;100707; 3;w;10; 4488;-; 2721;-;  280;-;  231;-; 4158;-; 3925;-;  216;-;   17;-;   20;-;   10;-;  101;-;  169;-;  132;-;   30;-; 2471;-; 2244;-;  215;-;   12;-;    9;-;    8;-;   95;-;  128;-;   93;-;   10;-
4607;5027;05;A;  52;100707; 3;w;11; 2968;-; 2403;-;  233;-;  272;-; 2698;-; 2488;-;  195;-;   15;-;   20;-;    2;-;   81;-;  150;-;  122;-;   17;-; 2111;-; 1886;-;  218;-;    7;-;   11;-;    7;-;   96;-;  169;-;  137;-;    9;-
4607;5027;05;A;  52;100707; 3;w;12; 3053;-; 2593;-;  272;-;  258;-; 2727;-; 2500;-;  213;-;   14;-;   18;-;    5;-;   95;-;  172;-;  140;-;   36;-; 2310;-; 2087;-;  208;-;   15;-;   17;-;    4;-;  101;-;  153;-;  127;-;    8;-
4607;5027;05;A;  52;100707; 3;w;13; 3116;-; 3104;-;  264;-;  250;-; 2825;-; 2607;-;  189;-;   29;-;    7;-;    2;-;   93;-;  169;-;  124;-;   20;-; 2821;-; 2571;-;  243;-;    7;-;   19;-;    2;-;   96;-;  152;-;  115;-;   14;-
4607;5027;05;A;  52;100707; 3;w;14; 3250;-; 3624;-;  231;-;  242;-; 2971;-; 2753;-;  193;-;   25;-;   22;-;    9;-;   80;-;  142;-;  117;-;   26;-; 3353;-; 3086;-;  250;-;   17;-;   18;-;    5;-;   96;-;  141;-;  113;-;   11;-
4607;5027;05;A;  52;100707; 3;w;15; 3004;-; 4215;-;  224;-;  240;-; 2750;-; 2522;-;  199;-;   29;-;   12;-;    1;-;   81;-;  142;-;  118;-;   18;-; 3945;-; 3668;-;  238;-;   39;-;   20;-;    5;-;   99;-;  136;-;  107;-;   10;-
4607;5027;05;A;  52;100707; 3;w;16; 3210;-; 5111;-;  220;-;  212;-; 2952;-; 2733;-;  204;-;   15;-;   16;-;    7;-;   75;-;  138;-;  108;-;   22;-; 4869;-; 4577;-;  259;-;   33;-;   23;-;    2;-;   69;-;  141;-;  111;-;    7;-
4607;5027;05;A;  52;100707; 3;w;17; 3475;-; 5656;-;  168;-;  177;-; 3270;-; 3062;-;  181;-;   27;-;   11;-;    3;-;   61;-;  104;-;   80;-;   26;-; 5438;-; 5151;-;  246;-;   41;-;   28;-;   12;-;   53;-;  112;-;   86;-;   13;-
4607;5027;05;A;  52;100707; 3;w;18; 3853;-; 5782;-;  130;-;  146;-; 3686;-; 3533;-;  143;-;   10;-;    8;-;    5;-;   31;-;   94;-;   61;-;   29;-; 5609;-; 5438;-;  134;-;   37;-;   20;-;    8;-;   37;-;  101;-;   70;-;    7;-
4607;5027;05;A;  52;100707; 3;w;19; 3636;-; 5683;-;  106;-;  117;-; 3500;-; 3323;-;  152;-;   25;-;    3;-;    6;-;   23;-;   77;-;   62;-;   27;-; 5551;-; 5411;-;  112;-;   28;-;    9;-;    6;-;   23;-;   88;-;   65;-;    6;-
4607;5027;05;A;  52;100707; 3;w;20; 2504;-; 3559;-;   57;-;   92;-; 2412;-; 2244;-;  147;-;   21;-;    7;-;    2;-;   13;-;   42;-;   35;-;   28;-; 3436;-; 3210;-;  196;-;   30;-;   10;-;    2;-;   22;-;   68;-;   57;-;   21;-
4607;5027;05;A;  52;100707; 3;w;21; 1005;u; 1473;u;   56;u;   59;u;  934;u;  822;u;   99;u;   13;u;    2;u;    5;u;   10;u;   41;u;   28;u;   13;u; 1398;u; 1252;u;  136;u;   10;u;    4;u;    7;u;   10;u;   42;u;   27;u;   12;u
4607;5027;05;A;  52;100707; 3;w;22;  554;u;  715;u;   45;u;   41;u;  502;u;  444;u;   53;u;    5;u;    0;u;    2;u;    9;u;   34;u;   23;u;    7;u;  668;u;  599;u;   61;u;    8;u;    2;u;    0;u;    5;u;   36;u;   23;u;    4;u
4607;5027;05;A;  52;100707; 3;w;23;  910;-; 1235;-;   36;-;   40;-;  864;-;  790;-;   65;-;    9;-;    1;-;    2;-;    6;-;   28;-;   20;-;    9;-; 1186;-; 1090;-;   77;-;   19;-;    3;-;    0;-;    7;-;   33;-;   23;-;    6;-
4607;5027;05;A;  52;100707; 3;w;24;  950;-; 1526;-;   43;-;   52;-;  899;-;  859;-;   33;-;    7;-;    0;-;    2;-;   11;-;   30;-;   20;-;    8;-; 1469;-; 1377;-;   85;-;    7;-;    1;-;    2;-;    9;-;   41;-;   26;-;    4;-
4607;5027;05;A;  52;100708; 4;w;01;  326;-;  470;-;   38;-;   32;-;  286;-;  251;-;   34;-;    1;-;    0;-;    1;-;    6;-;   31;-;   21;-;    2;-;  432;-;  395;-;   33;-;    4;-;    3;-;    1;-;    8;-;   23;-;   16;-;    3;-
4607;5027;05;A;  52;100708; 4;w;02;  206;-;  243;-;   46;-;   32;-;  160;-;  135;-;   24;-;    1;-;    0;-;    1;-;    7;-;   38;-;   26;-;    0;-;  211;-;  180;-;   30;-;    1;-;    0;-;    0;-;    6;-;   26;-;   15;-;    0;-
4607;5027;05;A;  52;100708; 4;w;03;  191;-;  163;-;   45;-;   44;-;  144;-;  128;-;   15;-;    1;-;    0;-;    0;-;   11;-;   34;-;   23;-;    2;-;  117;-;   97;-;   20;-;    0;-;    0;-;    0;-;   10;-;   34;-;   28;-;    2;-
4607;5027;05;A;  52;100708; 4;w;04;  472;-;  230;-;   62;-;   57;-;  406;-;  361;-;   38;-;    7;-;    2;-;    2;-;   19;-;   41;-;   29;-;    2;-;  173;-;  139;-;   34;-;    0;-;    0;-;    0;-;   18;-;   39;-;   33;-;    0;-
4607;5027;05;A;  52;100708; 4;w;05;  910;-;  441;-;  105;-;   90;-;  797;-;  727;-;   58;-;   12;-;    2;-;    6;-;   36;-;   63;-;   41;-;    6;-;  347;-;  298;-;   48;-;    1;-;    4;-;    2;-;   41;-;   47;-;   34;-;    0;-
4607;5027;05;A;  52;100708; 4;w;06; 2701;-;  890;-;  160;-;  119;-; 2513;-; 2344;-;  133;-;   36;-;    3;-;    3;-;   55;-;  102;-;   82;-;   25;-;  762;-;  657;-;   97;-;    8;-;    6;-;    2;-;   42;-;   75;-;   51;-;    3;-
4607;5027;05;A;  52;100708; 4;w;07; 4998;-; 1996;-;  246;-;  152;-; 4705;-; 4375;-;  285;-;   45;-;   15;-;    4;-;   92;-;  150;-;  106;-;   32;-; 1821;-; 1672;-;  135;-;   14;-;   12;-;    6;-;   65;-;   81;-;   61;-;   11;-
4607;5027;05;A;  52;100708; 4;w;08; 6338;-; 3498;-;  235;-;  202;-; 6049;-; 5760;-;  252;-;   37;-;   30;-;    8;-;   96;-;  131;-;   99;-;   24;-; 3268;-; 3050;-;  203;-;   15;-;    7;-;    6;-;   90;-;  106;-;   76;-;   21;-
4607;5027;05;A;  52;100708; 4;w;09; 5846;-; 3977;-;  218;-;  264;-; 5575;-; 5349;-;  206;-;   20;-;   18;-;    6;-;   88;-;  124;-;   97;-;   35;-; 3683;-; 3477;-;  190;-;   16;-;    9;-;   16;-;  122;-;  126;-;   90;-;   21;-
4607;5027;05;A;  52;100708; 4;w;10; 4614;-; 3044;-;  266;-;  265;-; 4280;-; 4038;-;  216;-;   26;-;   16;-;   11;-;  103;-;  152;-;  114;-;   52;-; 2758;-; 2527;-;  221;-;   10;-;   17;-;   12;-;   92;-;  161;-;  122;-;    4;-
4607;5027;05;A;  52;100708; 4;w;11; 3613;-; 2518;-;  281;-;  244;-; 3276;-; 3047;-;  213;-;   16;-;   25;-;    4;-;   95;-;  182;-;  140;-;   31;-; 2236;-; 2001;-;  224;-;   11;-;   28;-;    5;-;   95;-;  144;-;  117;-;   10;-
4607;5027;05;A;  52;100708; 4;w;12; 2878;-; 2734;-;  260;-;  275;-; 2589;-; 2363;-;  207;-;   19;-;   10;-;    5;-;   98;-;  157;-;  115;-;   19;-; 2422;-; 2169;-;  243;-;   10;-;   16;-;    2;-;  103;-;  170;-;  128;-;   21;-
4607;5027;05;A;  52;100708; 4;w;13; 2978;-; 3206;-;  261;-;  271;-; 2670;-; 2469;-;  184;-;   17;-;   15;-;    2;-;   73;-;  186;-;  144;-;   32;-; 2905;-; 2680;-;  212;-;   13;-;   18;-;    3;-;  100;-;  168;-;  134;-;   12;-
4607;5027;05;A;  52;100708; 4;w;14; 3209;-; 3545;-;  262;-;  266;-; 2902;-; 2687;-;  195;-;   20;-;   22;-;    4;-;  102;-;  156;-;  130;-;   23;-; 3245;-; 3007;-;  221;-;   17;-;   20;-;    6;-;  103;-;  157;-;  119;-;   14;-
4607;5027;05;A;  52;100708; 4;w;15; 2841;-; 4181;-;  226;-;  277;-; 2570;-; 2350;-;  208;-;   12;-;   17;-;    3;-;   92;-;  131;-;  107;-;   28;-; 3862;-; 3584;-;  246;-;   32;-;   24;-;    7;-;  107;-;  163;-;  131;-;   18;-
4607;5027;05;A;  52;100708; 4;w;16; 3198;-; 4966;-;  216;-;  241;-; 2938;-; 2712;-;  207;-;   19;-;   10;-;    6;-;   82;-;  128;-;   96;-;   34;-; 4688;-; 4384;-;  266;-;   38;-;   21;-;    2;-;  108;-;  131;-;   96;-;   16;-
4607;5027;05;A;  52;100708; 4;w;17; 3663;-; 5404;-;  172;-;  191;-; 3424;-; 3194;-;  209;-;   21;-;   20;-;    7;-;   53;-;  112;-;   85;-;   47;-; 5183;-; 4917;-;  231;-;   35;-;   17;-;    8;-;   63;-;  120;-;   95;-;   13;-
4607;5027;05;A;  52;100708; 4;w;18; 3681;-; 5687;-;  119;-;  173;-; 3511;-; 3322;-;  159;-;   30;-;   17;-;    3;-;   35;-;   81;-;   61;-;   34;-; 5482;-; 5302;-;  145;-;   35;-;   15;-;    5;-;   55;-;  113;-;   92;-;   17;-
4607;5027;05;A;  52;100708; 4;w;19; 3337;-; 4952;-;  106;-;  102;-; 3178;-; 3007;-;  147;-;   24;-;   11;-;    2;-;   26;-;   78;-;   58;-;   42;-; 4817;-; 4613;-;  180;-;   24;-;   19;-;    2;-;   33;-;   67;-;   49;-;   14;-
4607;5027;05;A;  52;100708; 4;w;20; 2413;-; 3267;-;   73;-;   88;-; 2318;-; 2145;-;  152;-;   21;-;   13;-;    8;-;   18;-;   47;-;   34;-;    9;-; 3151;-; 2945;-;  183;-;   23;-;   11;-;    3;-;   24;-;   61;-;   45;-;   17;-
4607;5027;05;A;  52;100708; 4;w;21; 1692;-; 2368;-;   72;-;   73;-; 1598;-; 1469;-;  112;-;   17;-;    9;-;    5;-;   14;-;   53;-;   37;-;   13;-; 2278;-; 2110;-;  150;-;   18;-;    4;-;    6;-;   10;-;   57;-;   39;-;   13;-
4607;5027;05;A;  52;100708; 4;w;22; 1453;-; 1801;-;   45;-;   50;-; 1386;-; 1264;-;  105;-;   17;-;    3;-;    3;-;   10;-;   32;-;   23;-;   19;-; 1734;-; 1598;-;  115;-;   21;-;    8;-;    0;-;    8;-;   42;-;   30;-;    9;-
4607;5027;05;A;  52;100708; 4;w;23; 1161;-; 1903;-;   42;-;   57;-; 1103;-; 1032;-;   66;-;    5;-;    4;-;    3;-;   13;-;   26;-;   22;-;   12;-; 1837;-; 1735;-;   83;-;   19;-;    3;-;    2;-;   11;-;   44;-;   33;-;    6;-
4607;5027;05;A;  52;100708; 4;w;24;  740;-; 1101;-;   51;-;   38;-;  682;-;  635;-;   42;-;    5;-;    2;-;    1;-;   12;-;   38;-;   30;-;    5;-; 1057;-;  994;-;   60;-;    3;-;    1;-;    2;-;    7;-;   29;-;   19;-;    5;-
4607;5027;05;A;  52;100709; 5;w;01;  342;-;  623;-;   50;-;   51;-;  288;-;  248;-;   37;-;    3;-;    0;-;    2;-;   13;-;   35;-;   26;-;    4;-;  569;-;  522;-;   42;-;    5;-;    0;-;    2;-;    9;-;   40;-;   29;-;    3;-
4607;5027;05;A;  52;100709; 5;w;02;  197;-;  220;-;   39;-;   34;-;  155;-;  131;-;   23;-;    1;-;    1;-;    5;-;   11;-;   23;-;   17;-;    2;-;  183;-;  156;-;   22;-;    5;-;    1;-;    0;-;    6;-;   28;-;   19;-;    2;-
4607;5027;05;A;  52;100709; 5;w;03;  213;-;  155;-;   55;-;   39;-;  154;-;  130;-;   23;-;    1;-;    0;-;    0;-;   13;-;   42;-;   22;-;    4;-;  115;-;   99;-;   16;-;    0;-;    1;-;    0;-;   12;-;   27;-;   21;-;    0;-
4607;5027;05;A;  52;100709; 5;w;04;  491;-;  234;-;   64;-;   59;-;  420;-;  385;-;   32;-;    3;-;    3;-;    2;-;   19;-;   43;-;   32;-;    4;-;  170;-;  147;-;   23;-;    0;-;    1;-;    0;-;   25;-;   34;-;   25;-;    4;-
4607;5027;05;A;  52;100709; 5;w;05;  979;-;  426;-;  115;-;   81;-;  851;-;  772;-;   67;-;   12;-;    2;-;    7;-;   44;-;   64;-;   44;-;   11;-;  343;-;  301;-;   38;-;    4;-;    1;-;    1;-;   30;-;   50;-;   37;-;    1;-
4607;5027;05;A;  52;100709; 5;w;06; 2526;-;  946;-;  198;-;  150;-; 2308;-; 2162;-;  115;-;   31;-;    2;-;    2;-;   82;-;  114;-;   90;-;   18;-;  787;-;  695;-;   81;-;   11;-;    4;-;    4;-;   43;-;  103;-;   63;-;    5;-
4607;5027;05;A;  52;100709; 5;w;07; 4962;-; 1946;-;  245;-;  179;-; 4663;-; 4325;-;  296;-;   42;-;   18;-;    4;-;   87;-;  154;-;  102;-;   36;-; 1745;-; 1581;-;  146;-;   18;-;   15;-;    8;-;   83;-;   88;-;   53;-;    7;-
4607;5027;05;A;  52;100709; 5;w;08; 6126;-; 3440;-;  232;-;  229;-; 5849;-; 5566;-;  252;-;   31;-;   26;-;   12;-;   96;-;  124;-;   99;-;   19;-; 3185;-; 2964;-;  200;-;   21;-;    8;-;    8;-;   92;-;  129;-;   91;-;   18;-
4607;5027;05;A;  52;100709; 5;w;09; 5386;-; 3741;-;  238;-;  245;-; 5103;-; 4881;-;  197;-;   25;-;   24;-;    7;-;  103;-;  128;-;   92;-;   21;-; 3464;-; 3226;-;  228;-;   10;-;   16;-;   14;-;  108;-;  123;-;   97;-;   16;-
4607;5027;05;A;  52;100709; 5;w;10; 4288;-; 2838;-;  292;-;  309;-; 3944;-; 3712;-;  207;-;   25;-;   28;-;    8;-;  109;-;  175;-;  137;-;   24;-; 2495;-; 2276;-;  206;-;   13;-;   20;-;    7;-;  126;-;  176;-;  136;-;   14;-
4607;5027;05;A;  52;100709; 5;w;11; 3607;-; 2591;-;  351;-;  272;-; 3209;-; 2944;-;  248;-;   17;-;   24;-;    9;-;  122;-;  220;-;  168;-;   23;-; 2292;-; 2058;-;  223;-;   11;-;   15;-;   10;-;  112;-;  150;-;  118;-;   12;-
4607;5027;05;A;  52;100709; 5;w;12; 3171;-; 2905;-;  267;-;  277;-; 2848;-; 2631;-;  205;-;   12;-;   27;-;    4;-;  104;-;  159;-;  128;-;   29;-; 2597;-; 2329;-;  253;-;   15;-;   21;-;    8;-;  104;-;  165;-;  135;-;   10;-
4607;5027;05;A;  52;100709; 5;w;13; 3270;-; 3866;-;  231;-;  250;-; 2977;-; 2715;-;  241;-;   21;-;   20;-;    5;-;   93;-;  133;-;  109;-;   42;-; 3584;-; 3302;-;  263;-;   19;-;   18;-;    3;-;   94;-;  153;-;  129;-;   14;-
4607;5027;05;A;  52;100709; 5;w;14; 3507;-; 4718;-;  261;-;  236;-; 3184;-; 2982;-;  177;-;   25;-;   18;-;    9;-;   97;-;  155;-;  115;-;   44;-; 4439;-; 4126;-;  284;-;   29;-;   24;-;    9;-;   93;-;  134;-;  104;-;   19;-
4607;5027;05;A;  52;100709; 5;w;15; 3310;-; 5111;-;  180;-;  224;-; 3070;-; 2870;-;  186;-;   14;-;   27;-;    5;-;   68;-;  107;-;   80;-;   33;-; 4851;-; 4608;-;  207;-;   36;-;   22;-;    6;-;   79;-;  139;-;  103;-;   14;-
4607;5027;05;A;  52;100709; 5;w;16; 3204;-; 5352;-;  216;-;  225;-; 2842;-; 2655;-;  172;-;   15;-;   10;-;    8;-;   68;-;  140;-;  101;-;  136;-; 5075;-; 4825;-;  209;-;   41;-;   29;-;   10;-;   79;-;  136;-;  104;-;   23;-
4607;5027;05;A;  52;100709; 5;w;17; 3319;-; 4939;-;  166;-;  186;-; 2352;-; 2185;-;  151;-;   16;-;   11;-;   11;-;   45;-;  110;-;   83;-;  790;-; 4713;-; 4463;-;  217;-;   33;-;   21;-;   10;-;   53;-;  123;-;   92;-;   19;-
4607;5027;05;A;  52;100709; 5;w;18; 3215;-; 4807;-;  116;-;  152;-; 2772;-; 2612;-;  148;-;   12;-;   12;-;    9;-;   35;-;   72;-;   55;-;  315;-; 4618;-; 4418;-;  183;-;   17;-;   24;-;   11;-;   35;-;  106;-;   88;-;   13;-
4607;5027;05;A;  52;100709; 5;w;19; 2905;-; 4260;-;   91;-;  110;-; 2768;-; 2612;-;  134;-;   22;-;   10;-;    6;-;   24;-;   61;-;   46;-;   36;-; 4097;-; 3880;-;  194;-;   23;-;   19;-;    7;-;   25;-;   78;-;   60;-;   34;-
4607;5027;05;A;  52;100709; 5;w;20; 2270;-; 3098;-;   55;-;   89;-; 2192;-; 2021;-;  152;-;   19;-;   11;-;    5;-;   10;-;   40;-;   30;-;   12;-; 2979;-; 2817;-;  145;-;   17;-;    8;-;   13;-;   16;-;   60;-;   47;-;   22;-
4607;5027;05;A;  52;100709; 5;w;21; 1705;-; 2175;-;   55;-;   74;-; 1632;-; 1516;-;  103;-;   13;-;    6;-;    5;-;   13;-;   37;-;   29;-;   12;-; 2084;-; 1939;-;  131;-;   14;-;    8;-;    9;-;   13;-;   52;-;   35;-;    9;-
4607;5027;05;A;  52;100709; 5;w;22; 1392;-; 1762;-;   45;-;   64;-; 1329;-; 1216;-;  101;-;   12;-;    5;-;    4;-;    9;-;   32;-;   25;-;   13;-; 1683;-; 1551;-;  115;-;   17;-;    7;-;    4;-;   12;-;   48;-;   31;-;    8;-
4607;5027;05;A;  52;100709; 5;w;23; 1179;-; 1579;-;   36;-;   62;-; 1127;-; 1063;-;   56;-;    8;-;    3;-;    7;-;    6;-;   23;-;   17;-;   13;-; 1502;-; 1418;-;   68;-;   16;-;    5;-;    4;-;   15;-;   43;-;   36;-;   10;-
4607;5027;05;A;  52;100709; 5;w;24;  950;-; 1503;-;   44;-;   53;-;  895;-;  832;-;   60;-;    3;-;    2;-;   12;-;    6;-;   26;-;   20;-;    9;-; 1446;-; 1382;-;   61;-;    3;-;    0;-;    7;-;    8;-;   38;-;   31;-;    4;-
4607;5027;05;A;  52;100710; 6;w;01;  637;-;  941;-;   34;-;   40;-;  600;-;  539;-;   53;-;    8;-;    0;-;    3;-;    8;-;   23;-;   17;-;    3;-;  892;-;  841;-;   49;-;    2;-;    3;-;    4;-;    4;-;   32;-;   24;-;    6;-
4607;5027;05;A;  52;100710; 6;w;02;  411;-;  471;-;   37;-;   23;-;  370;-;  338;-;   29;-;    3;-;    3;-;    5;-;    9;-;   23;-;   15;-;    1;-;  446;-;  416;-;   29;-;    1;-;    0;-;    0;-;    4;-;   19;-;    9;-;    2;-
4607;5027;05;A;  52;100710; 6;w;03;  324;-;  325;-;   29;-;   26;-;  290;-;  258;-;   31;-;    1;-;    1;-;    1;-;    6;-;   22;-;   16;-;    4;-;  295;-;  262;-;   32;-;    1;-;    1;-;    4;-;   10;-;   12;-;    9;-;    3;-
4607;5027;05;A;  52;100710; 6;w;04;  565;-;  326;-;   37;-;   35;-;  523;-;  487;-;   33;-;    3;-;    2;-;    0;-;   11;-;   26;-;   16;-;    3;-;  289;-;  250;-;   38;-;    1;-;    2;-;    1;-;   17;-;   17;-;   12;-;    0;-
4607;5027;05;A;  52;100710; 6;w;05;  649;-;  439;-;   42;-;   46;-;  594;-;  536;-;   52;-;    6;-;    4;-;    2;-;   17;-;   23;-;   15;-;    9;-;  385;-;  338;-;   47;-;    0;-;    5;-;    0;-;   23;-;   23;-;   16;-;    3;-
4607;5027;05;A;  52;100710; 6;w;06; 1028;-;  624;-;   73;-;   36;-;  941;-;  848;-;   86;-;    7;-;    6;-;    2;-;   33;-;   38;-;   27;-;    8;-;  579;-;  502;-;   73;-;    4;-;    7;-;    0;-;   19;-;   17;-;   11;-;    2;-
4607;5027;05;A;  52;100710; 6;w;07;  958;-;  793;-;   63;-;   33;-;  878;-;  753;-;  119;-;    6;-;   11;-;    2;-;   32;-;   29;-;   24;-;    6;-;  748;-;  667;-;   77;-;    4;-;    8;-;    2;-;   13;-;   18;-;   14;-;    4;-
4607;5027;05;A;  52;100710; 6;w;08; 1223;-; 1092;-;   52;-;   57;-; 1142;-; 1011;-;  123;-;    8;-;   20;-;    9;-;   26;-;   17;-;   14;-;    9;-; 1017;-;  897;-;  116;-;    4;-;   13;-;   10;-;   30;-;   17;-;   16;-;    5;-
4607;5027;05;A;  52;100710; 6;w;09; 1747;-; 1625;-;   51;-;   75;-; 1677;-; 1528;-;  134;-;   15;-;    7;-;    5;-;   21;-;   25;-;   22;-;   12;-; 1526;-; 1399;-;  118;-;    9;-;   16;-;    7;-;   46;-;   22;-;   18;-;    8;-
4607;5027;05;A;  52;100710; 6;w;10; 2374;-; 1941;-;   56;-;   53;-; 2286;-; 2135;-;  137;-;   14;-;   12;-;    7;-;   28;-;   21;-;   13;-;   20;-; 1869;-; 1699;-;  160;-;   10;-;   14;-;    6;-;   22;-;   25;-;   23;-;    5;-
4607;5027;05;A;  52;100710; 6;w;11; 2377;-; 2229;-;   54;-;   61;-; 2281;-; 2151;-;  111;-;   19;-;   26;-;    7;-;   23;-;   24;-;   19;-;   16;-; 2143;-; 1994;-;  125;-;   24;-;   13;-;    4;-;   35;-;   22;-;   16;-;   12;-
4607;5027;05;A;  52;100710; 6;w;12; 2511;-; 2375;-;   37;-;   45;-; 2436;-; 2290;-;  123;-;   23;-;   20;-;    2;-;   20;-;   15;-;   13;-;   18;-; 2291;-; 2124;-;  148;-;   19;-;   23;-;    3;-;   24;-;   18;-;   15;-;   16;-
4607;5027;05;A;  52;100710; 6;w;13; 2513;-; 2674;-;   36;-;   32;-; 2442;-; 2282;-;  135;-;   25;-;   18;-;    1;-;   21;-;   14;-;   11;-;   17;-; 2605;-; 2453;-;  142;-;   10;-;   20;-;    4;-;   15;-;   13;-;   11;-;   17;-
4607;5027;05;A;  52;100710; 6;w;14; 2648;-; 2724;-;   54;-;   35;-; 2472;-; 2309;-;  152;-;   11;-;   17;-;    3;-;   30;-;   21;-;   20;-;  105;-; 2668;-; 2524;-;  125;-;   19;-;   13;-;    2;-;   15;-;   18;-;   16;-;    8;-
4607;5027;05;A;  52;100710; 6;w;15; 2383;-; 2994;-;   33;-;   43;-; 2309;-; 2162;-;  120;-;   27;-;   13;-;    2;-;   16;-;   15;-;   12;-;   28;-; 2904;-; 2730;-;  152;-;   22;-;   26;-;    5;-;   24;-;   14;-;    9;-;   21;-
4607;5027;05;A;  52;100710; 6;w;16; 2226;-; 2626;-;   32;-;   43;-; 2158;-; 2019;-;  122;-;   17;-;   13;-;    1;-;   19;-;   12;-;    9;-;   23;-; 2551;-; 2410;-;  131;-;   10;-;   15;-;    2;-;   26;-;   15;-;   12;-;   17;-
4607;5027;05;A;  52;100710; 6;w;17; 1940;-; 2276;-;   19;-;   27;-; 1873;-; 1735;-;  120;-;   18;-;   13;-;    2;-;    8;-;    9;-;    9;-;   35;-; 2232;-; 2106;-;  114;-;   12;-;    7;-;    5;-;   16;-;    6;-;    5;-;   10;-
4607;5027;05;A;  52;100710; 6;w;18; 1944;-; 2289;-;   29;-;   23;-; 1881;-; 1738;-;  132;-;   11;-;   18;-;    7;-;   12;-;   10;-;    8;-;   16;-; 2243;-; 2115;-;  116;-;   12;-;    7;-;    6;-;   10;-;    7;-;    5;-;   16;-
4607;5027;05;A;  52;100710; 6;w;19; 1979;-; 2158;-;   16;-;   19;-; 1947;-; 1805;-;  127;-;   15;-;    7;-;    3;-;    7;-;    6;-;    5;-;    9;-; 2125;-; 2004;-;  108;-;   13;-;    6;-;    4;-;    7;-;    8;-;    7;-;    8;-
4607;5027;05;A;  52;100710; 6;w;20; 1708;-; 1995;-;   16;-;   14;-; 1666;-; 1532;-;  118;-;   16;-;    7;-;    4;-;    8;-;    4;-;    4;-;   19;-; 1964;-; 1839;-;  118;-;    7;-;    6;-;    3;-;    5;-;    6;-;    6;-;   11;-
4607;5027;05;A;  52;100710; 6;w;21; 1295;u; 1375;u;   16;u;   15;u; 1263;u; 1160;u;   90;u;   13;u;    5;u;    4;u;    7;u;    5;u;    3;u;   11;u; 1351;u; 1237;u;  106;u;    8;u;    1;u;    6;u;    5;u;    4;u;    3;u;    8;u
4607;5027;05;A;  52;100710; 6;w;22;  876;u;  872;u;   12;u;   14;u;  857;u;  782;u;   72;u;    3;u;    2;u;    3;u;    5;u;    4;u;    2;u;    5;u;  850;u;  786;u;   53;u;   11;u;    2;u;    2;u;    6;u;    6;u;    6;u;    6;u
4607;5027;05;A;  52;100710; 6;w;23;  871;u;  937;u;   15;u;   10;u;  852;u;  800;u;   48;u;    4;u;    1;u;    5;u;    5;u;    5;u;    4;u;    3;u;  920;u;  875;u;   36;u;    9;u;    3;u;    2;u;    5;u;    3;u;    2;u;    4;u
4607;5027;05;A;  52;100710; 6;w;24; 1177;-; 1429;-;    7;-;    9;-; 1156;-; 1098;-;   50;-;    8;-;    5;-;    2;-;    3;-;    2;-;    2;-;    9;-; 1416;-; 1354;-;   53;-;    9;-;    0;-;    6;-;    3;-;    0;-;    0;-;    4;-
4607;5027;05;A;  52;100711; 7;s;01;  888;-; 1032;-;    8;-;    7;-;  867;-;  828;-;   36;-;    3;-;    1;-;    3;-;    1;-;    4;-;    3;-;   12;-; 1018;-;  970;-;   44;-;    4;-;    2;-;    3;-;    4;-;    0;-;    0;-;    5;-
4607;5027;05;A;  52;100711; 7;s;02;  566;-;  528;-;    4;-;    8;-;  560;-;  525;-;   35;-;    0;-;    1;-;    1;-;    2;-;    1;-;    1;-;    1;-;  518;-;  484;-;   34;-;    0;-;    0;-;    5;-;    2;-;    1;-;    1;-;    2;-
4607;5027;05;A;  52;100711; 7;s;03;  398;-;  374;-;    3;-;    3;-;  392;-;  375;-;   16;-;    1;-;    1;-;    1;-;    1;-;    1;-;    0;-;    2;-;  371;-;  354;-;   17;-;    0;-;    0;-;    1;-;    2;-;    0;-;    0;-;    0;-
4607;5027;05;A;  52;100711; 7;s;04;  589;-;  340;-;   10;-;    3;-;  572;-;  545;-;   24;-;    3;-;    3;-;    2;-;    6;-;    2;-;    2;-;    4;-;  337;-;  315;-;   22;-;    0;-;    0;-;    0;-;    0;-;    3;-;    2;-;    0;-
4607;5027;05;A;  52;100711; 7;s;05;  596;-;  476;-;   12;-;    7;-;  579;-;  547;-;   30;-;    2;-;    2;-;    1;-;    7;-;    4;-;    3;-;    3;-;  461;-;  430;-;   30;-;    1;-;    5;-;    2;-;    4;-;    1;-;    1;-;    3;-
4607;5027;05;A;  52;100711; 7;s;06;  835;-;  518;-;   14;-;    7;-;  811;-;  745;-;   63;-;    3;-;   10;-;    1;-;    6;-;    7;-;    2;-;    0;-;  507;-;  474;-;   32;-;    1;-;    1;-;    1;-;    4;-;    2;-;    2;-;    3;-
4607;5027;05;A;  52;100711; 7;s;07;  678;-;  523;-;   16;-;    8;-;  644;-;  570;-;   72;-;    2;-;   15;-;    2;-;    9;-;    5;-;    5;-;    3;-;  512;-;  474;-;   35;-;    3;-;    3;-;    2;-;    4;-;    2;-;    2;-;    0;-
4607;5027;05;A;  52;100711; 7;s;08;  852;-;  664;-;    8;-;   14;-;  827;-;  744;-;   79;-;    4;-;   10;-;    3;-;    3;-;    2;-;    2;-;    7;-;  635;-;  583;-;   44;-;    8;-;   14;-;    2;-;    5;-;    7;-;    6;-;    1;-
4607;5027;05;A;  52;100711; 7;s;09; 1004;-;  896;-;   12;-;    7;-;  979;-;  905;-;   71;-;    3;-;    6;-;    4;-;    5;-;    3;-;    3;-;    7;-;  883;-;  816;-;   61;-;    6;-;    3;-;    2;-;    2;-;    3;-;    3;-;    3;-
4607;5027;05;A;  52;100711; 7;s;10; 1381;-; 1202;-;   14;-;   16;-; 1353;-; 1258;-;   81;-;   14;-;    7;-;    5;-;    5;-;    4;-;    4;-;    7;-; 1173;-; 1063;-;   92;-;   18;-;    9;-;    6;-;    7;-;    3;-;    3;-;    4;-
4607;5027;05;A;  52;100711; 7;s;11; 1692;-; 1602;-;   15;-;   12;-; 1660;-; 1550;-;   98;-;   12;-;    3;-;    5;-;    6;-;    4;-;    3;-;   14;-; 1581;-; 1459;-;  101;-;   21;-;    5;-;    5;-;    3;-;    4;-;    4;-;    4;-
4607;5027;05;A;  52;100711; 7;s;12; 1919;-; 1717;-;   11;-;   14;-; 1879;-; 1752;-;   99;-;   28;-;    9;-;    1;-;    6;-;    4;-;    1;-;   20;-; 1693;-; 1563;-;   94;-;   36;-;    6;-;    5;-;    4;-;    5;-;    5;-;    4;-
4607;5027;05;A;  52;100711; 7;s;13; 2006;-; 1925;-;   10;-;   16;-; 1960;-; 1818;-;  114;-;   28;-;   17;-;    1;-;    3;-;    6;-;    6;-;   19;-; 1893;-; 1758;-;  115;-;   20;-;    8;-;    5;-;    8;-;    3;-;    3;-;    8;-
4607;5027;05;A;  52;100711; 7;s;14; 2304;-; 2177;-;   11;-;   23;-; 2264;-; 2152;-;   86;-;   26;-;    9;-;    1;-;    7;-;    3;-;    3;-;   20;-; 2130;-; 2016;-;   96;-;   18;-;    9;-;    2;-;   12;-;    9;-;    6;-;   15;-
4607;5027;05;A;  52;100711; 7;s;15; 2110;-; 2507;-;    9;-;   20;-; 2072;-; 1958;-;   98;-;   16;-;   13;-;    0;-;    4;-;    5;-;    5;-;   16;-; 2461;-; 2336;-;  107;-;   18;-;   17;-;    1;-;   10;-;    9;-;    4;-;    9;-
4607;5027;05;A;  52;100711; 7;s;16; 2115;-; 2032;-;   11;-;   19;-; 2073;-; 1946;-;  108;-;   19;-;   10;-;    2;-;    4;-;    5;-;    5;-;   21;-; 1983;-; 1858;-;  110;-;   15;-;   21;-;    1;-;   15;-;    3;-;    2;-;    9;-
4607;5027;05;A;  52;100711; 7;s;17; 1896;-; 2164;-;   26;-;   16;-; 1842;-; 1731;-;   94;-;   17;-;    9;-;    2;-;   11;-;   13;-;   12;-;   19;-; 2125;-; 2000;-;  111;-;   14;-;   15;-;    7;-;    6;-;    3;-;    3;-;    8;-
4607;5027;05;A;  52;100711; 7;s;18; 2105;-; 2090;-;   21;-;   13;-; 2062;-; 1943;-;   93;-;   26;-;    8;-;    6;-;    8;-;    7;-;    4;-;   14;-; 2052;-; 1897;-;  123;-;   32;-;   13;-;    2;-;    6;-;    5;-;    5;-;   12;-
4607;5027;05;A;  52;100711; 7;s;19; 2187;-; 2169;-;   22;-;   23;-; 2128;-; 2004;-;   99;-;   25;-;    7;-;    8;-;    7;-;    7;-;    6;-;   30;-; 2124;-; 1989;-;  119;-;   16;-;   10;-;    6;-;    9;-;    8;-;    8;-;   12;-
4607;5027;05;A;  52;100711; 7;s;20; 1921;-; 1795;-;   15;-;   31;-; 1882;-; 1776;-;   92;-;   14;-;    5;-;    3;-;    6;-;    6;-;    5;-;   19;-; 1736;-; 1633;-;   95;-;    8;-;   18;-;   10;-;   11;-;   10;-;    8;-;   10;-
4607;5027;05;A;  52;100711; 7;s;21; 1506;u; 1253;u;   22;u;   24;u; 1457;u; 1349;u;   92;u;   16;u;    6;u;    6;u;    7;u;    9;u;    9;u;   21;u; 1212;u; 1123;u;   81;u;    8;u;    8;u;    2;u;   14;u;    8;u;    8;u;    9;u
4607;5027;05;A;  52;100711; 7;s;22; 1121;u;  810;u;   24;u;   16;u; 1070;u;  979;u;   83;u;    8;u;    5;u;    2;u;    5;u;   17;u;   14;u;   22;u;  787;u;  714;u;   67;u;    6;u;    3;u;    3;u;    5;u;    8;u;    8;u;    4;u
4607;5027;05;A;  52;100711; 7;s;23;  741;u;  753;u;   27;u;   21;u;  701;u;  641;u;   56;u;    4;u;    4;u;    2;u;    8;u;   17;u;   15;u;    9;u;  724;u;  671;u;   43;u;   10;u;    4;u;    1;u;    2;u;   18;u;   15;u;    4;u
4607;5027;05;A;  52;100711; 7;s;24;  914;-; 1150;-;   33;-;   35;-;  869;-;  811;-;   53;-;    5;-;    1;-;    2;-;   10;-;   21;-;   14;-;   11;-; 1111;-; 1039;-;   65;-;    7;-;    2;-;    3;-;    7;-;   25;-;   20;-;    2;-
4607;5027;05;A;  52;100712; 1;w;01;  497;-;  574;-;   25;-;   35;-;  462;-;  421;-;   38;-;    3;-;    4;-;    3;-;    3;-;   19;-;   14;-;    6;-;  535;-;  500;-;   32;-;    3;-;    1;-;    2;-;    5;-;   28;-;   23;-;    3;-
4607;5027;05;A;  52;100712; 1;w;02;  234;-;  180;-;   34;-;   20;-;  194;-;  181;-;   12;-;    1;-;    1;-;    1;-;   10;-;   23;-;   18;-;    5;-;  160;-;  142;-;   17;-;    1;-;    0;-;    1;-;    6;-;   13;-;   10;-;    0;-
4607;5027;05;A;  52;100712; 1;w;03;  232;-;  127;-;   38;-;   28;-;  188;-;  170;-;   18;-;    0;-;    4;-;    2;-;    7;-;   29;-;   21;-;    2;-;   96;-;   81;-;   15;-;    0;-;    1;-;    0;-;   10;-;   18;-;   14;-;    2;-
4607;5027;05;A;  52;100712; 1;w;04;  509;-;  210;-;   46;-;   34;-;  456;-;  414;-;   40;-;    2;-;    2;-;    2;-;   15;-;   29;-;   21;-;    5;-;  172;-;  141;-;   30;-;    1;-;    1;-;    0;-;   15;-;   19;-;   16;-;    3;-
4607;5027;05;A;  52;100712; 1;w;05;  957;-;  434;-;  102;-;   77;-;  847;-;  792;-;   47;-;    8;-;    1;-;    7;-;   45;-;   50;-;   44;-;    7;-;  350;-;  314;-;   36;-;    0;-;    2;-;    1;-;   38;-;   38;-;   28;-;    5;-
4607;5027;05;A;  52;100712; 1;w;06; 2855;-;  942;-;  181;-;  117;-; 2647;-; 2508;-;  118;-;   21;-;    2;-;    3;-;   66;-;  112;-;   92;-;   25;-;  817;-;  732;-;   77;-;    8;-;    3;-;    4;-;   45;-;   68;-;   56;-;    5;-
4607;5027;05;A;  52;100712; 1;w;07; 5207;-; 2085;-;  244;-;  174;-; 4897;-; 4614;-;  251;-;   32;-;   17;-;    3;-;  105;-;  136;-;   96;-;   49;-; 1892;-; 1754;-;  127;-;   11;-;    7;-;    4;-;   81;-;   89;-;   70;-;   12;-
4607;5027;05;A;  52;100712; 1;w;08; 6401;-; 3527;-;  219;-;  201;-; 6126;-; 5861;-;  234;-;   31;-;   23;-;    8;-;   91;-;  120;-;   91;-;   33;-; 3298;-; 3107;-;  177;-;   14;-;   12;-;    4;-;   83;-;  114;-;   80;-;   16;-
4607;5027;05;A;  52;100712; 1;w;09; 6135;-; 3934;-;  250;-;  219;-; 5827;-; 5606;-;  204;-;   17;-;   30;-;    6;-;  102;-;  142;-;  115;-;   28;-; 3698;-; 3461;-;  225;-;   12;-;    3;-;    6;-;  100;-;  113;-;   86;-;   14;-
4607;5027;05;A;  52;100712; 1;w;10; 4527;-; 2800;-;  239;-;  260;-; 4223;-; 4000;-;  214;-;    9;-;   24;-;    4;-;   89;-;  146;-;  123;-;   41;-; 2518;-; 2290;-;  218;-;   10;-;    7;-;    8;-;  106;-;  146;-;  110;-;   15;-
4607;5027;05;A;  52;100712; 1;w;11; 3552;-; 2523;-;  242;-;  242;-; 3267;-; 3046;-;  206;-;   15;-;   17;-;    4;-;   95;-;  143;-;  114;-;   26;-; 2261;-; 2043;-;  209;-;    9;-;   12;-;    1;-;   97;-;  144;-;  108;-;    8;-
4607;5027;05;A;  52;100712; 1;w;12; 3147;-; 2660;-;  256;-;  228;-; 2847;-; 2613;-;  220;-;   14;-;   10;-;    4;-;   93;-;  159;-;  120;-;   34;-; 2411;-; 2193;-;  204;-;   14;-;   11;-;    2;-;   93;-;  133;-;  107;-;   10;-
4607;5027;05;A;  52;100712; 1;w;13; 2924;-; 2890;-;  222;-;  198;-; 2651;-; 2479;-;  160;-;   12;-;   17;-;    2;-;   73;-;  147;-;  115;-;   34;-; 2668;-; 2470;-;  192;-;    6;-;   12;-;    2;-;   83;-;  113;-;   87;-;   12;-
4607;5027;05;A;  52;100712; 1;w;14; 3376;-; 3383;-;  268;-;  232;-; 3068;-; 2871;-;  187;-;   10;-;   19;-;    7;-;   96;-;  165;-;  136;-;   21;-; 3126;-; 2893;-;  228;-;    5;-;   12;-;    5;-;   93;-;  134;-;  104;-;   13;-
4607;5027;05;A;  52;100712; 1;w;15; 3152;-; 3871;-;  275;-;  187;-; 2835;-; 2620;-;  204;-;   11;-;   11;-;    5;-;  102;-;  168;-;  128;-;   31;-; 3651;-; 3384;-;  248;-;   19;-;   18;-;    2;-;   79;-;  106;-;   86;-;   15;-
4607;5027;05;A;  52;100712; 1;w;16; 3128;-; 5084;-;  195;-;  219;-; 2904;-; 2687;-;  210;-;    7;-;   11;-;    1;-;   70;-;  124;-;   89;-;   18;-; 4831;-; 4549;-;  261;-;   21;-;   24;-;    7;-;   86;-;  126;-;   98;-;   10;-
4607;5027;05;A;  52;100712; 1;w;17; 3585;-; 5888;-;  173;-;  191;-; 3378;-; 3226;-;  141;-;   11;-;   17;-;    7;-;   60;-;  106;-;   84;-;   17;-; 5660;-; 5402;-;  236;-;   22;-;   20;-;   11;-;   62;-;  118;-;   95;-;   17;-
4607;5027;05;A;  52;100712; 1;w;18; 3914;-; 5937;-;  144;-;  137;-; 3734;-; 3551;-;  164;-;   19;-;   11;-;    5;-;   45;-;   94;-;   70;-;   25;-; 5774;-; 5599;-;  152;-;   23;-;   14;-;    7;-;   42;-;   88;-;   59;-;   12;-
4607;5027;05;A;  52;100712; 1;w;19; 3738;-; 5415;-;  114;-;   97;-; 3591;-; 3454;-;  127;-;   10;-;    4;-;    4;-;   36;-;   74;-;   54;-;   29;-; 5297;-; 5104;-;  173;-;   20;-;    8;-;    3;-;   27;-;   67;-;   52;-;   13;-
4607;5027;05;A;  52;100712; 1;w;20; 2781;-; 3682;-;   84;-;   75;-; 2660;-; 2524;-;  127;-;    9;-;   10;-;    3;-;   24;-;   57;-;   44;-;   27;-; 3570;-; 3401;-;  159;-;   10;-;    8;-;    2;-;   17;-;   56;-;   47;-;   29;-
4607;5027;05;A;  52;100712; 1;w;21; 1885;-; 2223;-;   57;-;   66;-; 1807;-; 1702;-;   89;-;   16;-;    9;-;    5;-;    8;-;   44;-;   32;-;   12;-; 2143;-; 1978;-;  155;-;   10;-;    5;-;    8;-;   12;-;   46;-;   29;-;    9;-
4607;5027;05;A;  52;100712; 1;w;22; 1397;-; 1686;-;   55;-;   65;-; 1323;-; 1227;-;   88;-;    8;-;    6;-;    5;-;   12;-;   38;-;   32;-;   13;-; 1609;-; 1482;-;  118;-;    9;-;    4;-;    2;-;   18;-;   45;-;   31;-;    8;-
4607;5027;05;A;  52;100712; 1;w;23;  994;-; 1499;-;   44;-;   59;-;  936;-;  857;-;   74;-;    5;-;    5;-;    6;-;    8;-;   30;-;   22;-;    9;-; 1427;-; 1345;-;   74;-;    8;-;    3;-;    1;-;   10;-;   48;-;   33;-;   10;-
4607;5027;05;A;  52;100712; 1;w;24;  620;-;  960;-;   46;-;   52;-;  567;-;  521;-;   45;-;    1;-;    2;-;    2;-;    8;-;   36;-;   30;-;    5;-;  898;-;  829;-;   66;-;    3;-;    3;-;    5;-;    7;-;   40;-;   27;-;    7;-
4607;5027;05;A;  52;100713; 2;w;01;  315;-;  650;-;   42;-;   44;-;  272;-;  234;-;   38;-;    0;-;    0;-;    3;-;    8;-;   31;-;   23;-;    1;-;  601;-;  556;-;   43;-;    2;-;    1;-;    2;-;   10;-;   32;-;   24;-;    4;-
4607;5027;05;A;  52;100713; 2;w;02;  202;-;  271;-;   42;-;   41;-;  157;-;  139;-;   15;-;    3;-;    0;-;    1;-;    9;-;   32;-;   27;-;    3;-;  229;-;  212;-;   15;-;    2;-;    0;-;    0;-;    3;-;   38;-;   29;-;    1;-
4607;5027;05;A;  52;100713; 2;w;03;  227;-;  179;-;   42;-;   45;-;  183;-;  162;-;   21;-;    0;-;    0;-;    1;-;   11;-;   30;-;   22;-;    2;-;  133;-;  110;-;   23;-;    0;-;    0;-;    0;-;   11;-;   34;-;   25;-;    1;-
4607;5027;05;A;  52;100713; 2;w;04;  512;-;  230;-;   63;-;   60;-;  444;-;  393;-;   49;-;    2;-;    2;-;    1;-;   20;-;   42;-;   26;-;    3;-;  170;-;  134;-;   35;-;    1;-;    0;-;    1;-;   17;-;   42;-;   37;-;    0;-
4607;5027;05;A;  52;100713; 2;w;05;  919;-;  413;-;  100;-;   88;-;  812;-;  750;-;   48;-;   14;-;    2;-;    6;-;   30;-;   64;-;   48;-;    5;-;  320;-;  283;-;   37;-;    0;-;    3;-;    2;-;   41;-;   45;-;   35;-;    2;-
4607;5027;05;A;  52;100713; 2;w;06; 2821;-; 1004;-;  153;-;  125;-; 2652;-; 2500;-;  123;-;   29;-;    2;-;    2;-;   52;-;   99;-;   75;-;   14;-;  869;-;  774;-;   85;-;   10;-;    3;-;    1;-;   47;-;   77;-;   51;-;    7;-
4607;5027;05;A;  52;100713; 2;w;07; 5410;-; 2106;-;  245;-;  159;-; 5116;-; 4799;-;  270;-;   47;-;   25;-;    3;-;  105;-;  137;-;   96;-;   24;-; 1931;-; 1776;-;  143;-;   12;-;    7;-;    5;-;   65;-;   89;-;   61;-;    9;-
4607;5027;05;A;  52;100713; 2;w;08; 6660;-; 3621;-;  224;-;  172;-; 6355;-; 6103;-;  217;-;   35;-;   34;-;   10;-;   98;-;  116;-;   87;-;   47;-; 3425;-; 3217;-;  200;-;    8;-;   13;-;    5;-;   77;-;   90;-;   65;-;   11;-
4607;5027;05;A;  52;100713; 2;w;09; 6109;-; 3886;-;  219;-;  198;-; 5845;-; 5615;-;  203;-;   27;-;   16;-;    8;-;  102;-;  109;-;   82;-;   29;-; 3665;-; 3427;-;  224;-;   14;-;    9;-;    8;-;   95;-;   95;-;   73;-;   14;-
4607;5027;05;A;  52;100713; 2;w;10; 4694;-; 2940;-;  266;-;  230;-; 4374;-; 4173;-;  181;-;   20;-;   13;-;    1;-;  101;-;  164;-;  122;-;   41;-; 2682;-; 2451;-;  222;-;    9;-;   15;-;    6;-;  103;-;  121;-;   99;-;   13;-
4607;5027;05;A;  52;100713; 2;w;11; 3628;-; 2673;-;  293;-;  283;-; 3292;-; 3059;-;  226;-;    7;-;   20;-;   10;-;  112;-;  171;-;  135;-;   23;-; 2366;-; 2122;-;  232;-;   12;-;    7;-;    8;-;  111;-;  164;-;  132;-;   17;-
4607;5027;05;A;  52;100713; 2;w;12; 3086;-; 2677;-;  279;-;  288;-; 2768;-; 2540;-;  208;-;   20;-;   14;-;    4;-;   95;-;  180;-;  138;-;   25;-; 2359;-; 2115;-;  239;-;    5;-;   11;-;    4;-;  101;-;  183;-;  152;-;   19;-
4607;5027;05;A;  52;100713; 2;w;13; 3219;-; 3132;-;  243;-;  253;-; 2931;-; 2714;-;  200;-;   17;-;   20;-;    8;-;   82;-;  153;-;  120;-;   25;-; 2850;-; 2631;-;  213;-;    6;-;   19;-;    4;-;  104;-;  145;-;  107;-;   10;-
4607;5027;05;A;  52;100713; 2;w;14; 3322;-; 3603;-;  262;-;  276;-; 3007;-; 2795;-;  193;-;   19;-;   15;-;    6;-;   94;-;  162;-;  132;-;   38;-; 3296;-; 3054;-;  225;-;   17;-;   14;-;    4;-;  104;-;  168;-;  131;-;   17;-
4607;5027;05;A;  52;100713; 2;w;15; 2883;-; 4230;-;  204;-;  268;-; 2637;-; 2429;-;  198;-;   10;-;   25;-;    1;-;   73;-;  130;-;  102;-;   17;-; 3920;-; 3654;-;  243;-;   23;-;   28;-;   10;-;  117;-;  141;-;  117;-;   14;-
4607;5027;05;A;  52;100713; 2;w;16; 3154;-; 4798;-;  216;-;  231;-; 2890;-; 2707;-;  171;-;   12;-;   17;-;    2;-;   74;-;  140;-;  114;-;   31;-; 4516;-; 4260;-;  223;-;   33;-;   34;-;    4;-;   85;-;  142;-;  112;-;   17;-
4607;5027;05;A;  52;100713; 2;w;17; 3375;-; 5438;-;  161;-;  207;-; 3183;-; 2993;-;  167;-;   23;-;    8;-;    3;-;   59;-;   99;-;   84;-;   23;-; 5200;-; 4986;-;  185;-;   29;-;   18;-;    2;-;   70;-;  135;-;  104;-;   13;-
4607;5027;05;A;  52;100713; 2;w;18; 3617;-; 5817;-;  147;-;  165;-; 3437;-; 3304;-;  118;-;   15;-;    8;-;    9;-;   49;-;   89;-;   71;-;   25;-; 5616;-; 5433;-;  151;-;   32;-;   22;-;    8;-;   59;-;   98;-;   77;-;   14;-
4607;5027;05;A;  52;100713; 2;w;19; 3586;-; 5357;-;  114;-;  129;-; 3429;-; 3283;-;  126;-;   20;-;    5;-;    8;-;   28;-;   78;-;   57;-;   38;-; 5208;-; 5046;-;  140;-;   22;-;   10;-;    7;-;   32;-;   90;-;   67;-;   10;-
4607;5027;05;A;  52;100713; 2;w;20; 2451;-; 3494;-;   74;-;   92;-; 2349;-; 2203;-;  131;-;   15;-;    5;-;    5;-;   13;-;   56;-;   43;-;   23;-; 3367;-; 3198;-;  158;-;   11;-;   10;-;    2;-;   20;-;   70;-;   58;-;   25;-
4607;5027;05;A;  52;100713; 2;w;21; 1649;-; 2208;-;   62;-;   59;-; 1569;-; 1458;-;  102;-;    9;-;    3;-;    3;-;   18;-;   41;-;   27;-;   15;-; 2127;-; 1937;-;  176;-;   14;-;    3;-;    5;-;   11;-;   43;-;   32;-;   19;-
4607;5027;05;A;  52;100713; 2;w;22; 1408;-; 1700;-;   50;-;   62;-; 1332;-; 1217;-;  104;-;   11;-;    3;-;    3;-;   12;-;   35;-;   26;-;   23;-; 1629;-; 1515;-;   98;-;   16;-;    2;-;    2;-;    7;-;   53;-;   38;-;    7;-
4607;5027;05;A;  52;100713; 2;w;23; 1081;-; 1622;-;   50;-;   53;-; 1020;-;  937;-;   74;-;    9;-;    3;-;    5;-;    7;-;   38;-;   28;-;    8;-; 1562;-; 1475;-;   77;-;   10;-;    1;-;    1;-;   13;-;   39;-;   27;-;    6;-
4607;5027;05;A;  52;100713; 2;w;24;  605;-; 1147;-;   34;-;   52;-;  567;-;  522;-;   45;-;    0;-;    0;-;    2;-;    5;-;   27;-;   23;-;    4;-; 1087;-; 1021;-;   61;-;    5;-;    3;-;    2;-;    4;-;   46;-;   32;-;    5;-
4607;5027;05;A;  52;100714; 3;w;01;  330;-;  558;-;   37;-;   45;-;  290;-;  240;-;   50;-;    0;-;    0;-;    1;-;    8;-;   28;-;   19;-;    3;-;  507;-;  468;-;   32;-;    7;-;    3;-;    2;-;    7;-;   36;-;   27;-;    3;-
4607;5027;05;A;  52;100714; 3;w;02;  180;-;  226;-;   42;-;   27;-;  138;-;  114;-;   21;-;    3;-;    0;-;    1;-;    8;-;   33;-;   25;-;    0;-;  199;-;  173;-;   24;-;    2;-;    0;-;    0;-;    6;-;   21;-;   17;-;    0;-
4607;5027;05;A;  52;100714; 3;w;03;  229;-;  148;-;   38;-;   42;-;  190;-;  170;-;   20;-;    0;-;    0;-;    1;-;    9;-;   28;-;   21;-;    1;-;  105;-;   90;-;   14;-;    1;-;    1;-;    0;-;    9;-;   33;-;   26;-;    0;-
4607;5027;05;A;  52;100714; 3;w;04;  507;-;  266;-;   60;-;   51;-;  442;-;  398;-;   39;-;    5;-;    0;-;    2;-;   19;-;   39;-;   27;-;    5;-;  214;-;  172;-;   41;-;    1;-;    0;-;    2;-;   11;-;   38;-;   24;-;    1;-
4607;5027;05;A;  52;100714; 3;w;05;  985;-;  483;-;  119;-;  100;-;  860;-;  799;-;   54;-;    7;-;    2;-;    5;-;   46;-;   68;-;   49;-;    4;-;  380;-;  346;-;   32;-;    2;-;    1;-;    0;-;   36;-;   64;-;   45;-;    2;-
4607;5027;05;A;  52;100714; 3;w;06; 2811;-;  952;-;  176;-;  123;-; 2617;-; 2478;-;  116;-;   23;-;    1;-;    5;-;   63;-;  108;-;   81;-;   17;-;  823;-;  733;-;   82;-;    8;-;    2;-;    3;-;   39;-;   81;-;   63;-;    4;-
4607;5027;05;A;  52;100714; 3;w;07; 5211;-; 2118;-;  249;-;  157;-; 4891;-; 4610;-;  252;-;   29;-;   25;-;    6;-;  102;-;  141;-;  101;-;   46;-; 1947;-; 1798;-;  137;-;   12;-;    7;-;    5;-;   73;-;   79;-;   56;-;    7;-
4607;5027;05;A;  52;100714; 3;w;08; 6466;-; 3559;-;  213;-;  200;-; 6194;-; 5934;-;  232;-;   28;-;   30;-;    8;-;   99;-;  106;-;   85;-;   29;-; 3335;-; 3136;-;  188;-;   11;-;   10;-;    7;-;   95;-;   98;-;   71;-;   14;-
4607;5027;05;A;  52;100714; 3;w;09; 5933;-; 3873;-;  228;-;  223;-; 5649;-; 5410;-;  219;-;   20;-;   30;-;    1;-;   99;-;  128;-;   89;-;   26;-; 3622;-; 3416;-;  200;-;    6;-;    9;-;    7;-;   96;-;  120;-;   88;-;   19;-
4607;5027;05;A;  52;100714; 3;w;10; 4334;-; 2991;-;  209;-;  273;-; 4083;-; 3864;-;  212;-;    7;-;   17;-;    6;-;   79;-;  124;-;   97;-;   25;-; 2693;-; 2442;-;  242;-;    9;-;   10;-;    6;-;  114;-;  153;-;  116;-;   15;-
4607;5027;05;A;  52;100714; 3;w;11; 3179;-; 2439;-;  276;-;  263;-; 2852;-; 2627;-;  213;-;   12;-;   20;-;    7;-;  109;-;  160;-;  131;-;   31;-; 2148;-; 1936;-;  208;-;    4;-;   16;-;    7;-;   96;-;  160;-;  131;-;   12;-
4607;5027;05;A;  52;100714; 3;w;12; 3004;-; 2781;-;  252;-;  263;-; 2711;-; 2477;-;  219;-;   15;-;   16;-;    4;-;   90;-;  158;-;  124;-;   25;-; 2487;-; 2250;-;  226;-;   11;-;   19;-;    2;-;  103;-;  158;-;  130;-;   12;-
4607;5027;05;A;  52;100714; 3;w;13; 3077;-; 3048;-;  242;-;  233;-; 2800;-; 2587;-;  198;-;   15;-;   10;-;    4;-;   86;-;  152;-;  118;-;   25;-; 2772;-; 2530;-;  225;-;   17;-;   25;-;    3;-;   84;-;  146;-;  109;-;   18;-
4607;5027;05;A;  52;100714; 3;w;14; 3336;-; 3643;-;  231;-;  275;-; 3054;-; 2854;-;  188;-;   12;-;   28;-;    1;-;   80;-;  150;-;  121;-;   23;-; 3330;-; 3054;-;  266;-;   10;-;   20;-;    2;-;  114;-;  159;-;  116;-;   18;-
4607;5027;05;A;  52;100714; 3;w;15; 2963;-; 4384;-;  225;-;  250;-; 2687;-; 2481;-;  185;-;   21;-;   15;-;    1;-;   92;-;  132;-;   98;-;   36;-; 4102;-; 3819;-;  267;-;   16;-;   21;-;    7;-;  102;-;  141;-;  104;-;   11;-
4607;5027;05;A;  52;100714; 3;w;16; 3136;-; 4931;-;  207;-;  239;-; 2894;-; 2678;-;  199;-;   17;-;   16;-;    0;-;   78;-;  129;-;   86;-;   19;-; 4645;-; 4347;-;  274;-;   24;-;   23;-;    5;-;  112;-;  122;-;   87;-;   24;-
4607;5027;05;A;  52;100714; 3;w;17; 3326;-; 5666;-;  172;-;  168;-; 3100;-; 2916;-;  175;-;    9;-;   17;-;    7;-;   50;-;  115;-;   85;-;   37;-; 5458;-; 5217;-;  210;-;   31;-;   28;-;    3;-;   59;-;  106;-;   81;-;   12;-
4607;5027;05;A;  52;100714; 3;w;18; 3762;-; 5777;-;  142;-;  130;-; 3578;-; 3420;-;  144;-;   14;-;    7;-;    6;-;   50;-;   86;-;   67;-;   35;-; 5615;-; 5470;-;  123;-;   22;-;   17;-;    6;-;   42;-;   82;-;   58;-;   15;-
4607;5027;05;A;  52;100714; 3;w;19; 3370;-; 5047;-;  105;-;  114;-; 3215;-; 3104;-;   98;-;   13;-;   11;-;    8;-;   24;-;   73;-;   53;-;   39;-; 4902;-; 4741;-;  142;-;   19;-;   17;-;    4;-;   26;-;   84;-;   69;-;   14;-
4607;5027;05;A;  52;100714; 3;w;20; 2237;-; 3034;-;   71;-;   73;-; 2149;-; 2057;-;   81;-;   11;-;    3;-;    8;-;   17;-;   46;-;   40;-;   14;-; 2936;-; 2823;-;  105;-;    8;-;   11;-;    2;-;   21;-;   50;-;   35;-;   14;-
4607;5027;05;A;  52;100714; 3;w;21; 1714;-; 2098;-;   78;-;   76;-; 1607;-; 1514;-;   89;-;    4;-;    3;-;    4;-;   15;-;   59;-;   43;-;   26;-; 2005;-; 1890;-;  108;-;    7;-;    7;-;    5;-;   12;-;   59;-;   44;-;   10;-
4607;5027;05;A;  52;100714; 3;w;22; 1340;-; 1628;-;   69;-;   61;-; 1252;-; 1162;-;   82;-;    8;-;    3;-;    4;-;   18;-;   47;-;   36;-;   16;-; 1556;-; 1461;-;   88;-;    7;-;    3;-;    4;-;   15;-;   42;-;   32;-;    8;-
4607;5027;05;A;  52;100714; 3;w;23; 1053;-; 1477;-;   52;-;   56;-;  989;-;  930;-;   57;-;    2;-;    3;-;    3;-;   15;-;   34;-;   28;-;    9;-; 1415;-; 1337;-;   72;-;    6;-;    1;-;    2;-;   13;-;   41;-;   29;-;    5;-
4607;5027;05;A;  52;100714; 3;w;24;  746;-; 1173;-;   41;-;   59;-;  698;-;  636;-;   57;-;    5;-;    1;-;    2;-;    7;-;   32;-;   23;-;    6;-; 1105;-; 1028;-;   71;-;    6;-;    4;-;    2;-;   11;-;   46;-;   35;-;    5;-
4607;5027;05;A;  52;100715; 4;u;01;  415;-;  868;-;   53;-;   54;-;  360;-;  313;-;   47;-;    0;-;    1;-;    2;-;   11;-;   40;-;   32;-;    1;-;  810;-;  733;-;   73;-;    4;-;    1;-;    4;-;    7;-;   43;-;   29;-;    3;-
4607;5027;05;A;  52;100715; 4;u;02;  223;-;  524;-;   40;-;   34;-;  178;-;  152;-;   26;-;    0;-;    2;-;    1;-;   11;-;   28;-;   19;-;    3;-;  489;-;  446;-;   43;-;    0;-;    1;-;    0;-;    5;-;   29;-;   24;-;    0;-
4607;5027;05;A;  52;100715; 4;u;03;  198;-;  200;-;   41;-;   41;-;  154;-;  133;-;   21;-;    0;-;    2;-;    0;-;   11;-;   30;-;   18;-;    1;-;  156;-;  137;-;   19;-;    0;-;    2;-;    1;-;    9;-;   31;-;   21;-;    1;-
4607;5027;05;A;  52;100715; 4;u;04;  571;-;  277;-;   73;-;   49;-;  493;-;  431;-;   58;-;    4;-;    1;-;    2;-;   22;-;   49;-;   32;-;    4;-;  228;-;  184;-;   44;-;    0;-;    0;-;    0;-;   12;-;   37;-;   24;-;    0;-
4607;5027;05;A;  52;100715; 4;u;05; 1117;-;  554;-;  117;-;   95;-;  994;-;  927;-;   62;-;    5;-;    3;-;    7;-;   40;-;   70;-;   42;-;    3;-;  452;-;  396;-;   55;-;    1;-;    5;-;    2;-;   53;-;   40;-;   27;-;    2;-
4607;5027;05;A;  52;100715; 4;u;06; 2906;-; 1047;-;  178;-;  127;-; 2699;-; 2542;-;  133;-;   24;-;    4;-;    7;-;   55;-;  116;-;   90;-;   25;-;  914;-;  817;-;   93;-;    4;-;    3;-;    1;-;   45;-;   81;-;   63;-;    3;-
4607;5027;05;A;  52;100715; 4;u;07; 5293;-; 2190;-;  239;-;  166;-; 5002;-; 4677;-;  285;-;   40;-;   22;-;    3;-;  102;-;  134;-;  105;-;   30;-; 2006;-; 1842;-;  152;-;   12;-;   11;-;    4;-;   68;-;   94;-;   68;-;    7;-
4607;5027;05;A;  52;100715; 4;u;08; 6384;-; 3582;-;  233;-;  198;-; 6060;-; 5790;-;  242;-;   28;-;   31;-;    3;-;   97;-;  133;-;   90;-;   60;-; 3357;-; 3100;-;  247;-;   10;-;   10;-;    4;-;   89;-;  105;-;   71;-;   17;-
4607;5027;05;A;  52;100715; 4;u;09; 5775;-; 3880;-;  227;-;  253;-; 5473;-; 5249;-;  195;-;   29;-;   26;-;    3;-;   85;-;  139;-;  107;-;   49;-; 3600;-; 3360;-;  232;-;    8;-;   16;-;   11;-;  119;-;  123;-;   99;-;   11;-
4607;5027;05;A;  52;100715; 4;u;10; 4236;-; 2921;-;  234;-;  245;-; 3960;-; 3754;-;  185;-;   21;-;   14;-;    5;-;   97;-;  132;-;   98;-;   28;-; 2652;-; 2397;-;  250;-;    5;-;   11;-;    7;-;   97;-;  141;-;  103;-;   13;-
4607;5027;05;A;  52;100715; 4;u;11; 3557;-; 2651;-;  269;-;  240;-; 3241;-; 2998;-;  234;-;    9;-;   20;-;    7;-;   87;-;  175;-;  126;-;   27;-; 2382;-; 2133;-;  240;-;    9;-;   22;-;    4;-;   97;-;  139;-;  114;-;    7;-
4607;5027;05;A;  52;100715; 4;u;12; 3133;-; 2773;-;  263;-;  227;-; 2838;-; 2620;-;  210;-;    8;-;   19;-;    3;-;  103;-;  157;-;  121;-;   13;-; 2509;-; 2263;-;  239;-;    7;-;   21;-;    6;-;   80;-;  141;-;  113;-;   16;-
4607;5027;05;A;  52;100715; 4;u;13; 3208;-; 3203;-;  244;-;  240;-; 2916;-; 2707;-;  189;-;   20;-;   19;-;    2;-;   76;-;  166;-;  134;-;   29;-; 2927;-; 2677;-;  238;-;   12;-;   19;-;    1;-;   89;-;  150;-;  114;-;   17;-
4607;5027;05;A;  52;100715; 4;u;14; 3157;-; 3526;-;  229;-;  225;-; 2894;-; 2691;-;  179;-;   24;-;   13;-;    3;-;   64;-;  162;-;  122;-;   21;-; 3266;-; 2976;-;  280;-;   10;-;   18;-;    3;-;   85;-;  137;-;   99;-;   17;-
4607;5027;05;A;  52;100715; 4;u;15; 2951;-; 4305;-;  209;-;  245;-; 2710;-; 2480;-;  211;-;   19;-;   15;-;    1;-;   83;-;  125;-;   93;-;   17;-; 4030;-; 3734;-;  277;-;   19;-;   16;-;    6;-;   97;-;  142;-;  105;-;   14;-
4607;5027;05;A;  52;100715; 4;u;16; 3330;-; 5045;-;  226;-;  183;-; 3043;-; 2836;-;  187;-;   20;-;   19;-;    1;-;  100;-;  125;-;   96;-;   42;-; 4824;-; 4520;-;  286;-;   18;-;   23;-;    3;-;   71;-;  109;-;   81;-;   15;-
4607;5027;05;A;  52;100715; 4;u;17; 3452;-; 5852;-;  149;-;  206;-; 3264;-; 3067;-;  177;-;   20;-;   20;-;    8;-;   58;-;   83;-;   63;-;   19;-; 5610;-; 5312;-;  262;-;   36;-;   20;-;    4;-;   83;-;  119;-;   87;-;   16;-
4607;5027;05;A;  52;100715; 4;u;18; 3789;-; 6011;-;  136;-;  151;-; 3610;-; 3445;-;  146;-;   19;-;   11;-;    4;-;   37;-;   95;-;   71;-;   32;-; 5820;-; 5606;-;  181;-;   33;-;   18;-;    8;-;   43;-;  100;-;   76;-;   22;-
4607;5027;05;A;  52;100715; 4;u;19; 3683;-; 5442;-;  122;-;  109;-; 3535;-; 3385;-;  135;-;   15;-;    5;-;    4;-;   30;-;   88;-;   67;-;   21;-; 5289;-; 5067;-;  184;-;   38;-;   23;-;    3;-;   33;-;   73;-;   51;-;   21;-
4607;5027;05;A;  52;100715; 4;u;20; 2733;-; 3630;-;   91;-;   83;-; 2613;-; 2458;-;  140;-;   15;-;    7;-;    3;-;   25;-;   63;-;   52;-;   22;-; 3520;-; 3302;-;  201;-;   17;-;    6;-;    1;-;   17;-;   65;-;   49;-;   21;-
4607;5027;05;A;  52;100715; 4;u;21; 1747;-; 2458;-;   66;-;   74;-; 1666;-; 1568;-;   85;-;   13;-;    7;-;    6;-;   12;-;   48;-;   35;-;    8;-; 2361;-; 2187;-;  159;-;   15;-;    7;-;    6;-;   12;-;   56;-;   44;-;   16;-
4607;5027;05;A;  52;100715; 4;u;22; 1392;-; 1881;-;   61;-;   64;-; 1313;-; 1209;-;   90;-;   14;-;    4;-;    3;-;   19;-;   39;-;   33;-;   14;-; 1808;-; 1677;-;  115;-;   16;-;    3;-;    4;-;    9;-;   51;-;   34;-;    6;-
4607;5027;05;A;  52;100715; 4;u;23; 1132;-; 1766;-;   51;-;   54;-; 1071;-;  996;-;   71;-;    4;-;    3;-;    3;-;   10;-;   38;-;   33;-;    7;-; 1702;-; 1599;-;   87;-;   16;-;    3;-;    3;-;   13;-;   38;-;   26;-;    7;-
4607;5027;05;A;  52;100715; 4;u;24;  742;-; 1120;-;   36;-;   58;-;  697;-;  643;-;   51;-;    3;-;    0;-;    2;-;    8;-;   26;-;   20;-;    9;-; 1056;-;  990;-;   56;-;   10;-;    3;-;    1;-;   13;-;   44;-;   31;-;    3;-
4607;5027;05;A;  52;100716; 5;u;01;  402;-;  686;-;   41;-;   43;-;  352;-;  303;-;   47;-;    2;-;    3;-;    0;-;   13;-;   28;-;   19;-;    6;-;  634;-;  590;-;   43;-;    1;-;    3;-;    2;-;    5;-;   36;-;   25;-;    6;-
4607;5027;05;A;  52;100716; 5;u;02;  234;-;  264;-;   36;-;   29;-;  196;-;  170;-;   23;-;    3;-;    1;-;    1;-;   10;-;   25;-;   17;-;    1;-;  233;-;  199;-;   32;-;    2;-;    1;-;    1;-;    6;-;   22;-;   16;-;    1;-
4607;5027;05;A;  52;100716; 5;u;03;  209;-;  172;-;   52;-;   41;-;  155;-;  124;-;   30;-;    1;-;    0;-;    2;-;   10;-;   40;-;   28;-;    2;-;  128;-;  111;-;   17;-;    0;-;    1;-;    0;-;   13;-;   28;-;   21;-;    2;-
4607;5027;05;A;  52;100716; 5;u;04;  513;-;  246;-;   55;-;   46;-;  448;-;  404;-;   41;-;    3;-;    3;-;    1;-;   14;-;   40;-;   23;-;    7;-;  197;-;  159;-;   37;-;    1;-;    2;-;    2;-;   16;-;   28;-;   20;-;    1;-
4607;5027;05;A;  52;100716; 5;u;05;  993;-;  525;-;  112;-;   98;-;  874;-;  810;-;   55;-;    9;-;    1;-;    6;-;   42;-;   64;-;   47;-;    6;-;  421;-;  368;-;   50;-;    3;-;    4;-;    2;-;   35;-;   61;-;   40;-;    2;-
4607;5027;05;A;  52;100716; 5;u;06; 2600;-;  987;-;  177;-;  126;-; 2399;-; 2245;-;  124;-;   30;-;    5;-;    5;-;   67;-;  105;-;   80;-;   19;-;  847;-;  753;-;   89;-;    5;-;    8;-;    3;-;   36;-;   87;-;   58;-;    6;-
4607;5027;05;A;  52;100716; 5;u;07; 4666;-; 2041;-;  226;-;  184;-; 4403;-; 4101;-;  257;-;   45;-;   15;-;    5;-;   88;-;  133;-;  104;-;   22;-; 1835;-; 1668;-;  148;-;   19;-;   12;-;    3;-;   68;-;  113;-;   90;-;   10;-
4607;5027;05;A;  52;100716; 5;u;08; 5718;-; 3332;-;  230;-;  231;-; 5429;-; 5148;-;  236;-;   45;-;   17;-;    4;-;  111;-;  115;-;   83;-;   42;-; 3076;-; 2869;-;  196;-;   11;-;   12;-;    6;-;  102;-;  123;-;   94;-;   13;-
4607;5027;05;A;  52;100716; 5;u;09; 5401;-; 3647;-;  229;-;  254;-; 5131;-; 4920;-;  182;-;   29;-;   21;-;    4;-;   90;-;  135;-;  107;-;   20;-; 3363;-; 3129;-;  213;-;   21;-;   22;-;   13;-;  123;-;  118;-;   96;-;    8;-
4607;5027;05;A;  52;100716; 5;u;10; 3975;-; 2915;-;  266;-;  275;-; 3665;-; 3442;-;  199;-;   24;-;   17;-;    7;-;  104;-;  155;-;  120;-;   27;-; 2610;-; 2378;-;  224;-;    8;-;   20;-;    6;-;  104;-;  165;-;  121;-;   10;-
4607;5027;05;A;  52;100716; 5;u;11; 3171;-; 2652;-;  274;-;  258;-; 2857;-; 2631;-;  215;-;   11;-;   27;-;    8;-;   99;-;  167;-;  128;-;   13;-; 2365;-; 2145;-;  214;-;    6;-;   18;-;    4;-;   98;-;  156;-;  124;-;   11;-
4607;5027;05;A;  52;100716; 5;u;12; 2951;-; 2878;-;  234;-;  267;-; 2677;-; 2445;-;  218;-;   14;-;   21;-;    4;-;   88;-;  142;-;  116;-;   19;-; 2598;-; 2331;-;  253;-;   14;-;    8;-;    7;-;   84;-;  176;-;  137;-;    5;-
4607;5027;05;A;  52;100716; 5;u;13; 3164;-; 3872;-;  246;-;  271;-; 2882;-; 2661;-;  204;-;   17;-;   12;-;    8;-;   89;-;  149;-;  121;-;   24;-; 3565;-; 3318;-;  234;-;   13;-;   18;-;    4;-;  108;-;  159;-;  127;-;   18;-
4607;5027;05;A;  52;100716; 5;u;14; 3280;-; 4258;-;  213;-;  257;-; 3022;-; 2786;-;  209;-;   27;-;   20;-;    3;-;   77;-;  133;-;  107;-;   25;-; 3967;-; 3692;-;  256;-;   19;-;   17;-;    7;-;   93;-;  157;-;  122;-;   17;-
4607;5027;05;A;  52;100716; 5;u;15; 3185;-; 5141;-;  199;-;  223;-; 2943;-; 2747;-;  186;-;   10;-;   22;-;    4;-;   66;-;  129;-;   94;-;   21;-; 4879;-; 4579;-;  262;-;   38;-;   22;-;    2;-;   91;-;  130;-;   98;-;   17;-
4607;5027;05;A;  52;100716; 5;u;16; 3471;-; 5098;-;  168;-;  183;-; 3250;-; 3058;-;  176;-;   16;-;   20;-;    9;-;   60;-;   99;-;   76;-;   33;-; 4869;-; 4609;-;  221;-;   39;-;   22;-;    2;-;   64;-;  117;-;   92;-;   24;-
4607;5027;05;A;  52;100716; 5;u;17; 3525;-; 5159;-;  143;-;  154;-; 3344;-; 3169;-;  157;-;   18;-;   15;-;    4;-;   55;-;   84;-;   68;-;   23;-; 4962;-; 4755;-;  180;-;   27;-;   27;-;    6;-;   46;-;  102;-;   81;-;   16;-
4607;5027;05;A;  52;100716; 5;u;18; 3661;-; 4743;-;  112;-;  138;-; 3516;-; 3353;-;  144;-;   19;-;   14;-;    4;-;   37;-;   71;-;   55;-;   19;-; 4580;-; 4370;-;  178;-;   32;-;   12;-;    9;-;   37;-;   92;-;   71;-;   13;-
4607;5027;05;A;  52;100716; 5;u;19; 3143;-; 4222;-;   95;-;  101;-; 3015;-; 2818;-;  175;-;   22;-;   13;-;    6;-;   25;-;   64;-;   45;-;   20;-; 4098;-; 3912;-;  163;-;   23;-;   10;-;    5;-;   27;-;   69;-;   57;-;   13;-
4607;5027;05;A;  52;100716; 5;u;20; 2353;-; 3224;-;   74;-;   85;-; 2249;-; 2104;-;  132;-;   13;-;    4;-;    3;-;   17;-;   54;-;   45;-;   26;-; 3124;-; 2934;-;  156;-;   34;-;    7;-;    5;-;   18;-;   62;-;   49;-;    8;-
4607;5027;05;A;  52;100716; 5;u;21; 1795;-; 2504;-;   74;-;   78;-; 1693;-; 1564;-;  116;-;   13;-;   11;-;    5;-;   18;-;   51;-;   42;-;   17;-; 2410;-; 2259;-;  135;-;   16;-;    9;-;    6;-;   17;-;   55;-;   38;-;    7;-
4607;5027;05;A;  52;100716; 5;u;22; 1392;-; 1831;-;   38;-;   70;-; 1340;-; 1212;-;  103;-;   25;-;    3;-;    5;-;   12;-;   21;-;   17;-;   11;-; 1744;-; 1653;-;   76;-;   15;-;    9;-;    4;-;   14;-;   52;-;   40;-;    8;-
4607;5027;05;A;  52;100716; 5;u;23; 1189;-; 1627;-;   38;-;   60;-; 1143;-; 1065;-;   71;-;    7;-;    3;-;    4;-;   10;-;   24;-;   20;-;    5;-; 1559;-; 1491;-;   59;-;    9;-;    5;-;    1;-;   17;-;   42;-;   30;-;    3;-
4607;5027;05;A;  52;100716; 5;u;24;  818;-; 1191;-;   32;-;   36;-;  780;-;  751;-;   28;-;    1;-;    1;-;    3;-;    8;-;   21;-;   18;-;    5;-; 1149;-; 1110;-;   36;-;    3;-;    3;-;    2;-;    7;-;   27;-;   21;-;    3;-
4607;5027;05;A;  52;100717; 6;u;01;  572;-;  958;-;   33;-;   35;-;  534;-;  505;-;   29;-;    0;-;    2;-;    2;-;   12;-;   19;-;   13;-;    3;-;  921;-;  878;-;   36;-;    7;-;    0;-;    3;-;    3;-;   29;-;   23;-;    2;-
4607;5027;05;A;  52;100717; 6;u;02;  394;-;  556;-;   35;-;   22;-;  354;-;  325;-;   26;-;    3;-;    2;-;    5;-;    8;-;   22;-;   19;-;    3;-;  532;-;  508;-;   24;-;    0;-;    2;-;    0;-;    7;-;   15;-;   11;-;    0;-
4607;5027;05;A;  52;100717; 6;u;03;  319;-;  308;-;   33;-;   27;-;  278;-;  254;-;   22;-;    2;-;    1;-;    0;-;   10;-;   23;-;   10;-;    7;-;  275;-;  258;-;   16;-;    1;-;    4;-;    0;-;   11;-;   16;-;   13;-;    2;-
4607;5027;05;A;  52;100717; 6;u;04;  581;-;  312;-;   37;-;   29;-;  540;-;  488;-;   50;-;    2;-;    1;-;    2;-;    9;-;   26;-;   17;-;    3;-;  276;-;  247;-;   28;-;    1;-;    7;-;    0;-;   15;-;   14;-;    8;-;    0;-
4607;5027;05;A;  52;100717; 6;u;05;  905;-;  577;-;   43;-;   48;-;  851;-;  789;-;   56;-;    6;-;    2;-;    1;-;   17;-;   25;-;   18;-;    9;-;  524;-;  473;-;   50;-;    1;-;    5;-;    1;-;   29;-;   18;-;   11;-;    0;-
4607;5027;05;A;  52;100717; 6;u;06; 1156;-;  700;-;   87;-;   53;-; 1058;-;  970;-;   79;-;    9;-;    4;-;    8;-;   32;-;   47;-;   40;-;    7;-;  635;-;  585;-;   48;-;    2;-;    8;-;    2;-;   24;-;   27;-;   23;-;    4;-
4607;5027;05;A;  52;100717; 6;u;07; 1117;-;  947;-;   86;-;   53;-; 1012;-;  899;-;  109;-;    4;-;   11;-;    7;-;   35;-;   44;-;   39;-;    8;-;  880;-;  811;-;   67;-;    2;-;   10;-;    2;-;   18;-;   33;-;   26;-;    4;-
4607;5027;05;A;  52;100717; 6;u;08; 1221;-; 1117;-;   91;-;   89;-; 1112;-;  987;-;  122;-;    3;-;   11;-;   10;-;   32;-;   49;-;   41;-;    7;-; 1015;-;  918;-;   92;-;    5;-;    6;-;    7;-;   35;-;   47;-;   41;-;    7;-
4607;5027;05;A;  52;100717; 6;u;09; 1653;-; 1239;-;   89;-;   86;-; 1547;-; 1418;-;  122;-;    7;-;    8;-;    1;-;   42;-;   46;-;   41;-;    9;-; 1142;-; 1054;-;   84;-;    4;-;    8;-;    7;-;   34;-;   45;-;   39;-;    3;-
4607;5027;05;A;  52;100717; 6;u;10; 2314;-; 1339;-;   71;-;   68;-; 2212;-; 2056;-;  145;-;   11;-;   18;-;    5;-;   32;-;   34;-;   32;-;   13;-; 1256;-; 1169;-;   77;-;   10;-;   10;-;    2;-;   37;-;   29;-;   28;-;    5;-
4607;5027;05;A;  52;100717; 6;u;11; 2476;-; 1391;-;   71;-;   63;-; 2376;-; 2228;-;  132;-;   16;-;   14;-;    3;-;   32;-;   36;-;   31;-;   15;-; 1316;-; 1238;-;   67;-;   11;-;   10;-;    3;-;   19;-;   41;-;   35;-;    2;-
4607;5027;05;A;  52;100717; 6;u;12; 2583;-; 1409;-;   80;-;   48;-; 2465;-; 2329;-;  126;-;   10;-;   15;-;    6;-;   40;-;   34;-;   29;-;   23;-; 1344;-; 1281;-;   51;-;   12;-;    6;-;    0;-;   24;-;   24;-;   23;-;   11;-
4607;5027;05;A;  52;100717; 6;u;13; 2644;-; 1449;-;   51;-;   45;-; 2556;-; 2415;-;  129;-;   12;-;   15;-;    2;-;   22;-;   27;-;   26;-;   22;-; 1394;-; 1330;-;   58;-;    6;-;    9;-;    2;-;   20;-;   23;-;   21;-;    1;-
4607;5027;05;A;  52;100717; 6;u;14; 2559;-; 1388;-;   54;-;   28;-; 2464;-; 2321;-;  129;-;   14;-;   18;-;    1;-;   28;-;   25;-;   24;-;   23;-; 1348;-; 1280;-;   62;-;    6;-;   10;-;    3;-;   12;-;   13;-;   12;-;    2;-
4607;5027;05;A;  52;100717; 6;u;15; 2707;-; 1380;-;   49;-;   33;-; 2625;-; 2503;-;  103;-;   19;-;   15;-;    2;-;   21;-;   26;-;   20;-;   18;-; 1334;-; 1282;-;   42;-;   10;-;   10;-;    4;-;   12;-;   17;-;   14;-;    3;-
4607;5027;05;A;  52;100717; 6;u;16; 2273;-; 1457;-;   35;-;   23;-; 2196;-; 2031;-;  138;-;   27;-;   13;-;    4;-;   13;-;   18;-;   17;-;   29;-; 1425;-; 1346;-;   68;-;   11;-;    6;-;    0;-;   12;-;   11;-;   11;-;    3;-
4607;5027;05;A;  52;100717; 6;u;17; 1853;-; 1580;-;   31;-;   24;-; 1807;-; 1715;-;   81;-;   11;-;    4;-;    0;-;   19;-;   12;-;    8;-;   11;-; 1543;-; 1479;-;   60;-;    4;-;    6;-;    1;-;   15;-;    8;-;    6;-;    7;-
4607;5027;05;A;  52;100717; 6;u;18; 2096;-; 1588;-;   17;-;   15;-; 2053;-; 1943;-;   97;-;   13;-;   10;-;    4;-;    9;-;    4;-;    4;-;   16;-; 1556;-; 1492;-;   52;-;   12;-;   14;-;    5;-;    7;-;    3;-;    3;-;    3;-
4607;5027;05;A;  52;100717; 6;u;19; 2432;-; 1669;-;   15;-;   13;-; 2399;-; 2273;-;  108;-;   18;-;    6;-;    5;-;    6;-;    4;-;    3;-;   12;-; 1646;-; 1573;-;   64;-;    9;-;    9;-;    5;-;    3;-;    5;-;    5;-;    1;-
4607;5027;05;A;  52;100717; 6;u;20; 1992;-; 1610;-;   10;-;   15;-; 1962;-; 1852;-;   85;-;   25;-;    6;-;    2;-;    4;-;    4;-;    3;-;   14;-; 1587;-; 1529;-;   55;-;    3;-;    3;-;    5;-;    9;-;    1;-;    1;-;    5;-
4607;5027;05;A;  52;100717; 6;u;21; 1587;-; 1626;-;   11;-;   19;-; 1567;-; 1447;-;  101;-;   19;-;    5;-;    2;-;    8;-;    1;-;    1;-;    4;-; 1600;-; 1527;-;   58;-;   15;-;    0;-;    7;-;    5;-;    7;-;    5;-;    7;-
4607;5027;05;A;  52;100717; 6;u;22; 1395;-; 1226;-;   13;-;    9;-; 1364;-; 1287;-;   64;-;   13;-;    4;-;    5;-;    5;-;    3;-;    3;-;   14;-; 1211;-; 1158;-;   42;-;   11;-;    2;-;    3;-;    1;-;    5;-;    4;-;    4;-
4607;5027;05;A;  52;100717; 6;u;23; 1096;-; 1002;-;   11;-;    5;-; 1075;-; 1005;-;   68;-;    2;-;    1;-;    2;-;    3;-;    6;-;    5;-;    9;-;  992;-;  961;-;   24;-;    7;-;    2;-;    2;-;    3;-;    0;-;    0;-;    3;-
4607;5027;05;A;  52;100717; 6;u;24;  909;-; 1192;-;   15;-;    5;-;  889;-;  839;-;   45;-;    5;-;    0;-;    2;-;    6;-;    7;-;    6;-;    5;-; 1182;-; 1146;-;   33;-;    3;-;    3;-;    0;-;    4;-;    1;-;    1;-;    2;-
4607;5027;05;A;  52;100718; 7;s;01;  687;-; 1312;-;    3;-;    5;-;  675;-;  643;-;   31;-;    1;-;    4;-;    0;-;    3;-;    0;-;    0;-;    5;-; 1303;-; 1265;-;   35;-;    3;-;    0;-;    1;-;    3;-;    1;-;    1;-;    4;-
4607;5027;05;A;  52;100718; 7;s;02;  499;-;  682;-;   13;-;    3;-;  483;-;  453;-;   30;-;    0;-;    1;-;    2;-;    5;-;    6;-;    6;-;    2;-;  674;-;  652;-;   20;-;    2;-;    1;-;    1;-;    1;-;    1;-;    1;-;    4;-
4607;5027;05;A;  52;100718; 7;s;03;  359;-;  459;-;   11;-;    3;-;  344;-;  324;-;   19;-;    1;-;    2;-;    2;-;    3;-;    6;-;    5;-;    2;-;  455;-;  431;-;   22;-;    2;-;    0;-;    2;-;    0;-;    1;-;    1;-;    1;-
4607;5027;05;A;  52;100718; 7;s;04;  614;-;  380;-;    7;-;    2;-;  601;-;  549;-;   52;-;    0;-;    3;-;    0;-;    4;-;    3;-;    3;-;    3;-;  377;-;  355;-;   22;-;    0;-;    0;-;    1;-;    1;-;    0;-;    0;-;    1;-
4607;5027;05;A;  52;100718; 7;s;05;  718;-;  547;-;   15;-;    7;-;  696;-;  644;-;   46;-;    6;-;    5;-;    4;-;    7;-;    4;-;    4;-;    2;-;  534;-;  490;-;   44;-;    0;-;    2;-;    2;-;    5;-;    0;-;    0;-;    4;-
4607;5027;05;A;  52;100718; 7;s;06;  886;-;  544;-;   14;-;   11;-;  856;-;  781;-;   70;-;    5;-;    4;-;    3;-;    8;-;    3;-;    1;-;   12;-;  528;-;  491;-;   35;-;    2;-;    5;-;    3;-;    8;-;    0;-;    0;-;    0;-
4607;5027;05;A;  52;100718; 7;s;07;  632;-;  538;-;   12;-;   11;-;  600;-;  527;-;   70;-;    3;-;   17;-;    4;-;    4;-;    4;-;    3;-;    3;-;  520;-;  477;-;   39;-;    4;-;    5;-;    5;-;    5;-;    1;-;    1;-;    2;-
4607;5027;05;A;  52;100718; 7;s;08;  762;-;  579;-;   10;-;   10;-;  736;-;  641;-;   91;-;    4;-;   12;-;    2;-;    3;-;    5;-;    4;-;    4;-;  557;-;  516;-;   33;-;    8;-;    5;-;    4;-;    3;-;    3;-;    3;-;    7;-
4607;5027;05;A;  52;100718; 7;s;09;  862;-;  799;-;   19;-;    7;-;  825;-;  737;-;   73;-;   15;-;   15;-;    3;-;    8;-;    8;-;    5;-;    3;-;  786;-;  739;-;   42;-;    5;-;    3;-;    4;-;    3;-;    0;-;    0;-;    3;-
4607;5027;05;A;  52;100718; 7;s;10; 1114;-; 1101;-;   16;-;   18;-; 1086;-;  985;-;   92;-;    9;-;    4;-;    2;-;    7;-;    7;-;    7;-;    8;-; 1075;-; 1017;-;   42;-;   16;-;    4;-;   12;-;    3;-;    3;-;    3;-;    4;-
4607;5027;05;A;  52;100718; 7;s;11; 1500;-; 1588;-;   11;-;   11;-; 1468;-; 1366;-;   81;-;   21;-;   14;-;    2;-;    6;-;    3;-;    2;-;    7;-; 1560;-; 1474;-;   70;-;   16;-;    9;-;    4;-;    2;-;    5;-;    4;-;    8;-
4607;5027;05;A;  52;100718; 7;s;12; 1648;-; 1708;-;   17;-;    8;-; 1605;-; 1492;-;   88;-;   25;-;   16;-;    4;-;    9;-;    4;-;    3;-;   10;-; 1686;-; 1611;-;   59;-;   16;-;    9;-;    0;-;    6;-;    2;-;    1;-;    5;-
4607;5027;05;A;  52;100718; 7;s;13; 1800;-; 1716;-;   17;-;   14;-; 1756;-; 1631;-;   93;-;   32;-;   14;-;    1;-;    5;-;   11;-;    8;-;   13;-; 1691;-; 1615;-;   51;-;   25;-;    7;-;    3;-;    5;-;    6;-;    4;-;    4;-
4607;5027;05;A;  52;100718; 7;s;14; 2113;-; 1666;-;   14;-;    8;-; 2071;-; 1935;-;  109;-;   27;-;   16;-;    2;-;    5;-;    7;-;    7;-;   12;-; 1646;-; 1566;-;   58;-;   22;-;    6;-;    2;-;    2;-;    4;-;    4;-;    6;-
4607;5027;05;A;  52;100718; 7;s;15; 2154;-; 1662;-;   16;-;   11;-; 2106;-; 1983;-;   91;-;   32;-;   18;-;    3;-;    7;-;    6;-;    5;-;   14;-; 1646;-; 1568;-;   60;-;   18;-;    4;-;    1;-;    3;-;    7;-;    3;-;    1;-
4607;5027;05;A;  52;100718; 7;s;16; 2400;-; 1503;-;   14;-;   11;-; 2361;-; 2225;-;  105;-;   31;-;    7;-;    3;-;    2;-;    9;-;    9;-;   18;-; 1486;-; 1427;-;   47;-;   12;-;    3;-;    1;-;    4;-;    6;-;    6;-;    3;-
4607;5027;05;A;  52;100718; 7;s;17; 2443;-; 1448;-;   15;-;   13;-; 2396;-; 2244;-;  128;-;   24;-;   17;-;    3;-;    7;-;    5;-;    4;-;   15;-; 1421;-; 1352;-;   53;-;   16;-;   11;-;    0;-;    3;-;   10;-;    9;-;    3;-
4607;5027;05;A;  52;100718; 7;s;18; 2804;-; 1547;-;   36;-;   24;-; 2738;-; 2570;-;  130;-;   38;-;   11;-;    3;-;   14;-;   19;-;   17;-;   19;-; 1504;-; 1434;-;   53;-;   17;-;   15;-;    3;-;   16;-;    5;-;    4;-;    4;-
4607;5027;05;A;  52;100718; 7;s;19; 2560;-; 1491;-;   23;-;   23;-; 2502;-; 2339;-;  126;-;   37;-;   13;-;    2;-;    9;-;   12;-;   10;-;   22;-; 1457;-; 1382;-;   63;-;   12;-;    9;-;    4;-;    7;-;   12;-;   10;-;    2;-
4607;5027;05;A;  52;100718; 7;s;20; 2291;-; 1558;-;   30;-;   18;-; 2239;-; 2080;-;  138;-;   21;-;    8;-;    8;-;   11;-;   11;-;    9;-;   14;-; 1526;-; 1446;-;   58;-;   22;-;   10;-;    5;-;    8;-;    5;-;    5;-;    4;-
4607;5027;05;A;  52;100718; 7;s;21; 2067;-; 1444;-;   20;-;   17;-; 2030;-; 1898;-;  101;-;   31;-;    7;-;    4;-;    8;-;    8;-;    6;-;   10;-; 1417;-; 1341;-;   65;-;   11;-;    4;-;    8;-;    3;-;    6;-;    5;-;    6;-
4607;5027;05;A;  52;100718; 7;s;22; 1737;-; 1209;-;   23;-;   17;-; 1690;-; 1578;-;   98;-;   14;-;    4;-;    1;-;    5;-;   17;-;   14;-;   20;-; 1185;-; 1134;-;   41;-;   10;-;    4;-;    5;-;    5;-;    7;-;    6;-;    3;-
4607;5027;05;A;  52;100718; 7;s;23; 1177;-; 1092;-;   61;-;   24;-; 1108;-; 1013;-;   90;-;    5;-;    4;-;    2;-;   25;-;   34;-;   31;-;    4;-; 1064;-; 1027;-;   29;-;    8;-;    3;-;    0;-;    1;-;   23;-;   14;-;    1;-
4607;5027;05;A;  52;100718; 7;s;24;  726;-;  902;-;   48;-;   29;-;  664;-;  607;-;   54;-;    3;-;    9;-;    1;-;    9;-;   38;-;   30;-;    5;-;  868;-;  826;-;   39;-;    3;-;    3;-;    3;-;    6;-;   20;-;   16;-;    2;-
4607;5027;05;A;  52;100719; 1;u;01;  359;-;  577;s;   44;-;   28;s;  311;-;  275;-;   34;-;    2;-;    1;-;    3;-;    7;-;   34;-;   26;-;    3;-;  546;s;  511;s;   33;s;    2;s;    1;s;    2;s;    5;s;   21;s;   16;s;    2;s
4607;5027;05;A;  52;100719; 1;u;02;  226;-;  232;s;   43;-;   29;s;  182;-;  160;-;   21;-;    1;-;    1;-;    1;-;   10;-;   32;-;   26;-;    0;-;  203;s;  182;s;   20;s;    1;s;    0;s;    1;s;    6;s;   22;s;   18;s;    0;s
4607;5027;05;A;  52;100719; 1;u;03;  171;-;  144;s;   40;-;   23;s;  130;-;  113;-;   17;-;    0;-;    0;-;    0;-;   10;-;   30;-;   27;-;    1;-;  118;s;  101;s;   16;s;    1;s;    1;s;    0;s;    8;s;   15;s;   12;s;    2;s
4607;5027;05;A;  52;100719; 1;u;04;  538;-;  167;s;   57;-;   41;s;  477;-;  421;-;   53;-;    3;-;    4;-;    1;-;   15;-;   41;-;   31;-;    0;-;  125;s;  102;s;   23;s;    0;s;    0;s;    1;s;   18;s;   22;s;   17;s;    1;s
4607;5027;05;A;  52;100719; 1;u;05;  998;-;  400;s;   96;-;   70;s;  889;-;  822;-;   59;-;    8;-;    1;-;    7;-;   31;-;   58;-;   51;-;   12;-;  326;s;  289;s;   37;s;    0;s;    2;s;    3;s;   29;s;   38;s;   29;s;    2;s
4607;5027;05;A;  52;100719; 1;u;06; 2632;-;  816;s;  173;-;  103;s; 2431;-; 2297;-;  110;-;   24;-;    8;-;    7;-;   67;-;   99;-;   79;-;   20;-;  706;s;  633;s;   65;s;    8;s;    3;s;    5;s;   33;s;   65;s;   51;s;    4;s
4607;5027;05;A;  52;100719; 1;u;07; 4777;-; 1696;s;  220;-;  159;s; 4498;-; 4212;-;  245;-;   41;-;   14;-;    1;-;   79;-;  140;-;  109;-;   45;-; 1525;s; 1402;s;  112;s;   11;s;    3;s;    4;s;   70;s;   85;s;   64;s;    9;s
4607;5027;05;A;  52;100719; 1;u;08; 5890;-; 2795;s;  267;-;  186;s; 5571;-; 5337;-;  204;-;   30;-;   28;-;    3;-;  109;-;  155;-;  111;-;   24;-; 2592;s; 2437;s;  144;s;   11;s;    8;s;    5;s;   78;s;  103;s;   79;s;    9;s
4607;5027;05;A;  52;100719; 1;u;09; 5703;-; 2972;s;  239;-;  222;s; 5431;-; 5267;-;  142;-;   22;-;   21;-;    4;-;   94;-;  141;-;   99;-;   12;-; 2738;s; 2558;s;  174;s;    6;s;    5;s;    8;s;  107;s;  107;s;   80;s;    7;s
4607;5027;05;A;  52;100719; 1;u;10; 4474;-; 2464;s;  269;-;  245;s; 4151;-; 3932;-;  206;-;   13;-;   23;-;    4;-;  105;-;  160;-;  117;-;   31;-; 2198;s; 1986;s;  204;s;    8;s;   10;s;    9;s;   98;s;  138;s;  103;s;   11;s
4607;5027;05;A;  52;100719; 1;u;11; 3309;-; 2303;s;  264;-;  245;s; 3017;-; 2810;-;  198;-;    9;-;   15;-;    5;-;   95;-;  164;-;  130;-;   13;-; 2037;s; 1844;s;  186;s;    7;s;   12;s;    4;s;   96;s;  145;s;  110;s;    9;s
4607;5027;05;A;  52;100719; 1;u;12; 2935;-; 2438;s;  230;-;  262;s; 2666;-; 2444;-;  207;-;   15;-;   23;-;    7;-;   87;-;  136;-;  107;-;   16;-; 2152;s; 1939;s;  200;s;   13;s;   16;s;    3;s;  101;s;  158;s;  125;s;    8;s
4607;5027;05;A;  52;100719; 1;u;13; 2794;-; 2745;s;  243;-;  256;s; 2516;-; 2303;-;  200;-;   13;-;   16;-;    5;-;   89;-;  149;-;  121;-;   19;-; 2468;s; 2268;s;  192;s;    8;s;   11;s;    4;s;  104;s;  148;s;  115;s;   10;s
4607;5027;05;A;  52;100719; 1;u;14; 2769;-; 3215;s;  246;-;  264;s; 2498;-; 2293;-;  182;-;   23;-;    9;-;    3;-;   79;-;  164;-;  127;-;   16;-; 2925;s; 2698;s;  217;s;   10;s;   11;s;    6;s;  108;s;  150;s;  113;s;   15;s
4607;5027;05;A;  52;100719; 1;u;15; 2423;-; 3815;s;  205;-;  247;s; 2184;-; 1986;-;  180;-;   18;-;   15;-;    1;-;   81;-;  123;-;  100;-;   19;-; 3538;s; 3287;s;  233;s;   18;s;   17;s;    3;s;  101;s;  143;s;  112;s;   13;s
4607;5027;05;A;  52;100719; 1;u;16; 2485;-; 4669;s;  194;-;  234;s; 2256;-; 2067;-;  173;-;   16;-;    8;-;    8;-;   79;-;  107;-;   80;-;   27;-; 4404;s; 4119;s;  262;s;   23;s;   19;s;    6;s;   89;s;  139;s;  109;s;   12;s
4607;5027;05;A;  52;100719; 1;u;17; 3007;-; 5729;s;  196;-;  191;s; 2753;-; 2581;-;  148;-;   24;-;   18;-;    7;-;   66;-;  123;-;   92;-;   40;-; 5500;s; 5209;s;  261;s;   30;s;   23;s;    9;s;   61;s;  121;s;   94;s;   15;s
4607;5027;05;A;  52;100719; 1;u;18; 3384;-; 5920;s;  108;-;  131;s; 3225;-; 3058;-;  147;-;   20;-;   18;-;    3;-;   34;-;   71;-;   53;-;   33;-; 5765;s; 5567;s;  174;s;   24;s;   14;s;    5;s;   39;s;   87;s;   62;s;   10;s
4607;5027;05;A;  52;100719; 1;u;19; 3128;-; 4705;s;   94;-;  100;s; 2995;-; 2828;-;  148;-;   19;-;   11;-;    4;-;   24;-;   66;-;   53;-;   28;-; 4586;s; 4412;s;  156;s;   18;s;    6;s;    5;s;   28;s;   67;s;   53;s;   13;s
4607;5027;05;A;  52;100719; 1;u;20; 2313;-; 2922;s;   74;-;   68;s; 2204;-; 2078;-;  112;-;   14;-;    4;-;    2;-;   23;-;   49;-;   33;-;   31;-; 2829;s; 2672;s;  148;s;    9;s;    9;s;    3;s;   16;s;   49;s;   38;s;   16;s
4607;5027;05;A;  52;100719; 1;u;21; 1451;-; 1939;s;   57;-;   66;s; 1366;-; 1273;-;   75;-;   18;-;    1;-;    3;-;   18;-;   36;-;   31;-;   27;-; 1860;s; 1732;s;  114;s;   14;s;    5;s;    6;s;   11;s;   49;s;   33;s;    8;s
4607;5027;05;A;  52;100719; 1;u;22;  584;-; 1461;s;    8;-;   43;s;  166;-;  155;-;   10;-;    1;-;    1;-;    0;-;    7;-;    1;-;    1;-;  409;-; 1410;s; 1331;s;   69;s;   10;s;    4;s;    1;s;    8;s;   34;s;   23;s;    4;s
4607;5027;05;A;  52;100719; 1;u;23;  896;-; 1283;s;   40;-;   38;s;  797;-;  734;-;   62;-;    1;-;    2;-;    1;-;    8;-;   31;-;   22;-;   57;-; 1239;s; 1187;s;   43;s;    9;s;    1;s;    1;s;    7;s;   30;s;   22;s;    5;s
4607;5027;05;A;  52;100719; 1;u;24;  522;-;  995;s;   42;-;   35;s;  470;-;  423;-;   42;-;    5;-;    3;-;    2;-;   11;-;   29;-;   23;-;    7;-;  953;s;  897;s;   53;s;    3;s;    2;s;    3;s;    5;s;   27;s;   19;s;    5;s
4607;5027;05;A;  52;100720; 2;u;01;  291;-;  436;s;   42;-;   39;s;  247;-;  205;-;   41;-;    1;-;    2;-;    1;-;    8;-;   33;-;   22;-;    0;-;  393;s;  367;s;   25;s;    1;s;    1;s;    2;s;    7;s;   30;s;   21;s;    3;s
4607;5027;05;A;  52;100720; 2;u;02;  212;-;  191;s;   49;-;   29;s;  160;-;  143;-;   17;-;    0;-;    0;-;    2;-;    9;-;   38;-;   29;-;    3;-;  160;s;  146;s;   13;s;    1;s;    1;s;    0;s;    4;s;   25;s;   20;s;    1;s
4607;5027;05;A;  52;100720; 2;u;03;  171;-;  142;s;   45;-;   32;s;  123;-;  105;-;   16;-;    2;-;    0;-;    0;-;   11;-;   34;-;   22;-;    3;-;  108;s;   88;s;   20;s;    0;s;    1;s;    0;s;    9;s;   23;s;   17;s;    1;s
4607;5027;05;A;  52;100720; 2;u;04;  537;-;  159;s;   62;-;   46;s;  470;-;  415;-;   51;-;    4;-;    3;-;    0;-;   18;-;   44;-;   28;-;    2;-;  112;s;   87;s;   25;s;    0;s;    1;s;    1;s;   14;s;   31;s;   26;s;    0;s
4607;5027;05;A;  52;100720; 2;u;05;  988;-;  376;s;   97;-;   86;s;  883;-;  811;-;   56;-;   16;-;    1;-;    6;-;   39;-;   52;-;   43;-;    7;-;  286;s;  248;s;   37;s;    1;s;    2;s;    1;s;   37;s;   48;s;   40;s;    2;s
4607;5027;05;A;  52;100720; 2;u;06; 2832;-;  764;s;  191;-;  113;s; 2619;-; 2449;-;  144;-;   26;-;    2;-;    5;-;   68;-;  118;-;   94;-;   20;-;  644;s;  574;s;   63;s;    7;s;    3;s;    1;s;   42;s;   70;s;   52;s;    4;s
4607;5027;05;A;  52;100720; 2;u;07; 4876;-; 1566;s;  253;-;  165;s; 4569;-; 4250;-;  277;-;   42;-;   12;-;    3;-;  101;-;  149;-;  123;-;   42;-; 1387;s; 1268;s;  110;s;    9;s;    7;s;    6;s;   67;s;   92;s;   63;s;    7;s
4607;5027;05;A;  52;100720; 2;u;08; 5873;-; 2600;s;  252;-;  194;s; 5577;-; 5326;-;  212;-;   39;-;   23;-;    7;-;   95;-;  150;-;  116;-;   21;-; 2389;s; 2230;s;  150;s;    9;s;    8;s;    4;s;   88;s;  102;s;   76;s;    9;s
4607;5027;05;A;  52;100720; 2;u;09; 5428;-; 2964;s;  249;-;  253;s; 5136;-; 4907;-;  194;-;   35;-;   20;-;    3;-;  109;-;  137;-;  103;-;   23;-; 2693;s; 2514;s;  167;s;   12;s;    9;s;    9;s;  113;s;  131;s;   98;s;    9;s
4607;5027;05;A;  52;100720; 2;u;10; 3723;-; 2482;s;  239;-;  255;s; 3446;-; 3228;-;  199;-;   19;-;   15;-;    9;-;   69;-;  161;-;  122;-;   23;-; 2206;s; 2007;s;  189;s;   10;s;   12;s;    9;s;  108;s;  138;s;  110;s;    9;s
4607;5027;05;A;  52;100720; 2;u;11; 2834;-; 2385;s;  254;-;  266;s; 2553;-; 2346;-;  199;-;    8;-;   13;-;    6;-;   99;-;  149;-;  113;-;   14;-; 2096;s; 1899;s;  188;s;    9;s;   10;s;    7;s;  102;s;  157;s;  123;s;   13;s
4607;5027;05;A;  52;100720; 2;u;12; 2854;-; 2431;s;  272;-;  269;s; 2539;-; 2328;-;  198;-;   13;-;   15;-;    1;-;  111;-;  160;-;  131;-;   28;-; 2138;s; 1936;s;  194;s;    8;s;   11;s;    4;s;   99;s;  166;s;  132;s;   13;s
4607;5027;05;A;  52;100720; 2;u;13; 2854;-; 2650;s;  260;-;  254;s; 2550;-; 2356;-;  174;-;   20;-;   18;-;    1;-;   92;-;  167;-;  135;-;   26;-; 2372;s; 2194;s;  172;s;    6;s;   14;s;    4;s;  101;s;  149;s;  112;s;   10;s
4607;5027;05;A;  52;100720; 2;u;14; 2821;-; 3158;s;  236;-;  262;s; 2544;-; 2357;-;  170;-;   17;-;   16;-;    1;-;   92;-;  143;-;  115;-;   25;-; 2869;s; 2663;s;  195;s;   11;s;   12;s;    3;s;  104;s;  155;s;  120;s;   15;s
4607;5027;05;A;  52;100720; 2;u;15; 2654;-; 3786;s;  225;-;  268;s; 2393;-; 2192;-;  188;-;   13;-;   18;-;    3;-;   83;-;  139;-;  113;-;   18;-; 3481;s; 3242;s;  221;s;   18;s;   21;s;    8;s;  116;s;  144;s;  113;s;   16;s
4607;5027;05;A;  52;100720; 2;u;16; 2607;-; 4776;s;  190;-;  239;s; 2382;-; 2172;-;  191;-;   19;-;    9;-;    6;-;   72;-;  112;-;   82;-;   26;-; 4494;s; 4223;s;  243;s;   28;s;   26;s;    5;s;   92;s;  142;s;  109;s;   17;s
4607;5027;05;A;  52;100720; 2;u;17; 2838;-; 5701;s;  166;-;  189;s; 2633;-; 2436;-;  180;-;   17;-;   13;-;    8;-;   56;-;  102;-;   81;-;   26;-; 5476;s; 5219;s;  228;s;   29;s;   23;s;    3;s;   64;s;  122;s;   97;s;   13;s
4607;5027;05;A;  52;100720; 2;u;18; 3314;-; 5878;s;  129;-;  149;s; 3153;-; 2988;-;  147;-;   18;-;    8;-;    3;-;   32;-;   94;-;   74;-;   24;-; 5699;s; 5512;s;  160;s;   27;s;   21;s;    6;s;   47;s;   96;s;   76;s;    9;s
4607;5027;05;A;  52;100720; 2;u;19; 3017;-; 4923;s;   85;-;  103;s; 2887;-; 2736;-;  134;-;   17;-;    2;-;    3;-;   21;-;   61;-;   47;-;   43;-; 4798;s; 4636;s;  143;s;   19;s;   14;s;    5;s;   29;s;   69;s;   54;s;    8;s
4607;5027;05;A;  52;100720; 2;u;20; 2131;-; 3250;s;   62;-;   92;s; 2035;-; 1892;-;  136;-;    7;-;    8;-;    3;-;   15;-;   44;-;   38;-;   26;-; 3136;s; 2960;s;  159;s;   17;s;    8;s;    5;s;   20;s;   67;s;   54;s;   14;s
4607;5027;05;A;  52;100720; 2;u;21; 1608;-; 2206;s;   67;-;   76;s; 1523;-; 1401;-;  114;-;    8;-;    6;-;    5;-;   19;-;   43;-;   34;-;   12;-; 2107;s; 1929;s;  166;s;   12;s;    5;s;    6;s;   15;s;   55;s;   38;s;   18;s
4607;5027;05;A;  52;100720; 2;u;22; 1306;-; 1630;s;   40;-;   59;s; 1254;-; 1138;-;  103;-;   13;-;    2;-;    2;-;    5;-;   33;-;   25;-;   10;-; 1562;s; 1437;s;  112;s;   13;s;    2;s;    3;s;    5;s;   51;s;   37;s;    7;s
4607;5027;05;A;  52;100720; 2;u;23;  914;-; 1416;s;   51;-;   44;s;  850;-;  779;-;   64;-;    7;-;    2;-;    2;-;   15;-;   34;-;   20;-;   11;-; 1365;s; 1286;s;   66;s;   13;s;    2;s;    0;s;   11;s;   33;s;   22;s;    5;s
4607;5027;05;A;  52;100720; 2;u;24;  539;-; 1014;s;   42;-;   39;s;  492;-;  449;-;   40;-;    3;-;    1;-;    1;-;    8;-;   33;-;   26;-;    4;-;  969;s;  920;s;   47;s;    2;s;    2;s;    1;s;    5;s;   33;s;   25;s;    4;s
4607;5027;05;A;  52;100721; 3;u;01;  286;-;  485;s;   42;-;   33;s;  242;-;  205;-;   37;-;    0;-;    0;-;    1;-;   11;-;   30;-;   19;-;    2;-;  447;s;  413;s;   30;s;    4;s;    2;s;    1;s;    5;s;   27;s;   19;s;    3;s
4607;5027;05;A;  52;100721; 3;u;02;  189;-;  227;s;   37;-;   28;s;  147;-;  126;-;   21;-;    0;-;    1;-;    0;-;   11;-;   26;-;   20;-;    4;-;  195;s;  166;s;   29;s;    0;s;    2;s;    0;s;    5;s;   23;s;   18;s;    2;s
4607;5027;05;A;  52;100721; 3;u;03;  176;-;  165;s;   54;-;   30;s;  119;-;   98;-;   21;-;    0;-;    0;-;    0;-;   12;-;   42;-;   29;-;    3;-;  134;s;  113;s;   20;s;    1;s;    1;s;    0;s;    7;s;   23;s;   17;s;    0;s
4607;5027;05;A;  52;100721; 3;u;04;  483;-;  159;s;   55;-;   47;s;  424;-;  381;-;   42;-;    1;-;    0;-;    1;-;   16;-;   38;-;   24;-;    4;-;  112;s;   87;s;   25;s;    0;s;    0;s;    0;s;   12;s;   35;s;   22;s;    0;s
4607;5027;05;A;  52;100721; 3;u;05;  996;-;  360;s;  105;-;   75;s;  883;-;  806;-;   64;-;   13;-;    0;-;    3;-;   38;-;   64;-;   44;-;    8;-;  282;s;  255;s;   27;s;    0;s;    1;s;    0;s;   28;s;   47;s;   35;s;    2;s
4607;5027;05;A;  52;100721; 3;u;06; 2612;-;  741;s;  190;-;  120;s; 2395;-; 2243;-;  128;-;   24;-;    1;-;    6;-;   54;-;  130;-;   93;-;   26;-;  615;s;  546;s;   62;s;    7;s;    2;s;    3;s;   38;s;   79;s;   59;s;    4;s
4607;5027;05;A;  52;100721; 3;u;07; 4852;-; 1566;s;  248;-;  161;s; 4556;-; 4226;-;  290;-;   40;-;   11;-;    4;-;  102;-;  142;-;   99;-;   37;-; 1395;s; 1279;s;  106;s;   10;s;    6;s;    5;s;   72;s;   84;s;   60;s;    4;s
4607;5027;05;A;  52;100721; 3;u;08; 5856;-; 2592;s;  244;-;  181;s; 5563;-; 5285;-;  245;-;   33;-;   13;-;    6;-;  102;-;  136;-;   98;-;   36;-; 2394;s; 2242;s;  143;s;    9;s;    7;s;    5;s;   77;s;   99;s;   69;s;   10;s
4607;5027;05;A;  52;100721; 3;u;09; 5188;-; 2895;s;  241;-;  246;s; 4900;-; 4692;-;  184;-;   24;-;   18;-;    8;-;  101;-;  132;-;  102;-;   29;-; 2630;s; 2466;s;  159;s;    5;s;    8;s;    7;s;  114;s;  125;s;   93;s;   11;s
4607;5027;05;A;  52;100721; 3;u;10; 3604;-; 2443;s;  232;-;  255;s; 3336;-; 3140;-;  178;-;   18;-;   17;-;    6;-;   81;-;  145;-;  107;-;   19;-; 2170;s; 1963;s;  198;s;    9;s;    8;s;    8;s;  106;s;  141;s;  105;s;   10;s
4607;5027;05;A;  52;100721; 3;u;11; 2542;-; 2307;s;  195;-;  273;s; 2310;-; 2108;-;  195;-;    7;-;   21;-;    2;-;   75;-;  118;-;   88;-;   16;-; 2012;s; 1807;s;  200;s;    5;s;   13;s;    7;s;   97;s;  169;s;  138;s;    9;s
4607;5027;05;A;  52;100721; 3;u;12; 2295;-; 2462;s;  173;-;  272;s; 2096;-; 1900;-;  188;-;    8;-;   10;-;    0;-;   68;-;  105;-;   85;-;   16;-; 2165;s; 1957;s;  196;s;   12;s;   16;s;    4;s;  106;s;  162;s;  135;s;    9;s
4607;5027;05;A;  52;100721; 3;u;13; 2883;-; 2740;s;  201;-;  252;s; 2646;-; 2429;-;  205;-;   12;-;   12;-;    1;-;   66;-;  134;-;  105;-;   24;-; 2455;s; 2239;s;  205;s;   11;s;   19;s;    2;s;   93;s;  157;s;  117;s;   14;s
4607;5027;05;A;  52;100721; 3;u;14; 2873;-; 3266;s;  225;-;  263;s; 2610;-; 2391;-;  207;-;   12;-;   17;-;    3;-;   86;-;  136;-;  107;-;   21;-; 2974;s; 2736;s;  226;s;   12;s;   16;s;    3;s;  107;s;  153;s;  117;s;   13;s
4607;5027;05;A;  52;100721; 3;u;15; 2618;-; 3959;s;  215;-;  255;s; 2371;-; 2153;-;  206;-;   12;-;   14;-;    4;-;   81;-;  130;-;  103;-;   18;-; 3676;s; 3425;s;  225;s;   26;s;   18;s;    6;s;  104;s;  145;s;  110;s;   10;s
4607;5027;05;A;  52;100721; 3;u;16; 2871;-; 4803;s;  185;-;  239;s; 2641;-; 2417;-;  207;-;   17;-;    9;-;    3;-;   58;-;  124;-;  103;-;   36;-; 4528;s; 4244;s;  256;s;   28;s;   22;s;    4;s;   95;s;  140;s;  107;s;   14;s
4607;5027;05;A;  52;100721; 3;u;17; 3204;-; 5696;s;  159;-;  193;s; 2997;-; 2796;-;  191;-;   10;-;   14;-;   10;-;   52;-;   97;-;   76;-;   34;-; 5462;s; 5197;s;  229;s;   36;s;   28;s;    8;s;   63;s;  122;s;   93;s;   13;s
4607;5027;05;A;  52;100721; 3;u;18; 3828;-; 6044;s;  135;-;  144;s; 3663;-; 3509;-;  141;-;   13;-;    7;-;    7;-;   31;-;   97;-;   69;-;   23;-; 5868;s; 5700;s;  138;s;   30;s;   21;s;    7;s;   43;s;   94;s;   66;s;   11;s
4607;5027;05;A;  52;100721; 3;u;19; 3446;-; 5129;s;   91;-;  114;s; 3301;-; 3147;-;  146;-;    8;-;   10;-;    6;-;   25;-;   60;-;   42;-;   44;-; 4993;s; 4845;s;  126;s;   22;s;   13;s;    5;s;   24;s;   85;s;   68;s;    9;s
4607;5027;05;A;  52;100721; 3;u;20; 2190;-; 3297;s;   89;-;   82;s; 2069;-; 1926;-;  131;-;   12;-;    6;-;    5;-;   21;-;   63;-;   48;-;   26;-; 3185;s; 3021;s;  146;s;   18;s;   11;s;    2;s;   21;s;   59;s;   46;s;   19;s
4607;5027;05;A;  52;100721; 3;u;21; 1485;-; 2216;s;   65;-;   67;s; 1409;-; 1322;-;   78;-;    9;-;    3;-;    4;-;   15;-;   46;-;   37;-;    8;-; 2126;s; 1952;s;  164;s;   10;s;    7;s;    7;s;   11;s;   49;s;   35;s;   16;s
4607;5027;05;A;  52;100721; 3;u;22; 1272;-; 1631;s;   41;-;   52;s; 1217;-; 1133;-;   82;-;    2;-;    4;-;    4;-;    7;-;   30;-;   23;-;   10;-; 1566;s; 1430;s;  121;s;   15;s;    4;s;    2;s;    9;s;   41;s;   29;s;    9;s
4607;5027;05;A;  52;100721; 3;u;23;  864;-; 1513;s;   48;-;   41;s;  804;-;  753;-;   47;-;    4;-;    4;-;    4;-;   13;-;   31;-;   26;-;    8;-; 1463;s; 1364;s;   85;s;   14;s;    3;s;    1;s;    8;s;   32;s;   23;s;    6;s
4607;5027;05;A;  52;100721; 3;u;24;  506;-; 1114;s;   38;-;   37;s;  464;-;  424;-;   39;-;    1;-;    1;-;    1;-;    8;-;   29;-;   24;-;    3;-; 1070;s; 1000;s;   65;s;    5;s;    2;s;    1;s;    7;s;   29;s;   20;s;    5;s
4607;5027;05;A;  52;100722; 4;u;01;  305;-;  507;s;   34;-;   37;s;  271;-;  236;-;   34;-;    1;-;    0;-;    2;-;    5;-;   27;-;   19;-;    0;-;  466;s;  426;s;   37;s;    3;s;    2;s;    3;s;    6;s;   28;s;   19;s;    2;s
4607;5027;05;A;  52;100722; 4;u;02;  180;-;  243;s;   35;-;   29;s;  144;-;  124;-;   19;-;    1;-;    0;-;    0;-;    8;-;   27;-;   22;-;    1;-;  213;s;  189;s;   23;s;    1;s;    0;s;    0;s;    6;s;   23;s;   18;s;    1;s
4607;5027;05;A;  52;100722; 4;u;03;  207;-;  162;s;   54;-;   32;s;  151;-;  125;-;   25;-;    1;-;    0;-;    0;-;   16;-;   38;-;   25;-;    2;-;  129;s;  110;s;   19;s;    0;s;    0;s;    0;s;    7;s;   25;s;   19;s;    1;s
4607;5027;05;A;  52;100722; 4;u;04;  497;-;  174;s;   53;-;   43;s;  439;-;  388;-;   47;-;    4;-;    5;-;    1;-;   13;-;   39;-;   22;-;    0;-;  131;s;  105;s;   26;s;    0;s;    0;s;    0;s;   13;s;   30;s;   22;s;    0;s
4607;5027;05;A;  52;100722; 4;u;05;  976;-;  350;s;  106;-;   77;s;  859;-;  806;-;   45;-;    8;-;    4;-;    5;-;   32;-;   69;-;   50;-;    7;-;  270;s;  233;s;   37;s;    0;s;    3;s;    2;s;   37;s;   38;s;   26;s;    0;s
4607;5027;05;A;  52;100722; 4;u;06; 2583;-;  740;s;  188;-;  109;s; 2378;-; 2223;-;  137;-;   18;-;    3;-;    8;-;   68;-;  112;-;   82;-;   14;-;  625;s;  549;s;   70;s;    6;s;    4;s;    1;s;   40;s;   68;s;   49;s;    2;s
4607;5027;05;A;  52;100722; 4;u;07; 4917;-; 1603;s;  282;-;  157;s; 4575;-; 4245;-;  305;-;   25;-;   18;-;    2;-;  114;-;  166;-;  129;-;   42;-; 1430;s; 1305;s;  115;s;   10;s;    9;s;    4;s;   65;s;   88;s;   62;s;    7;s
4607;5027;05;A;  52;100722; 4;u;08; 5836;-; 2733;s;  229;-;  203;s; 5547;-; 5274;-;  255;-;   18;-;   29;-;    5;-;   99;-;  125;-;   92;-;   31;-; 2510;s; 2328;s;  169;s;   13;s;    7;s;    5;s;   91;s;  107;s;   76;s;   13;s
4607;5027;05;A;  52;100722; 4;u;09; 5183;-; 2962;s;  237;-;  245;s; 4903;-; 4668;-;  208;-;   27;-;   11;-;    8;-;  102;-;  127;-;  100;-;   32;-; 2694;s; 2516;s;  168;s;   10;s;   10;s;   12;s;  108;s;  125;s;   94;s;   13;s
4607;5027;05;A;  52;100722; 4;u;10; 3753;-; 2591;s;  256;-;  252;s; 3450;-; 3226;-;  209;-;   15;-;   14;-;    6;-;   94;-;  156;-;  123;-;   33;-; 2319;s; 2096;s;  215;s;    8;s;   12;s;    9;s;   99;s;  144;s;  106;s;    8;s
4607;5027;05;A;  52;100722; 4;u;11; 3016;-; 2407;s;  252;-;  258;s; 2731;-; 2526;-;  193;-;   12;-;   13;-;    3;-;   98;-;  151;-;  120;-;   20;-; 2120;s; 1901;s;  208;s;   11;s;   20;s;    6;s;  104;s;  148;s;  122;s;    9;s
4607;5027;05;A;  52;100722; 4;u;12; 2666;-; 2488;s;  251;-;  254;s; 2375;-; 2170;-;  199;-;    6;-;   15;-;    2;-;   92;-;  157;-;  126;-;   25;-; 2203;s; 1985;s;  210;s;    8;s;   16;s;    4;s;   99;s;  151;s;  117;s;   15;s
4607;5027;05;A;  52;100722; 4;u;13; 2827;-; 2841;s;  200;-;  247;s; 2585;-; 2377;-;  198;-;   10;-;   14;-;    3;-;   71;-;  126;-;  106;-;   28;-; 2566;s; 2351;s;  202;s;   13;s;   14;s;    2;s;   93;s;  152;s;  115;s;   14;s
4607;5027;05;A;  52;100722; 4;u;14; 2757;-; 3272;s;  195;-;  253;s; 2532;-; 2344;-;  172;-;   16;-;   15;-;    6;-;   65;-;  124;-;   93;-;   15;-; 2990;s; 2748;s;  229;s;   13;s;   16;s;    4;s;   99;s;  150;s;  113;s;   13;s
4607;5027;05;A;  52;100722; 4;u;15; 2558;-; 3866;s;  198;-;  264;s; 2330;-; 2128;-;  194;-;    8;-;   12;-;    7;-;   85;-;  106;-;   86;-;   18;-; 3569;s; 3315;s;  234;s;   20;s;   17;s;    7;s;  106;s;  151;s;  119;s;   16;s
4607;5027;05;A;  52;100722; 4;u;16; 2910;-; 4846;s;  214;-;  241;s; 2670;-; 2464;-;  196;-;   10;-;   12;-;   10;-;   76;-;  128;-;   96;-;   14;-; 4569;s; 4269;s;  266;s;   34;s;   21;s;    4;s;   95;s;  142;s;  108;s;   15;s
4607;5027;05;A;  52;100722; 4;u;17; 3145;-; 5659;s;  170;-;  187;s; 2942;-; 2739;-;  191;-;   12;-;   13;-;    5;-;   70;-;   95;-;   70;-;   20;-; 5437;s; 5127;s;  273;s;   37;s;   18;s;    6;s;   68;s;  113;s;   85;s;   17;s
4607;5027;05;A;  52;100722; 4;u;18; 3433;-; 5818;s;  135;-;  139;s; 3271;-; 3128;-;  132;-;   11;-;    4;-;    3;-;   34;-;   98;-;   79;-;   23;-; 5643;s; 5449;s;  161;s;   33;s;   17;s;    6;s;   38;s;   95;s;   73;s;   19;s
4607;5027;05;A;  52;100722; 4;u;19; 3179;-; 5061;s;  105;-;  110;s; 3038;-; 2871;-;  158;-;    9;-;   11;-;    5;-;   23;-;   77;-;   64;-;   25;-; 4917;s; 4714;s;  174;s;   29;s;   17;s;    4;s;   33;s;   73;s;   53;s;   17;s
4607;5027;05;A;  52;100722; 4;u;20; 2388;-; 3333;s;   88;-;   82;s; 2276;-; 2132;-;  133;-;   11;-;    6;-;    4;-;   26;-;   58;-;   48;-;   18;-; 3220;s; 3010;s;  187;s;   23;s;   10;s;    2;s;   23;s;   57;s;   42;s;   21;s
4607;5027;05;A;  52;100722; 4;u;21; 1745;-; 2374;s;   69;-;   60;s; 1653;-; 1533;-;  109;-;   11;-;   10;-;    4;-;   17;-;   48;-;   40;-;   13;-; 2293;s; 2116;s;  158;s;   19;s;    7;s;    5;s;    9;s;   46;s;   31;s;   14;s
4607;5027;05;A;  52;100722; 4;u;22; 1261;-; 1818;s;   51;-;   50;s; 1196;-; 1090;-;   97;-;    9;-;    4;-;    2;-;   10;-;   39;-;   27;-;   10;-; 1754;s; 1617;s;  117;s;   20;s;    5;s;    2;s;    8;s;   40;s;   28;s;    9;s
4607;5027;05;A;  52;100722; 4;u;23;  993;-; 1540;s;   56;-;   40;s;  925;-;  851;-;   70;-;    4;-;    7;-;    2;-;   12;-;   42;-;   34;-;    5;-; 1491;s; 1404;s;   71;s;   16;s;    3;s;    2;s;    8;s;   30;s;   21;s;    6;s
4607;5027;05;A;  52;100722; 4;u;24;  647;-; 1193;s;   40;-;   35;s;  600;-;  545;-;   53;-;    2;-;    5;-;    2;-;   11;-;   27;-;   20;-;    2;-; 1152;s; 1081;s;   65;s;    6;s;    1;s;    2;s;    7;s;   26;s;   20;s;    5;s
4607;5027;05;A;  52;100723; 5;u;01;  322;-;  535;s;   43;-;   34;s;  277;-;  247;-;   29;-;    1;-;    1;-;    3;-;    8;-;   32;-;   28;-;    1;-;  496;s;  453;s;   39;s;    4;s;    2;s;    2;s;    4;s;   28;s;   20;s;    3;s
4607;5027;05;A;  52;100723; 5;u;02;  207;-;  278;s;   44;-;   31;s;  162;-;  137;-;   25;-;    0;-;    0;-;    0;-;   12;-;   32;-;   25;-;    1;-;  244;s;  210;s;   31;s;    3;s;    1;s;    0;s;    6;s;   25;s;   17;s;    2;s
4607;5027;05;A;  52;100723; 5;u;03;  179;-;  158;s;   43;-;   30;s;  136;-;  115;-;   21;-;    0;-;    0;-;    1;-;    9;-;   33;-;   20;-;    0;-;  126;s;  110;s;   16;s;    0;s;    1;s;    0;s;    8;s;   22;s;   16;s;    1;s
4607;5027;05;A;  52;100723; 5;u;04;  477;-;  193;s;   64;-;   51;s;  410;-;  369;-;   40;-;    1;-;    1;-;    0;-;   17;-;   47;-;   30;-;    2;-;  139;s;  115;s;   24;s;    0;s;    2;s;    1;s;   19;s;   31;s;   24;s;    1;s
4607;5027;05;A;  52;100723; 5;u;05;  958;-;  434;s;   88;-;   88;s;  861;-;  807;-;   47;-;    7;-;    3;-;    4;-;   34;-;   50;-;   40;-;    6;-;  344;s;  299;s;   42;s;    3;s;    2;s;    3;s;   31;s;   54;s;   37;s;    0;s
4607;5027;05;A;  52;100723; 5;u;06; 2460;-;  789;s;  205;-;  123;s; 2231;-; 2081;-;  131;-;   19;-;    4;-;    5;-;   72;-;  128;-;  107;-;   20;-;  658;s;  582;s;   68;s;    8;s;    4;s;    4;s;   38;s;   81;s;   53;s;    4;s
4607;5027;05;A;  52;100723; 5;u;07; 4509;-; 1500;s;  281;-;  177;s; 4193;-; 3890;-;  267;-;   36;-;   14;-;    2;-;  119;-;  160;-;  127;-;   21;-; 1306;s; 1184;s;  109;s;   13;s;   10;s;    5;s;   72;s;  100;s;   68;s;    7;s
4607;5027;05;A;  52;100723; 5;u;08; 5441;-; 2432;s;  252;-;  212;s; 5138;-; 4868;-;  239;-;   31;-;   31;-;    3;-;  108;-;  141;-;  113;-;   20;-; 2202;s; 2041;s;  148;s;   13;s;    9;s;    6;s;   89;s;  117;s;   88;s;    9;s
4607;5027;05;A;  52;100723; 5;u;09; 4782;-; 2723;s;  262;-;  261;s; 4480;-; 4269;-;  195;-;   16;-;   17;-;    6;-;   98;-;  158;-;  129;-;   23;-; 2439;s; 2256;s;  171;s;   12;s;   14;s;   11;s;  119;s;  131;s;  104;s;    9;s
4607;5027;05;A;  52;100723; 5;u;10; 3347;-; 2342;s;  246;-;  284;s; 3060;-; 2855;-;  188;-;   17;-;   14;-;    2;-;   90;-;  154;-;  113;-;   27;-; 2030;s; 1842;s;  179;s;    9;s;   17;s;    8;s;  116;s;  160;s;  117;s;   11;s
4607;5027;05;A;  52;100723; 5;u;11; 2731;-; 2377;s;  237;-;  288;s; 2458;-; 2261;-;  181;-;   16;-;   21;-;    5;-;   83;-;  149;-;  127;-;   15;-; 2064;s; 1847;s;  209;s;    8;s;   15;s;    7;s;  117;s;  164;s;  130;s;   10;s
4607;5027;05;A;  52;100723; 5;u;12; 2735;-; 2517;s;  261;-;  275;s; 2446;-; 2231;-;  202;-;   13;-;   14;-;    1;-;   74;-;  186;-;  152;-;   14;-; 2217;s; 1987;s;  217;s;   13;s;   14;s;    6;s;   97;s;  172;s;  135;s;   11;s
4607;5027;05;A;  52;100723; 5;u;13; 2985;-; 3364;s;  258;-;  259;s; 2694;-; 2462;-;  211;-;   21;-;   13;-;    2;-;   88;-;  168;-;  122;-;   20;-; 3075;s; 2843;s;  215;s;   17;s;   16;s;    4;s;  101;s;  154;s;  122;s;   14;s
4607;5027;05;A;  52;100723; 5;u;14; 3009;-; 4174;s;  209;-;  283;s; 2759;-; 2550;-;  195;-;   14;-;   23;-;    4;-;   74;-;  131;-;  102;-;   18;-; 3854;s; 3595;s;  237;s;   22;s;   21;s;    8;s;  111;s;  164;s;  126;s;   16;s
4607;5027;05;A;  52;100723; 5;u;15; 3068;-; 4826;s;  202;-;  250;s; 2818;-; 2583;-;  212;-;   23;-;   21;-;    2;-;   62;-;  138;-;  114;-;   27;-; 4537;s; 4284;s;  220;s;   33;s;   23;s;    4;s;   94;s;  152;s;  110;s;   16;s
4607;5027;05;A;  52;100723; 5;u;16; 3183;-; 5083;s;  187;-;  236;s; 2962;-; 2776;-;  172;-;   14;-;   14;-;    5;-;   61;-;  121;-;   95;-;   20;-; 4804;s; 4567;s;  200;s;   37;s;   24;s;    8;s;   79;s;  149;s;  111;s;   19;s
4607;5027;05;A;  52;100723; 5;u;17; 3258;-; 4879;s;  144;-;  156;s; 3074;-; 2903;-;  147;-;   24;-;   17;-;    6;-;   62;-;   76;-;   63;-;   23;-; 4685;s; 4462;s;  193;s;   30;s;   20;s;    6;s;   48;s;  102;s;   78;s;   18;s
4607;5027;05;A;  52;100723; 5;u;18; 3305;-; 4581;s;  141;-;  131;s; 3118;-; 2970;-;  130;-;   18;-;   10;-;    9;-;   41;-;   91;-;   66;-;   36;-; 4419;s; 4207;s;  188;s;   24;s;   16;s;   10;s;   36;s;   85;s;   66;s;   15;s
4607;5027;05;A;  52;100723; 5;u;19; 3270;-; 3960;s;   80;-;  100;s; 3160;-; 3026;-;  124;-;   10;-;    9;-;    5;-;   19;-;   56;-;   45;-;   21;-; 3826;s; 3634;s;  169;s;   23;s;   13;s;    6;s;   26;s;   68;s;   55;s;   21;s
4607;5027;05;A;  52;100723; 5;u;20; 2853;-; 3019;s;   68;-;   80;s; 2759;-; 2612;-;  129;-;   18;-;    8;-;    6;-;   17;-;   45;-;   34;-;   18;-; 2913;s; 2734;s;  156;s;   23;s;    6;s;    7;s;   18;s;   55;s;   43;s;   20;s
4607;5027;05;A;  52;100723; 5;u;21; 2179;-; 2342;s;   45;-;   67;s; 2110;-; 1981;-;  116;-;   13;-;    8;-;    2;-;    9;-;   34;-;   23;-;   16;-; 2255;s; 2090;s;  149;s;   16;s;   10;s;    5;s;   13;s;   49;s;   33;s;   10;s
4607;5027;05;A;  52;100723; 5;u;22; 1729;-; 1832;s;   45;-;   48;s; 1669;-; 1548;-;  114;-;    7;-;    6;-;    4;-;   11;-;   30;-;   22;-;    9;-; 1767;s; 1639;s;  108;s;   20;s;    8;s;    3;s;    9;s;   36;s;   24;s;    9;s
4607;5027;05;A;  52;100723; 5;u;23; 1246;-; 1509;s;   38;-;   42;s; 1195;-; 1113;-;   75;-;    7;-;    3;-;    3;-;   11;-;   24;-;   20;-;   10;-; 1455;s; 1374;s;   67;s;   14;s;    5;s;    2;s;   11;s;   29;s;   22;s;    7;s
4607;5027;05;A;  52;100723; 5;u;24;  747;-; 1318;s;   29;-;   33;s;  709;-;  666;-;   41;-;    2;-;    2;-;    5;-;    7;-;   17;-;   14;-;    7;-; 1277;s; 1221;s;   51;s;    5;s;    2;s;    3;s;    6;s;   24;s;   20;s;    6;s
4607;5027;05;A;  52;100724; 6;u;01;  494;-; 1462;s;   26;-;   41;s;  460;-;  417;-;   41;-;    2;-;    2;-;    2;-;    6;-;   18;-;   14;-;    6;-; 1411;s; 1332;s;   72;s;    7;s;    3;s;    3;s;    5;s;   33;s;   24;s;    7;s
4607;5027;05;A;  52;100724; 6;u;02;  334;-;  824;s;   34;-;   30;s;  295;-;  262;-;   32;-;    1;-;    3;-;    1;-;    7;-;   26;-;   17;-;    2;-;  790;s;  741;s;   44;s;    5;s;    1;s;    2;s;    8;s;   20;s;   13;s;    3;s
4607;5027;05;A;  52;100724; 6;u;03;  299;-;  514;s;   30;-;   30;s;  267;-;  242;-;   23;-;    2;-;    1;-;    0;-;   11;-;   19;-;   10;-;    1;-;  478;s;  436;s;   41;s;    1;s;    2;s;    3;s;   10;s;   17;s;   15;s;    4;s
4607;5027;05;A;  52;100724; 6;u;04;  536;-;  376;s;   40;-;   43;s;  493;-;  454;-;   37;-;    2;-;    0;-;    2;-;   13;-;   25;-;   17;-;    3;-;  328;s;  287;s;   40;s;    1;s;    5;s;    1;s;   20;s;   22;s;   15;s;    0;s
4607;5027;05;A;  52;100724; 6;u;05;  694;-;  505;s;   41;-;   64;s;  646;-;  586;-;   55;-;    5;-;    3;-;    1;-;   19;-;   21;-;   16;-;    4;-;  434;s;  388;s;   46;s;    0;s;    5;s;    1;s;   35;s;   28;s;   19;s;    2;s
4607;5027;05;A;  52;100724; 6;u;06; 1053;-;  549;s;   71;-;   65;s;  971;-;  901;-;   68;-;    2;-;    7;-;    3;-;   30;-;   38;-;   30;-;    4;-;  476;s;  423;s;   49;s;    4;s;    6;s;    1;s;   31;s;   33;s;   24;s;    2;s
4607;5027;05;A;  52;100724; 6;u;07;  985;-;  832;s;   84;-;   58;s;  877;-;  751;-;  119;-;    7;-;   15;-;    8;-;   38;-;   38;-;   36;-;    9;-;  762;s;  685;s;   70;s;    7;s;    8;s;    4;s;   20;s;   34;s;   23;s;    4;s
4607;5027;05;A;  52;100724; 6;u;08; 1186;-; 1006;s;   60;-;   71;s; 1113;-;  984;-;  124;-;    5;-;    9;-;    8;-;   26;-;   26;-;   21;-;    4;-;  918;s;  817;s;   97;s;    4;s;   10;s;    8;s;   28;s;   35;s;   30;s;    7;s
4607;5027;05;A;  52;100724; 6;u;09; 1685;-; 1134;s;   64;-;   66;s; 1600;-; 1453;-;  139;-;    8;-;    8;-;    7;-;   34;-;   23;-;   18;-;   13;-; 1055;s;  968;s;   82;s;    5;s;    8;s;    5;s;   31;s;   30;s;   25;s;    5;s
4607;5027;05;A;  52;100724; 6;u;10; 2318;-; 1371;s;   75;-;   72;s; 2193;-; 2063;-;  123;-;    7;-;   24;-;    6;-;   43;-;   26;-;   23;-;   26;-; 1284;s; 1183;s;   93;s;    8;s;    9;s;    6;s;   32;s;   34;s;   30;s;    6;s
4607;5027;05;A;  52;100724; 6;u;11; 2541;-; 1575;s;   40;-;   64;s; 2468;-; 2311;-;  146;-;   11;-;   17;-;    2;-;   26;-;   12;-;   10;-;   16;-; 1496;s; 1392;s;   90;s;   14;s;   10;s;    5;s;   27;s;   32;s;   25;s;    5;s
4607;5027;05;A;  52;100724; 6;u;12; 2626;-; 1636;s;   55;-;   55;s; 2539;-; 2395;-;  125;-;   19;-;   13;-;    7;-;   28;-;   20;-;   17;-;   19;-; 1558;s; 1460;s;   85;s;   13;s;   12;s;    2;s;   25;s;   28;s;   23;s;   11;s
4607;5027;05;A;  52;100724; 6;u;13; 2801;-; 1656;s;   39;-;   51;s; 2736;-; 2595;-;  118;-;   23;-;   11;-;    2;-;   16;-;   21;-;   20;-;   15;-; 1586;s; 1494;s;   84;s;    8;s;   11;s;    6;s;   22;s;   23;s;   19;s;    8;s
4607;5027;05;A;  52;100724; 6;u;14; 2890;-; 1601;s;   34;-;   41;s; 2811;-; 2660;-;  131;-;   20;-;   21;-;    4;-;   18;-;   12;-;   11;-;   24;-; 1545;s; 1458;s;   78;s;    9;s;    8;s;    4;s;   17;s;   20;s;   18;s;    7;s
4607;5027;05;A;  52;100724; 6;u;15; 2684;-; 1607;s;   46;-;   49;s; 2609;-; 2462;-;  129;-;   18;-;   12;-;    4;-;   18;-;   24;-;   21;-;   17;-; 1539;s; 1461;s;   68;s;   10;s;   12;s;    6;s;   22;s;   21;s;   16;s;    7;s
4607;5027;05;A;  52;100724; 6;u;16; 2541;-; 1663;s;   24;-;   34;s; 2486;-; 2345;-;  118;-;   23;-;   17;-;    1;-;   16;-;    7;-;    5;-;   14;-; 1612;s; 1521;s;   82;s;    9;s;    7;s;    2;s;   16;s;   16;s;   14;s;   10;s
4607;5027;05;A;  52;100724; 6;u;17; 2264;-; 1675;s;   32;-;   35;s; 2208;-; 2068;-;  116;-;   24;-;   10;-;    4;-;   14;-;   14;-;   12;-;   14;-; 1626;s; 1529;s;   88;s;    9;s;    5;s;    5;s;   19;s;   11;s;    7;s;    9;s
4607;5027;05;A;  52;100724; 6;u;18; 2344;-; 1597;s;   24;-;   33;s; 2297;-; 2145;-;  127;-;   25;-;   10;-;    6;-;   15;-;    3;-;    2;-;   13;-; 1550;s; 1464;s;   78;s;    8;s;    7;s;    9;s;   13;s;   11;s;   11;s;    7;s
4607;5027;05;A;  52;100724; 6;u;19; 2480;-; 1673;s;   27;-;   33;s; 2426;-; 2282;-;  115;-;   29;-;   11;-;   14;-;    7;-;    6;-;    6;-;   16;-; 1627;s; 1541;s;   77;s;    9;s;    7;s;   10;s;   10;s;   13;s;   12;s;    6;s
4607;5027;05;A;  52;100724; 6;u;20; 2241;-; 1659;s;   23;-;   23;s; 2200;-; 2080;-;  104;-;   16;-;    6;-;    9;-;    9;-;    5;-;    4;-;   12;-; 1622;s; 1527;s;   87;s;    8;s;    5;s;    6;s;    9;s;    8;s;    7;s;    9;s
4607;5027;05;A;  52;100724; 6;u;21; 1902;-; 1546;s;   19;-;   21;s; 1868;-; 1750;-;   98;-;   20;-;    3;-;    7;-;    5;-;    7;-;    6;-;   12;-; 1515;s; 1406;s;  100;s;    9;s;    2;s;    7;s;    9;s;    5;s;    3;s;    8;s
4607;5027;05;A;  52;100724; 6;u;22; 1643;-; 1364;s;   14;-;   12;s; 1617;-; 1500;-;   99;-;   18;-;    5;-;    8;-;    4;-;    2;-;    1;-;    7;-; 1343;s; 1261;s;   69;s;   13;s;    2;s;    1;s;    4;s;    7;s;    7;s;    7;s
4607;5027;05;A;  52;100724; 6;u;23; 1405;-; 1372;s;   15;-;   21;s; 1379;-; 1316;-;   58;-;    5;-;    1;-;    4;-;    6;-;    5;-;    3;-;   10;-; 1342;s; 1288;s;   44;s;   10;s;    2;s;    9;s;   10;s;    2;s;    1;s;    7;s
4607;5027;05;A;  52;100724; 6;u;24; 1157;-; 1543;s;   21;-;   16;s; 1129;-; 1056;-;   70;-;    3;-;    1;-;   12;-;    5;-;    4;-;    4;-;    6;-; 1521;s; 1464;s;   52;s;    5;s;    2;s;    8;s;    7;s;    1;s;    1;s;    4;s
4607;5027;05;A;  52;100725; 7;s;01;  838;-; 1319;s;    9;-;    9;s;  827;-;  774;-;   50;-;    3;-;    0;-;    3;-;    5;-;    1;-;    1;-;    2;-; 1305;s; 1249;s;   53;s;    3;s;    1;s;    3;s;    4;s;    2;s;    1;s;    4;s
4607;5027;05;A;  52;100725; 7;s;02;  570;-;  752;s;   14;-;    9;s;  551;-;  506;-;   43;-;    2;-;    1;-;    7;-;    5;-;    2;-;    0;-;    4;-;  739;s;  698;s;   40;s;    1;s;    0;s;    4;s;    4;s;    1;s;    1;s;    4;s
4607;5027;05;A;  52;100725; 7;s;03;  490;-;  498;s;   14;-;    7;s;  469;-;  417;-;   52;-;    0;-;    6;-;    6;-;    7;-;    1;-;    1;-;    1;-;  489;s;  463;s;   25;s;    1;s;    1;s;    2;s;    3;s;    2;s;    2;s;    1;s
4607;5027;05;A;  52;100725; 7;s;04;  671;-;  384;s;    9;-;    8;s;  661;-;  597;-;   64;-;    0;-;    0;-;    0;-;    5;-;    4;-;    3;-;    1;-;  376;s;  349;s;   27;s;    0;s;    0;s;    2;s;    2;s;    4;s;    4;s;    0;s
4607;5027;05;A;  52;100725; 7;s;05;  675;-;  536;s;    1;-;    6;s;  671;-;  615;-;   49;-;    7;-;    0;-;    1;-;    0;-;    0;-;    0;-;    3;-;  524;s;  484;s;   39;s;    1;s;    3;s;    2;s;    3;s;    1;s;    1;s;    3;s
4607;5027;05;A;  52;100725; 7;s;06;  825;-;  500;s;   13;-;    5;s;  806;-;  748;-;   54;-;    4;-;    3;-;    4;-;    6;-;    3;-;    2;-;    3;-;  492;s;  451;s;   40;s;    1;s;    2;s;    1;s;    4;s;    0;s;    0;s;    1;s
4607;5027;05;A;  52;100725; 7;s;07;  634;-;  570;s;   11;-;   12;s;  617;-;  552;-;   62;-;    3;-;    6;-;    2;-;    5;-;    4;-;    2;-;    0;-;  552;s;  497;s;   51;s;    4;s;    4;s;    7;s;    4;s;    1;s;    1;s;    2;s
4607;5027;05;A;  52;100725; 7;s;08;  811;-;  719;s;   14;-;    8;s;  778;-;  691;-;   80;-;    7;-;   14;-;    5;-;    5;-;    4;-;    3;-;    5;-;  698;s;  639;s;   51;s;    8;s;    9;s;    2;s;    2;s;    4;s;    3;s;    4;s
4607;5027;05;A;  52;100725; 7;s;09; 1396;-;  778;s;   16;-;   12;s; 1353;-; 1235;-;  113;-;    5;-;   16;-;    2;-;   11;-;    3;-;    2;-;   11;-;  760;s;  706;s;   49;s;    5;s;    3;s;    5;s;    4;s;    3;s;    3;s;    3;s
4607;5027;05;A;  52;100725; 7;s;10; 1683;-;  941;s;   26;-;   17;s; 1627;-; 1504;-;  113;-;   10;-;   20;-;    7;-;    8;-;   11;-;   11;-;   10;-;  916;s;  852;s;   50;s;   14;s;    5;s;    7;s;    6;s;    4;s;    3;s;    3;s
4607;5027;05;A;  52;100725; 7;s;11; 1908;-; 1356;s;   10;-;   19;s; 1881;-; 1771;-;   94;-;   16;-;    9;-;    4;-;    3;-;    3;-;    3;-;    8;-; 1325;s; 1233;s;   72;s;   20;s;    5;s;    8;s;    4;s;    7;s;    6;s;    7;s
4607;5027;05;A;  52;100725; 7;s;12; 2070;-; 1475;s;    8;-;   16;s; 2042;-; 1928;-;   91;-;   23;-;   10;-;    1;-;    3;-;    4;-;    4;-;   10;-; 1448;s; 1348;s;   76;s;   24;s;    6;s;    2;s;    8;s;    6;s;    4;s;    5;s
4607;5027;05;A;  52;100725; 7;s;13; 2139;-; 1559;s;   10;-;   23;s; 2095;-; 1965;-;   93;-;   37;-;    7;-;    2;-;    3;-;    5;-;    4;-;   27;-; 1523;s; 1431;s;   72;s;   20;s;    7;s;    5;s;   10;s;    8;s;    5;s;    6;s
4607;5027;05;A;  52;100725; 7;s;14; 2375;-; 1720;s;   10;-;   25;s; 2345;-; 2224;-;   81;-;   40;-;    8;-;    1;-;    4;-;    5;-;    5;-;   12;-; 1679;s; 1592;s;   68;s;   19;s;    7;s;    5;s;   10;s;   10;s;    8;s;    9;s
4607;5027;05;A;  52;100725; 7;s;15; 2402;-; 1782;s;   18;-;   23;s; 2363;-; 2255;-;   88;-;   20;-;    8;-;    0;-;   11;-;    7;-;    7;-;   13;-; 1749;s; 1662;s;   72;s;   15;s;    6;s;    2;s;   11;s;   10;s;    6;s;    4;s
4607;5027;05;A;  52;100725; 7;s;16; 2325;-; 1697;s;   16;-;   18;s; 2283;-; 2183;-;   76;-;   24;-;   12;-;    8;-;    6;-;    2;-;    2;-;   14;-; 1662;s; 1571;s;   77;s;   14;s;    9;s;    2;s;    9;s;    7;s;    6;s;    8;s
4607;5027;05;A;  52;100725; 7;s;17; 2357;-; 1635;s;   19;-;   25;s; 2316;-; 2231;-;   71;-;   14;-;    7;-;    4;-;    7;-;    8;-;    8;-;   15;-; 1591;s; 1498;s;   79;s;   14;s;   12;s;    7;s;    7;s;   11;s;    9;s;    7;s
4607;5027;05;A;  52;100725; 7;s;18; 2513;-; 1679;s;   14;-;   25;s; 2473;-; 2362;-;   95;-;   16;-;   13;-;    2;-;    5;-;    7;-;    5;-;   13;-; 1632;s; 1536;s;   77;s;   19;s;   13;s;    5;s;   12;s;    8;s;    6;s;    9;s
4607;5027;05;A;  52;100725; 7;s;19; 2270;-; 1665;s;   18;-;   28;s; 2228;-; 2128;-;   93;-;    7;-;   14;-;    4;-;    8;-;    6;-;    6;-;   10;-; 1619;s; 1525;s;   82;s;   12;s;   11;s;    5;s;   12;s;   11;s;    8;s;    7;s
4607;5027;05;A;  52;100725; 7;s;20; 1913;-; 1600;s;   18;-;   37;s; 1873;-; 1774;-;   90;-;    9;-;   12;-;    0;-;    8;-;   10;-;    8;-;   10;-; 1545;s; 1457;s;   73;s;   15;s;   11;s;   13;s;   12;s;   12;s;   10;s;    7;s
4607;5027;05;A;  52;100725; 7;s;21; 1690;-; 1343;s;   19;-;   24;s; 1660;-; 1585;-;   71;-;    4;-;    1;-;    8;-;    3;-;    8;-;    6;-;   10;-; 1305;s; 1222;s;   74;s;    9;s;    6;s;    6;s;   10;s;    8;s;    7;s;    8;s
4607;5027;05;A;  52;100725; 7;s;22; 1363;-; 1072;s;   18;-;   36;s; 1334;-; 1238;-;   88;-;    8;-;    3;-;    2;-;    8;-;    8;-;    8;-;    8;-; 1029;s;  957;s;   63;s;    9;s;    3;s;   13;s;    8;s;   15;s;   14;s;    4;s
4607;5027;05;A;  52;100725; 7;s;23; 1076;-;  990;s;   37;-;   56;s; 1034;-;  968;-;   61;-;    5;-;    3;-;    3;-;   10;-;   24;-;   20;-;    2;-;  927;s;  876;s;   41;s;   10;s;    4;s;    3;s;    6;s;   47;s;   36;s;    3;s
4607;5027;05;A;  52;100725; 7;s;24;  578;-;  855;s;   31;-;   45;s;  540;-;  493;-;   47;-;    0;-;    5;-;    1;-;    9;-;   21;-;   14;-;    2;-;  807;s;  757;s;   45;s;    5;s;    1;s;    3;s;   12;s;   30;s;   24;s;    2;s
4607;5027;05;A;  52;100726; 1;u;01;  316;-;  541;s;   19;-;   29;s;  296;-;  259;-;   36;-;    1;-;    0;-;    2;-;    8;-;    9;-;    6;-;    1;-;  509;s;  477;s;   30;s;    2;s;    2;s;    2;s;    5;s;   22;s;   17;s;    1;s
4607;5027;05;A;  52;100726; 1;u;02;  220;-;  218;s;   42;-;   28;s;  175;-;  157;-;   16;-;    2;-;    3;-;    1;-;   10;-;   31;-;   23;-;    0;-;  190;s;  171;s;   18;s;    1;s;    0;s;    1;s;    6;s;   21;s;   17;s;    0;s
4607;5027;05;A;  52;100726; 1;u;03;  188;-;  135;s;   39;-;   23;s;  145;-;  125;-;   20;-;    0;-;    3;-;    0;-;    9;-;   30;-;   24;-;    1;-;  111;s;   94;s;   16;s;    1;s;    1;s;    0;s;    8;s;   15;s;   12;s;    0;s
4607;5027;05;A;  52;100726; 1;u;04;  482;-;  157;s;   42;-;   40;s;  438;-;  395;-;   41;-;    2;-;    2;-;    0;-;   13;-;   29;-;   22;-;    0;-;  116;s;   95;s;   21;s;    0;s;    0;s;    1;s;   17;s;   22;s;   17;s;    1;s
4607;5027;05;A;  52;100726; 1;u;05; 1009;-;  375;s;  103;-;   68;s;  892;-;  830;-;   56;-;    6;-;    8;-;    7;-;   41;-;   55;-;   47;-;    6;-;  303;s;  269;s;   34;s;    0;s;    2;s;    3;s;   28;s;   37;s;   27;s;    2;s
4607;5027;05;A;  52;100726; 1;u;06; 2591;-;  765;s;  179;-;  101;s; 2394;-; 2279;-;  103;-;   12;-;    6;-;    5;-;   65;-;  109;-;   83;-;   12;-;  657;s;  588;s;   62;s;    7;s;    3;s;    5;s;   33;s;   63;s;   50;s;    4;s
4607;5027;05;A;  52;100726; 1;u;07; 4804;-; 1591;s;  278;-;  156;s; 4489;-; 4202;-;  269;-;   18;-;   10;-;    3;-;  109;-;  166;-;  121;-;   27;-; 1424;s; 1309;s;  105;s;   10;s;    3;s;    4;s;   68;s;   84;s;   63;s;    8;s
4607;5027;05;A;  52;100726; 1;u;08; 5804;-; 2621;s;  220;-;  182;s; 5545;-; 5303;-;  221;-;   21;-;   19;-;    4;-;   89;-;  127;-;  104;-;   20;-; 2424;s; 2279;s;  135;s;   10;s;    7;s;    5;s;   76;s;  101;s;   78;s;    8;s
4607;5027;05;A;  52;100726; 1;u;09; 5324;-; 2787;s;  240;-;  218;s; 5048;-; 4903;-;  137;-;    8;-;   21;-;    4;-;   93;-;  143;-;  107;-;   15;-; 2558;s; 2386;s;  165;s;    7;s;    5;s;    8;s;  105;s;  105;s;   78;s;    6;s
4607;5027;05;A;  52;100726; 1;u;10; 3867;-; 2310;s;  268;-;  241;s; 3567;-; 3390;-;  168;-;    9;-;    8;-;    7;-;   95;-;  166;-;  128;-;   24;-; 2049;s; 1852;s;  191;s;    6;s;   10;s;    9;s;   96;s;  136;s;  102;s;   10;s
4607;5027;05;A;  52;100726; 1;u;11; 2899;-; 2160;s;  244;-;  240;s; 2623;-; 2459;-;  162;-;    2;-;   17;-;    3;-;  100;-;  141;-;  118;-;   15;-; 1901;s; 1719;s;  175;s;    7;s;   12;s;    4;s;   94;s;  142;s;  108;s;    7;s
4607;5027;05;A;  52;100726; 1;u;12; 2542;-; 2286;s;  207;-;  258;s; 2299;-; 2154;-;  136;-;    9;-;   19;-;    4;-;   91;-;  112;-;   83;-;   17;-; 2005;s; 1806;s;  186;s;   13;s;   16;s;    3;s;  100;s;  155;s;  123;s;    7;s
4607;5027;05;A;  52;100726; 1;u;13; 2757;-; 2574;s;  200;-;  251;s; 2523;-; 2344;-;  171;-;    8;-;   21;-;    3;-;   80;-;  117;-;   91;-;   13;-; 2303;s; 2116;s;  180;s;    7;s;   10;s;    4;s;  102;s;  145;s;  113;s;   10;s
4607;5027;05;A;  52;100726; 1;u;14; 2892;-; 3015;s;  227;-;  259;s; 2630;-; 2430;-;  190;-;   10;-;   19;-;    3;-;   89;-;  135;-;  118;-;   16;-; 2732;s; 2518;s;  204;s;   10;s;   11;s;    6;s;  106;s;  147;s;  110;s;   13;s
4607;5027;05;A;  52;100726; 1;u;15; 2437;-; 3578;s;  225;-;  242;s; 2173;-; 2001;-;  166;-;    6;-;   19;-;   10;-;   83;-;  132;-;  103;-;   20;-; 3309;s; 3074;s;  218;s;   17;s;   15;s;    3;s;   98;s;  141;s;  110;s;   12;s
4607;5027;05;A;  52;100726; 1;u;16; 2709;-; 4378;s;  240;-;  230;s; 2424;-; 2247;-;  169;-;    8;-;   18;-;   13;-;   85;-;  142;-;  114;-;   27;-; 4119;s; 3851;s;  246;s;   22;s;   18;s;    6;s;   88;s;  136;s;  107;s;   11;s
4607;5027;05;A;  52;100726; 1;u;17; 2950;-; 5373;s;  175;-;  187;s; 2745;-; 2571;-;  165;-;    9;-;   12;-;    2;-;   67;-;  106;-;   86;-;   18;-; 5149;s; 4876;s;  246;s;   27;s;   22;s;    8;s;   60;s;  119;s;   92;s;   15;s
4607;5027;05;A;  52;100726; 1;u;18; 3150;-; 5552;s;  140;-;  129;s; 2968;-; 2824;-;  142;-;    2;-;   14;-;    4;-;   49;-;   87;-;   66;-;   28;-; 5400;s; 5215;s;  163;s;   22;s;   13;s;    5;s;   39;s;   85;s;   62;s;   10;s
4607;5027;05;A;  52;100726; 1;u;19; 2707;-; 4413;s;   77;-;   98;s; 2610;-; 2478;-;  128;-;    4;-;    4;-;    3;-;   15;-;   59;-;   41;-;   16;-; 4297;s; 4133;s;  147;s;   17;s;    6;s;    5;s;   28;s;   65;s;   52;s;   12;s
4607;5027;05;A;  52;100726; 1;u;20; 1910;-; 2740;s;   65;-;   67;s; 1835;-; 1739;-;   94;-;    2;-;    3;-;    3;-;   13;-;   49;-;   37;-;    7;-; 2650;s; 2503;s;  139;s;    8;s;    8;s;    3;s;   16;s;   48;s;   37;s;   15;s
4607;5027;05;A;  52;100726; 1;u;21; 1383;-; 1819;s;   72;-;   65;s; 1296;-; 1202;-;   90;-;    4;-;    4;-;    5;-;   24;-;   43;-;   29;-;   11;-; 1742;s; 1622;s;  107;s;   13;s;    5;s;    6;s;   10;s;   49;s;   32;s;    7;s
4607;5027;05;A;  52;100726; 1;u;22; 1079;-; 1370;s;   50;-;   42;s; 1019;-;  937;-;   81;-;    1;-;    1;-;    4;-;   12;-;   34;-;   26;-;    9;-; 1321;s; 1246;s;   65;s;   10;s;    3;s;    1;s;    8;s;   33;s;   23;s;    4;s
4607;5027;05;A;  52;100726; 1;u;23;  765;-; 1203;s;   44;-;   38;s;  716;-;  639;-;   76;-;    1;-;    1;-;    1;-;   11;-;   32;-;   25;-;    4;-; 1159;s; 1111;s;   39;s;    9;s;    1;s;    1;s;    7;s;   30;s;   22;s;    5;s
4607;5027;05;A;  52;100726; 1;u;24;  455;-;  933;s;   37;-;   35;s;  416;-;  380;-;   36;-;    0;-;    0;-;    2;-;    9;-;   26;-;   22;-;    2;-;  893;s;  839;s;   51;s;    3;s;    1;s;    3;s;    5;s;   27;s;   19;s;    4;s
4607;5027;05;A;  52;100727; 2;u;01;  276;-;  425;s;   36;-;   38;s;  239;-;  196;-;   41;-;    2;-;    0;-;    1;-;   12;-;   23;-;   18;-;    1;-;  383;s;  358;s;   24;s;    1;s;    1;s;    2;s;    7;s;   29;s;   20;s;    3;s
4607;5027;05;A;  52;100727; 2;u;02;  173;-;  187;s;   44;-;   27;s;  126;-;  113;-;   12;-;    1;-;    1;-;    3;-;    9;-;   32;-;   21;-;    2;-;  158;s;  144;s;   13;s;    1;s;    1;s;    0;s;    3;s;   24;s;   18;s;    1;s
4607;5027;05;A;  52;100727; 2;u;03;  180;-;  139;s;   53;-;   31;s;  126;-;  104;-;   22;-;    0;-;    1;-;    0;-;   12;-;   41;-;   25;-;    0;-;  106;s;   86;s;   20;s;    0;s;    1;s;    0;s;    9;s;   22;s;   16;s;    1;s
4607;5027;05;A;  52;100727; 2;u;04;  496;-;  155;s;   61;-;   44;s;  427;-;  378;-;   48;-;    1;-;    4;-;    2;-;   21;-;   38;-;   25;-;    4;-;  110;s;   86;s;   24;s;    0;s;    1;s;    1;s;   13;s;   30;s;   25;s;    0;s
4607;5027;05;A;  52;100727; 2;u;05;  918;-;  367;s;   97;-;   83;s;  813;-;  763;-;   44;-;    6;-;    0;-;    5;-;   32;-;   60;-;   42;-;    8;-;  280;s;  243;s;   36;s;    1;s;    1;s;    1;s;   36;s;   46;s;   38;s;    3;s
4607;5027;05;A;  52;100727; 2;u;06; 2606;-;  744;s;  176;-;  108;s; 2407;-; 2272;-;  116;-;   19;-;    4;-;    4;-;   58;-;  114;-;   94;-;   19;-;  630;s;  561;s;   62;s;    7;s;    2;s;    1;s;   39;s;   68;s;   50;s;    4;s
4607;5027;05;A;  52;100727; 2;u;07; 4806;-; 1527;s;  242;-;  158;s; 4516;-; 4190;-;  295;-;   31;-;   17;-;    3;-;   99;-;  140;-;  115;-;   31;-; 1356;s; 1239;s;  108;s;    9;s;    6;s;    6;s;   64;s;   88;s;   61;s;    7;s
4607;5027;05;A;  52;100727; 2;u;08; 5677;-; 2534;s;  242;-;  186;s; 5394;-; 5141;-;  235;-;   18;-;   24;-;    7;-;   92;-;  143;-;  110;-;   17;-; 2332;s; 2175;s;  148;s;    9;s;    8;s;    4;s;   84;s;   98;s;   73;s;    8;s
4607;5027;05;A;  52;100727; 2;u;09; 5283;-; 2889;s;  246;-;  242;s; 5007;-; 4771;-;  220;-;   16;-;   16;-;    4;-;  106;-;  136;-;  105;-;   14;-; 2629;s; 2455;s;  163;s;   11;s;    9;s;    9;s;  109;s;  124;s;   93;s;    9;s
4607;5027;05;A;  52;100727; 2;u;10; 3617;-; 2420;s;  235;-;  244;s; 3352;-; 3156;-;  189;-;    7;-;   12;-;    7;-;   85;-;  143;-;  108;-;   18;-; 2156;s; 1961;s;  185;s;   10;s;   12;s;    8;s;  103;s;  133;s;  105;s;    8;s
4607;5027;05;A;  52;100727; 2;u;11; 2741;-; 2325;s;  237;-;  253;s; 2482;-; 2289;-;  182;-;   11;-;    9;-;    4;-;   94;-;  139;-;  104;-;   13;-; 2050;s; 1857;s;  184;s;    9;s;    9;s;    6;s;   97;s;  150;s;  118;s;   13;s
4607;5027;05;A;  52;100727; 2;u;12; 2753;-; 2370;s;  258;-;  258;s; 2459;-; 2276;-;  174;-;    9;-;   16;-;    3;-;  107;-;  148;-;  111;-;   20;-; 2088;s; 1892;s;  188;s;    8;s;   11;s;    4;s;   95;s;  159;s;  127;s;   13;s
4607;5027;05;A;  52;100727; 2;u;13; 2852;-; 2583;s;  209;-;  244;s; 2611;-; 2404;-;  189;-;   18;-;   11;-;    5;-;   78;-;  126;-;  103;-;   21;-; 2315;s; 2142;s;  167;s;    6;s;   14;s;    4;s;   96;s;  144;s;  108;s;   10;s
4607;5027;05;A;  52;100727; 2;u;14; 2856;-; 3078;s;  216;-;  251;s; 2604;-; 2416;-;  182;-;    6;-;   12;-;    4;-;   85;-;  127;-;  107;-;   24;-; 2800;s; 2598;s;  191;s;   11;s;   12;s;    3;s;  100;s;  148;s;  114;s;   15;s
4607;5027;05;A;  52;100727; 2;u;15; 2553;-; 3691;s;  212;-;  257;s; 2302;-; 2084;-;  206;-;   12;-;   14;-;    2;-;   74;-;  136;-;  110;-;   25;-; 3398;s; 3166;s;  215;s;   17;s;   20;s;    8;s;  111;s;  138;s;  109;s;   16;s
4607;5027;05;A;  52;100727; 2;u;16; 2639;-; 4656;s;  201;-;  229;s; 2412;-; 2199;-;  203;-;   10;-;   10;-;    5;-;   72;-;  124;-;   88;-;   16;-; 4385;s; 4121;s;  238;s;   26;s;   25;s;    5;s;   87;s;  137;s;  104;s;   17;s
4607;5027;05;A;  52;100727; 2;u;17; 2910;-; 5557;s;  161;-;  181;s; 2699;-; 2510;-;  176;-;   13;-;   20;-;    9;-;   66;-;   86;-;   72;-;   30;-; 5343;s; 5091;s;  223;s;   29;s;   21;s;    3;s;   62;s;  116;s;   93;s;   12;s
4607;5027;05;A;  52;100727; 2;u;18; 3181;-; 5730;s;  140;-;  143;s; 3019;-; 2867;-;  143;-;    9;-;    9;-;    1;-;   38;-;  101;-;   78;-;   13;-; 5559;s; 5375;s;  157;s;   27;s;   21;s;    6;s;   44;s;   93;s;   73;s;    7;s
4607;5027;05;A;  52;100727; 2;u;19; 2941;-; 4799;s;  105;-;   99;s; 2812;-; 2658;-;  147;-;    7;-;    9;-;    1;-;   20;-;   84;-;   65;-;   15;-; 4678;s; 4520;s;  139;s;   19;s;   14;s;    5;s;   27;s;   67;s;   52;s;    8;s
4607;5027;05;A;  52;100727; 2;u;20; 2175;-; 3168;s;   90;-;   88;s; 2050;-; 1905;-;  134;-;   11;-;    7;-;    2;-;   21;-;   67;-;   51;-;   28;-; 3058;s; 2886;s;  156;s;   16;s;    8;s;    5;s;   19;s;   64;s;   51;s;   14;s
4607;5027;05;A;  52;100727; 2;u;21; 1447;-; 2150;s;   73;-;   73;s; 1354;-; 1246;-;   98;-;   10;-;    8;-;    4;-;   18;-;   51;-;   40;-;   12;-; 2056;s; 1880;s;  163;s;   13;s;    5;s;    6;s;   14;s;   53;s;   37;s;   16;s
4607;5027;05;A;  52;100727; 2;u;22; 1238;-; 1589;s;   52;-;   56;s; 1170;-; 1083;-;   81;-;    6;-;    6;-;    6;-;   15;-;   31;-;   23;-;   10;-; 1525;s; 1402;s;  110;s;   13;s;    1;s;    3;s;    5;s;   48;s;   36;s;    7;s
4607;5027;05;A;  52;100727; 2;u;23;  930;-; 1380;s;   43;-;   42;s;  883;-;  816;-;   62;-;    5;-;    1;-;    3;-;    9;-;   31;-;   26;-;    3;-; 1331;s; 1253;s;   65;s;   13;s;    2;s;    0;s;   10;s;   32;s;   21;s;    5;s
4607;5027;05;A;  52;100727; 2;u;24;  537;-;  989;s;   43;-;   37;s;  491;-;  452;-;   37;-;    2;-;    1;-;    1;-;   12;-;   30;-;   20;-;    2;-;  946;s;  897;s;   47;s;    2;s;    2;s;    1;s;    4;s;   32;s;   24;s;    4;s
4607;5027;05;A;  52;100728; 3;u;01;  265;-;  466;s;   33;-;   33;s;  227;-;  198;-;   28;-;    1;-;    2;-;    1;-;    9;-;   23;-;   17;-;    3;-;  429;s;  396;s;   29;s;    4;s;    2;s;    1;s;    5;s;   27;s;   19;s;    2;s
4607;5027;05;A;  52;100728; 3;u;02;  190;-;  218;s;   38;-;   27;s;  148;-;  128;-;   20;-;    0;-;    2;-;    2;-;   13;-;   23;-;   15;-;    2;-;  187;s;  159;s;   28;s;    0;s;    2;s;    0;s;    5;s;   22;s;   17;s;    2;s
4607;5027;05;A;  52;100728; 3;u;03;  162;-;  158;s;   45;-;   29;s;  114;-;  102;-;   12;-;    0;-;    3;-;    0;-;   12;-;   33;-;   26;-;    0;-;  128;s;  108;s;   20;s;    0;s;    1;s;    0;s;    7;s;   22;s;   17;s;    0;s
4607;5027;05;A;  52;100728; 3;u;04;  493;-;  153;s;   61;-;   46;s;  427;-;  393;-;   34;-;    0;-;    0;-;    1;-;   17;-;   43;-;   33;-;    5;-;  107;s;   83;s;   24;s;    0;s;    0;s;    0;s;   11;s;   35;s;   21;s;    0;s
4607;5027;05;A;  52;100728; 3;u;05;  919;-;  346;s;  122;-;   76;s;  791;-;  738;-;   46;-;    7;-;    1;-;    6;-;   43;-;   73;-;   56;-;    5;-;  267;s;  242;s;   25;s;    0;s;    1;s;    0;s;   28;s;   48;s;   35;s;    2;s
4607;5027;05;A;  52;100728; 3;u;06; 2486;-;  710;s;  187;-;  121;s; 2282;-; 2173;-;  102;-;    7;-;    1;-;    7;-;   75;-;  105;-;   87;-;   16;-;  583;s;  517;s;   59;s;    7;s;    2;s;    3;s;   38;s;   80;s;   59;s;    4;s
4607;5027;05;A;  52;100728; 3;u;07; 4609;-; 1501;s;  267;-;  163;s; 4309;-; 4045;-;  245;-;   19;-;   12;-;    3;-;  107;-;  157;-;  123;-;   21;-; 1328;s; 1217;s;  101;s;   10;s;    6;s;    6;s;   73;s;   84;s;   61;s;    4;s
4607;5027;05;A;  52;100728; 3;u;08; 5528;-; 2485;s;  274;-;  183;s; 5209;-; 4977;-;  222;-;   10;-;   13;-;    4;-;  122;-;  148;-;  123;-;   32;-; 2285;s; 2138;s;  138;s;    9;s;    8;s;    5;s;   78;s;  100;s;   69;s;    9;s
4607;5027;05;A;  52;100728; 3;u;09; 4950;-; 2776;s;  247;-;  248;s; 4633;-; 4430;-;  195;-;    8;-;   17;-;   10;-;  103;-;  134;-;  110;-;   53;-; 2509;s; 2351;s;  153;s;    5;s;    8;s;    7;s;  115;s;  126;s;   94;s;   11;s
4607;5027;05;A;  52;100728; 3;u;10; 3674;-; 2342;s;  265;-;  257;s; 3369;-; 3172;-;  187;-;   10;-;   15;-;    9;-;  100;-;  156;-;  133;-;   25;-; 2068;s; 1871;s;  188;s;    9;s;    7;s;    8;s;  107;s;  142;s;  107;s;   10;s
4607;5027;05;A;  52;100728; 3;u;11; 2998;-; 2212;s;  233;-;  275;s; 2735;-; 2533;-;  195;-;    7;-;    8;-;    3;-;   84;-;  146;-;  115;-;   22;-; 1915;s; 1718;s;  192;s;    5;s;   13;s;    7;s;   97;s;  171;s;  139;s;    9;s
4607;5027;05;A;  52;100728; 3;u;12; 2687;-; 2361;s;  258;-;  274;s; 2388;-; 2195;-;  191;-;    2;-;   18;-;    3;-;   99;-;  156;-;  131;-;   23;-; 2063;s; 1865;s;  186;s;   12;s;   15;s;    4;s;  106;s;  164;s;  136;s;    9;s
4607;5027;05;A;  52;100728; 3;u;13; 2660;-; 2628;s;  217;-;  254;s; 2411;-; 2226;-;  175;-;   10;-;   11;-;    0;-;   87;-;  130;-;  104;-;   21;-; 2342;s; 2136;s;  195;s;   11;s;   18;s;    2;s;   95;s;  157;s;  117;s;   14;s
4607;5027;05;A;  52;100728; 3;u;14; 2821;-; 3132;s;  231;-;  265;s; 2556;-; 2364;-;  182;-;   10;-;   21;-;    2;-;   88;-;  141;-;  112;-;   13;-; 2839;s; 2610;s;  218;s;   11;s;   16;s;    3;s;  108;s;  154;s;  118;s;   12;s
4607;5027;05;A;  52;100728; 3;u;15; 2687;-; 3797;s;  235;-;  258;s; 2420;-; 2218;-;  194;-;    8;-;   13;-;    3;-;   89;-;  143;-;  111;-;   19;-; 3512;s; 3274;s;  214;s;   24;s;   17;s;    7;s;  106;s;  145;s;  112;s;   10;s
4607;5027;05;A;  52;100728; 3;u;16; 2817;-; 4606;s;  216;-;  241;s; 2574;-; 2361;-;  200;-;   13;-;   11;-;   10;-;   86;-;  120;-;   93;-;   16;-; 4329;s; 4058;s;  246;s;   25;s;   22;s;    4;s;   95;s;  142;s;  108;s;   14;s
4607;5027;05;A;  52;100728; 3;u;17; 2994;-; 5463;s;  172;-;  194;s; 2788;-; 2590;-;  182;-;   16;-;   12;-;    7;-;   66;-;   99;-;   73;-;   22;-; 5229;s; 4976;s;  220;s;   33;s;   27;s;    8;s;   63;s;  123;s;   94;s;   13;s
4607;5027;05;A;  52;100728; 3;u;18; 3332;-; 5796;s;  124;-;  145;s; 3178;-; 3015;-;  156;-;    7;-;    7;-;    4;-;   29;-;   91;-;   68;-;   23;-; 5621;s; 5458;s;  134;s;   29;s;   20;s;    7;s;   43;s;   95;s;   67;s;   10;s
4607;5027;05;A;  52;100728; 3;u;19; 2970;-; 4919;s;  109;-;  114;s; 2831;-; 2679;-;  139;-;   13;-;    7;-;    7;-;   24;-;   78;-;   63;-;   23;-; 4783;s; 4641;s;  121;s;   21;s;   13;s;    5;s;   24;s;   85;s;   68;s;    9;s
4607;5027;05;A;  52;100728; 3;u;20; 2108;-; 3162;s;   70;-;   83;s; 2013;-; 1876;-;  125;-;   12;-;    6;-;    3;-;   16;-;   51;-;   41;-;   19;-; 3051;s; 2894;s;  139;s;   18;s;   11;s;    2;s;   21;s;   60;s;   46;s;   17;s
4607;5027;05;A;  52;100728; 3;u;21; 1574;-; 2125;s;   71;-;   68;s; 1481;-; 1366;-;   99;-;   16;-;    7;-;    4;-;   16;-;   51;-;   41;-;   15;-; 2035;s; 1868;s;  157;s;   10;s;    7;s;    7;s;   11;s;   50;s;   35;s;   15;s
4607;5027;05;A;  52;100728; 3;u;22; 1242;-; 1564;s;   55;-;   52;s; 1174;-; 1084;-;   82;-;    8;-;    5;-;    3;-;   12;-;   40;-;   29;-;    8;-; 1500;s; 1369;s;  117;s;   14;s;    4;s;    2;s;    9;s;   41;s;   29;s;    8;s
4607;5027;05;A;  52;100728; 3;u;23; 1001;-; 1451;s;   49;-;   41;s;  942;-;  880;-;   60;-;    2;-;    2;-;    0;-;   14;-;   35;-;   31;-;    8;-; 1402;s; 1307;s;   81;s;   14;s;    2;s;    1;s;    8;s;   32;s;   23;s;    6;s
4607;5027;05;A;  52;100728; 3;u;24;  532;-; 1068;s;   40;-;   38;s;  488;-;  440;-;   47;-;    1;-;    2;-;    2;-;    9;-;   29;-;   21;-;    2;-; 1024;s;  956;s;   63;s;    5;s;    2;s;    1;s;    7;s;   30;s;   21;s;    4;s
4607;5027;05;A;  52;100729; 4;u;01;  298;-;  484;s;   31;-;   36;s;  261;-;  223;-;   37;-;    1;-;    2;-;    4;-;    7;-;   20;-;   13;-;    4;-;  444;s;  405;s;   36;s;    3;s;    2;s;    3;s;    6;s;   27;s;   19;s;    2;s
4607;5027;05;A;  52;100729; 4;u;02;  196;-;  232;s;   42;-;   29;s;  152;-;  135;-;   17;-;    0;-;    2;-;    2;-;    8;-;   32;-;   23;-;    0;-;  202;s;  180;s;   21;s;    1;s;    0;s;    0;s;    6;s;   23;s;   18;s;    1;s
4607;5027;05;A;  52;100729; 4;u;03;  178;-;  155;s;   51;-;   31;s;  125;-;  108;-;   16;-;    1;-;    1;-;    1;-;   15;-;   35;-;   25;-;    1;-;  123;s;  105;s;   18;s;    0;s;    0;s;    0;s;    7;s;   24;s;   19;s;    1;s
4607;5027;05;A;  52;100729; 4;u;04;  429;-;  166;s;   65;-;   42;s;  359;-;  318;-;   38;-;    3;-;    3;-;    2;-;   20;-;   43;-;   22;-;    2;-;  124;s;  100;s;   24;s;    0;s;    0;s;    0;s;   13;s;   29;s;   21;s;    0;s
4607;5027;05;A;  52;100729; 4;u;05;  932;-;  334;s;   99;-;   75;s;  831;-;  774;-;   47;-;   10;-;    1;-;    5;-;   32;-;   62;-;   46;-;    1;-;  256;s;  220;s;   36;s;    0;s;    3;s;    2;s;   36;s;   37;s;   25;s;    0;s
4607;5027;05;A;  52;100729; 4;u;06; 2513;-;  707;s;  197;-;  107;s; 2306;-; 2198;-;   92;-;   16;-;    4;-;    7;-;   67;-;  123;-;   96;-;    6;-;  594;s;  523;s;   65;s;    6;s;    4;s;    1;s;   38;s;   68;s;   49;s;    2;s
4607;5027;05;A;  52;100729; 4;u;07; 4612;-; 1530;s;  242;-;  153;s; 4338;-; 4017;-;  306;-;   15;-;   14;-;    4;-;   89;-;  149;-;  110;-;   18;-; 1362;s; 1243;s;  109;s;   10;s;    8;s;    4;s;   63;s;   86;s;   60;s;    7;s
4607;5027;05;A;  52;100729; 4;u;08; 5481;-; 2610;s;  219;-;  198;s; 5219;-; 4969;-;  234;-;   16;-;   27;-;    2;-;  104;-;  113;-;   90;-;   16;-; 2393;s; 2219;s;  161;s;   13;s;    7;s;    5;s;   89;s;  104;s;   74;s;   12;s
4607;5027;05;A;  52;100729; 4;u;09; 4992;-; 2828;s;  198;-;  239;s; 4744;-; 4550;-;  182;-;   12;-;   14;-;    2;-;   69;-;  127;-;   96;-;   36;-; 2568;s; 2395;s;  163;s;   10;s;    9;s;   12;s;  106;s;  121;s;   91;s;   12;s
4607;5027;05;A;  52;100729; 4;u;10; 3675;-; 2474;s;  247;-;  245;s; 3391;-; 3215;-;  174;-;    2;-;   20;-;    8;-;   85;-;  154;-;  114;-;   17;-; 2211;s; 1995;s;  208;s;    8;s;   12;s;    9;s;   97;s;  139;s;  102;s;    6;s
4607;5027;05;A;  52;100729; 4;u;11; 2895;-; 2298;s;  246;-;  251;s; 2621;-; 2458;-;  161;-;    2;-;   11;-;    3;-;   93;-;  150;-;  115;-;   17;-; 2019;s; 1810;s;  197;s;   12;s;   19;s;    5;s;  102;s;  144;s;  119;s;    9;s
4607;5027;05;A;  52;100729; 4;u;12; 2613;-; 2375;s;  253;-;  247;s; 2333;-; 2163;-;  164;-;    6;-;   16;-;    4;-;   88;-;  161;-;  126;-;   11;-; 2100;s; 1891;s;  201;s;    8;s;   16;s;    4;s;   95;s;  148;s;  114;s;   12;s
4607;5027;05;A;  52;100729; 4;u;13; 2650;-; 2712;s;  237;-;  241;s; 2385;-; 2197;-;  177;-;   11;-;   17;-;    5;-;   87;-;  145;-;  118;-;   11;-; 2443;s; 2237;s;  194;s;   12;s;   14;s;    2;s;   90;s;  149;s;  112;s;   14;s
4607;5027;05;A;  52;100729; 4;u;14; 2568;-; 3124;s;  194;-;  246;s; 2344;-; 2189;-;  149;-;    6;-;   19;-;    4;-;   71;-;  119;-;   93;-;   11;-; 2848;s; 2617;s;  219;s;   12;s;   16;s;    4;s;   96;s;  146;s;  110;s;   14;s
4607;5027;05;A;  52;100729; 4;u;15; 2414;-; 3691;s;  201;-;  256;s; 2171;-; 2013;-;  150;-;    8;-;   18;-;    2;-;   80;-;  119;-;   94;-;   24;-; 3405;s; 3162;s;  223;s;   20;s;   15;s;    6;s;  103;s;  147;s;  115;s;   15;s
4607;5027;05;A;  52;100729; 4;u;16; 2563;-; 4627;s;  185;-;  235;s; 2359;-; 2188;-;  159;-;   12;-;   13;-;    8;-;   70;-;  107;-;   89;-;    6;-; 4357;s; 4073;s;  252;s;   32;s;   20;s;    4;s;   92;s;  139;s;  105;s;   15;s
4607;5027;05;A;  52;100729; 4;u;17; 2954;-; 5403;s;  165;-;  184;s; 2755;-; 2587;-;  157;-;   11;-;   19;-;    7;-;   45;-;  113;-;   83;-;   15;-; 5185;s; 4889;s;  261;s;   35;s;   18;s;    7;s;   67;s;  110;s;   83;s;   16;s
4607;5027;05;A;  52;100729; 4;u;18; 3373;-; 5555;s;  124;-;  135;s; 3219;-; 3096;-;  112;-;   11;-;   16;-;    7;-;   50;-;   67;-;   53;-;   14;-; 5386;s; 5201;s;  153;s;   32;s;   16;s;    6;s;   38;s;   91;s;   71;s;   18;s
4607;5027;05;A;  52;100729; 4;u;19; 3251;-; 4832;s;  107;-;  106;s; 3110;-; 3008;-;   92;-;   10;-;   11;-;    5;-;   26;-;   76;-;   56;-;   23;-; 4694;s; 4497;s;  169;s;   28;s;   17;s;    3;s;   32;s;   71;s;   51;s;   15;s
4607;5027;05;A;  52;100729; 4;u;20; 2189;-; 3182;s;   58;-;   80;s; 2110;-; 2014;-;   90;-;    6;-;    7;-;    5;-;   14;-;   39;-;   34;-;   14;-; 3074;s; 2872;s;  180;s;   22;s;    8;s;    2;s;   23;s;   55;s;   41;s;   20;s
4607;5027;05;A;  52;100729; 4;u;21; 1561;-; 2266;s;   59;-;   59;s; 1486;-; 1374;-;  101;-;   11;-;    3;-;    4;-;   10;-;   45;-;   33;-;   13;-; 2187;s; 2018;s;  151;s;   18;s;    6;s;    5;s;    9;s;   45;s;   31;s;   14;s
4607;5027;05;A;  52;100729; 4;u;22; 1223;-; 1736;s;   43;-;   48;s; 1169;-; 1087;-;   80;-;    2;-;    5;-;    3;-;   10;-;   30;-;   23;-;    6;-; 1675;s; 1545;s;  111;s;   19;s;    5;s;    2;s;    8;s;   38;s;   27;s;    8;s
4607;5027;05;A;  52;100729; 4;u;23;  981;-; 1470;s;   45;-;   39;s;  925;-;  853;-;   69;-;    3;-;    3;-;    1;-;   12;-;   32;-;   27;-;    8;-; 1423;s; 1340;s;   68;s;   15;s;    3;s;    2;s;    8;s;   29;s;   20;s;    5;s
4607;5027;05;A;  52;100729; 4;u;24;  585;-; 1139;s;   52;-;   33;s;  528;-;  481;-;   47;-;    0;-;    1;-;    3;-;   11;-;   38;-;   29;-;    4;-; 1100;s; 1031;s;   63;s;    6;s;    1;s;    1;s;    7;s;   25;s;   18;s;    5;s
4607;5027;05;A;  52;100730; 5;u;01;  308;-;  508;s;   31;-;   32;s;  275;-;  240;-;   33;-;    2;-;    0;-;    1;-;    5;-;   25;-;   17;-;    2;-;  472;s;  431;s;   37;s;    4;s;    1;s;    2;s;    4;s;   26;s;   19;s;    3;s
4607;5027;05;A;  52;100730; 5;u;02;  195;-;  264;s;   41;-;   30;s;  150;-;  140;-;   10;-;    0;-;    1;-;    1;-;   12;-;   28;-;   21;-;    3;-;  231;s;  199;s;   30;s;    2;s;    1;s;    0;s;    5;s;   25;s;   16;s;    2;s
4607;5027;05;A;  52;100730; 5;u;03;  182;-;  150;s;   49;-;   28;s;  132;-;  121;-;   11;-;    0;-;    1;-;    1;-;   13;-;   35;-;   25;-;    0;-;  120;s;  104;s;   16;s;    0;s;    1;s;    0;s;    7;s;   21;s;   15;s;    1;s
4607;5027;05;A;  52;100730; 5;u;04;  467;-;  183;s;   63;-;   49;s;  402;-;  370;-;   31;-;    1;-;    1;-;    1;-;   18;-;   44;-;   25;-;    1;-;  131;s;  108;s;   23;s;    0;s;    2;s;    1;s;   18;s;   30;s;   23;s;    1;s
4607;5027;05;A;  52;100730; 5;u;05;  918;-;  412;s;   83;-;   84;s;  832;-;  787;-;   37;-;    8;-;    1;-;    6;-;   25;-;   52;-;   34;-;    2;-;  326;s;  284;s;   40;s;    2;s;    2;s;    3;s;   31;s;   50;s;   35;s;    0;s
4607;5027;05;A;  52;100730; 5;u;06; 2316;-;  749;s;  176;-;  117;s; 2130;-; 2018;-;  100;-;   12;-;    2;-;    7;-;   70;-;   99;-;   77;-;    8;-;  626;s;  553;s;   65;s;    8;s;    3;s;    3;s;   35;s;   79;s;   51;s;    3;s
4607;5027;05;A;  52;100730; 5;u;07; 4375;-; 1423;s;  249;-;  169;s; 4070;-; 3822;-;  232;-;   16;-;   19;-;    4;-;   98;-;  147;-;  115;-;   37;-; 1238;s; 1122;s;  103;s;   13;s;   10;s;    5;s;   69;s;   95;s;   65;s;    6;s
4607;5027;05;A;  52;100730; 5;u;08; 5143;-; 2308;s;  256;-;  202;s; 4840;-; 4615;-;  203;-;   22;-;   20;-;    4;-;  113;-;  139;-;  104;-;   27;-; 2090;s; 1936;s;  141;s;   13;s;    8;s;    5;s;   85;s;  112;s;   84;s;    8;s
4607;5027;05;A;  52;100730; 5;u;09; 4578;-; 2585;s;  236;-;  250;s; 4306;-; 4117;-;  177;-;   12;-;   13;-;    4;-;   97;-;  135;-;  106;-;   23;-; 2314;s; 2140;s;  162;s;   12;s;   13;s;   11;s;  114;s;  125;s;  100;s;    8;s
4607;5027;05;A;  52;100730; 5;u;10; 3218;-; 2223;s;  250;-;  271;s; 2941;-; 2784;-;  148;-;    9;-;   18;-;    3;-;   94;-;  153;-;  121;-;    9;-; 1927;s; 1747;s;  172;s;    8;s;   16;s;    7;s;  111;s;  153;s;  111;s;    9;s
4607;5027;05;A;  52;100730; 5;u;11; 2728;-; 2256;s;  270;-;  276;s; 2425;-; 2247;-;  172;-;    6;-;   21;-;    5;-;  107;-;  158;-;  129;-;   12;-; 1956;s; 1750;s;  198;s;    8;s;   15;s;    7;s;  112;s;  157;s;  124;s;    9;s
4607;5027;05;A;  52;100730; 5;u;12; 2702;-; 2389;s;  244;-;  263;s; 2430;-; 2251;-;  170;-;    9;-;   21;-;    3;-;   93;-;  148;-;  107;-;    7;-; 2101;s; 1883;s;  205;s;   13;s;   14;s;    6;s;   93;s;  164;s;  130;s;   11;s
4607;5027;05;A;  52;100730; 5;u;13; 2930;-; 3193;s;  220;-;  248;s; 2671;-; 2498;-;  158;-;   15;-;   18;-;    3;-;   84;-;  133;-;  101;-;   21;-; 2916;s; 2697;s;  204;s;   15;s;   16;s;    4;s;   97;s;  147;s;  118;s;   13;s
4607;5027;05;A;  52;100730; 5;u;14; 3166;-; 3962;s;  232;-;  271;s; 2895;-; 2703;-;  174;-;   18;-;   24;-;    4;-;   78;-;  150;-;  123;-;   15;-; 3655;s; 3411;s;  222;s;   22;s;   20;s;    8;s;  106;s;  157;s;  121;s;   16;s
4607;5027;05;A;  52;100730; 5;u;15; 3060;-; 4581;s;  227;-;  239;s; 2798;-; 2613;-;  164;-;   21;-;   17;-;    1;-;   91;-;  135;-;  112;-;   18;-; 4306;s; 4064;s;  211;s;   31;s;   22;s;    4;s;   90;s;  145;s;  105;s;   14;s
4607;5027;05;A;  52;100730; 5;u;16; 3087;-; 4824;s;  181;-;  225;s; 2882;-; 2696;-;  167;-;   19;-;   18;-;    7;-;   80;-;   94;-;   61;-;    6;-; 4558;s; 4331;s;  190;s;   37;s;   23;s;    7;s;   75;s;  143;s;  106;s;   18;s
4607;5027;05;A;  52;100730; 5;u;17; 3194;-; 4631;s;  138;-;  150;s; 3018;-; 2854;-;  136;-;   28;-;   19;-;    8;-;   58;-;   72;-;   53;-;   19;-; 4444;s; 4233;s;  183;s;   28;s;   19;s;    6;s;   46;s;   98;s;   76;s;   18;s
4607;5027;05;A;  52;100730; 5;u;18; 3080;-; 4348;s;  101;-;  123;s; 2956;-; 2825;-;  118;-;   13;-;    6;-;    5;-;   25;-;   71;-;   53;-;   17;-; 4196;s; 3995;s;  179;s;   22;s;   15;s;    8;s;   35;s;   80;s;   64;s;   14;s
4607;5027;05;A;  52;100730; 5;u;19; 2712;-; 3759;s;   81;-;   96;s; 2612;-; 2468;-;  121;-;   23;-;    7;-;    4;-;   22;-;   55;-;   35;-;   12;-; 3631;s; 3448;s;  162;s;   21;s;   12;s;    6;s;   25;s;   65;s;   53;s;   20;s
4607;5027;05;A;  52;100730; 5;u;20; 2216;-; 2865;s;   62;-;   77;s; 2129;-; 2025;-;   93;-;   11;-;    7;-;    5;-;   24;-;   33;-;   23;-;   18;-; 2764;s; 2593;s;  149;s;   22;s;    6;s;    7;s;   18;s;   52;s;   42;s;   18;s
4607;5027;05;A;  52;100730; 5;u;21; 1722;-; 2222;s;   50;-;   64;s; 1650;-; 1526;-;  110;-;   14;-;    8;-;    3;-;   12;-;   35;-;   25;-;   14;-; 2138;s; 1982;s;  142;s;   14;s;   10;s;    5;s;   12;s;   47;s;   31;s;   10;s
4607;5027;05;A;  52;100730; 5;u;22; 1363;-; 1739;s;   32;-;   46;s; 1314;-; 1220;-;   86;-;    8;-;    8;-;    3;-;   11;-;   18;-;   16;-;    9;-; 1678;s; 1556;s;  103;s;   19;s;    6;s;    3;s;    9;s;   34;s;   23;s;    9;s
4607;5027;05;A;  52;100730; 5;u;23; 1087;-; 1432;s;   22;-;   40;s; 1056;-;  995;-;   58;-;    3;-;    5;-;    2;-;    6;-;   14;-;   13;-;    4;-; 1382;s; 1304;s;   64;s;   14;s;    5;s;    2;s;   10;s;   28;s;   21;s;    5;s
4607;5027;05;A;  52;100730; 5;u;24;  710;-; 1251;s;   28;-;   32;s;  676;-;  642;-;   30;-;    4;-;    3;-;    2;-;    5;-;   21;-;   17;-;    3;-; 1211;s; 1158;s;   48;s;    5;s;    2;s;    3;s;    6;s;   23;s;   19;s;    6;s
4607;5027;05;A;  52;100731; 6;u;01;  449;-;  567;s;   23;-;   39;s;  421;-;  385;-;   31;-;    5;-;    2;-;    2;-;    7;-;   14;-;    9;-;    3;-;  524;s;  495;s;   26;s;    3;s;    1;s;    3;s;    5;s;   31;s;   22;s;    3;s
4607;5027;05;A;  52;100731; 6;u;02;  271;-;  322;s;   22;-;   29;s;  245;-;  220;-;   22;-;    3;-;    2;-;    1;-;    9;-;   12;-;    7;-;    2;-;  293;s;  276;s;   16;s;    1;s;    0;s;    2;s;    8;s;   19;s;   12;s;    0;s
4607;5027;05;A;  52;100731; 6;u;03;  273;-;  230;s;   20;-;   29;s;  253;-;  232;-;   20;-;    1;-;    0;-;    0;-;    9;-;   11;-;   10;-;    0;-;  198;s;  180;s;   17;s;    1;s;    1;s;    3;s;   10;s;   16;s;   15;s;    2;s
4607;5027;05;A;  52;100731; 6;u;04;  481;-;  216;s;   33;-;   40;s;  445;-;  413;-;   28;-;    4;-;    2;-;    0;-;   10;-;   23;-;   15;-;    1;-;  174;s;  152;s;   21;s;    1;s;    2;s;    1;s;   19;s;   20;s;   14;s;    0;s
4607;5027;05;A;  52;100731; 6;u;05;  651;-;  371;s;   32;-;   60;s;  614;-;  562;-;   47;-;    5;-;    0;-;    2;-;   16;-;   14;-;   10;-;    5;-;  307;s;  274;s;   33;s;    0;s;    4;s;    1;s;   34;s;   25;s;   18;s;    0;s
4607;5027;05;A;  52;100731; 6;u;06;  937;-;  500;s;   46;-;   61;s;  879;-;  814;-;   60;-;    5;-;    6;-;    5;-;   26;-;   15;-;   13;-;    6;-;  432;s;  384;s;   45;s;    3;s;    5;s;    1;s;   28;s;   32;s;   22;s;    2;s
4607;5027;05;A;  52;100731; 6;u;07;  964;-;  619;s;   53;-;   55;s;  899;-;  776;-;  118;-;    5;-;   10;-;    5;-;   29;-;   19;-;   15;-;    2;-;  556;s;  498;s;   53;s;    5;s;    5;s;    4;s;   19;s;   32;s;   22;s;    3;s
4607;5027;05;A;  52;100731; 6;u;08; 1069;-;  798;s;   47;-;   67;s; 1003;-;  876;-;  125;-;    2;-;   15;-;    4;-;   26;-;   17;-;   15;-;    4;-;  719;s;  639;s;   76;s;    4;s;    7;s;    7;s;   27;s;   33;s;   28;s;    5;s
4607;5027;05;A;  52;100731; 6;u;09; 1390;-;  958;s;   52;-;   62;s; 1315;-; 1200;-;  100;-;   15;-;   14;-;    3;-;   25;-;   24;-;   13;-;    9;-;  885;s;  812;s;   69;s;    4;s;    7;s;    5;s;   29;s;   28;s;   23;s;    4;s
4607;5027;05;A;  52;100731; 6;u;10; 1904;-; 1327;s;   54;-;   68;s; 1833;-; 1737;-;   86;-;   10;-;   10;-;    2;-;   33;-;   19;-;   16;-;    7;-; 1245;s; 1146;s;   91;s;    8;s;   10;s;    6;s;   30;s;   32;s;   28;s;    4;s
4607;5027;05;A;  52;100731; 6;u;11; 2162;-; 1621;s;   51;-;   61;s; 2089;-; 1984;-;   86;-;   19;-;   16;-;    5;-;   27;-;   19;-;   15;-;    6;-; 1545;s; 1437;s;   93;s;   15;s;   10;s;    5;s;   25;s;   31;s;   24;s;    5;s
4607;5027;05;A;  52;100731; 6;u;12; 2407;-; 1733;s;   43;-;   52;s; 2344;-; 2237;-;   96;-;   11;-;   13;-;    5;-;   16;-;   22;-;   16;-;    7;-; 1657;s; 1553;s;   91;s;   13;s;   12;s;    2;s;   24;s;   26;s;   21;s;   12;s
4607;5027;05;A;  52;100731; 6;u;13; 2447;-; 1831;s;   32;-;   48;s; 2391;-; 2264;-;  107;-;   20;-;   13;-;    3;-;   15;-;   14;-;   13;-;   11;-; 1763;s; 1660;s;   94;s;    9;s;   12;s;    6;s;   20;s;   22;s;   17;s;    8;s
4607;5027;05;A;  52;100731; 6;u;14; 2552;-; 2016;s;   33;-;   39;s; 2484;-; 2338;-;  125;-;   21;-;   17;-;    3;-;   17;-;   13;-;   12;-;   18;-; 1958;s; 1848;s;   98;s;   12;s;   10;s;    4;s;   16;s;   19;s;   17;s;    9;s
4607;5027;05;A;  52;100731; 6;u;15; 2235;-; 2080;s;   27;-;   46;s; 2185;-; 2069;-;  102;-;   14;-;   11;-;    0;-;   15;-;   12;-;   10;-;   12;-; 2008;s; 1908;s;   87;s;   13;s;   15;s;    6;s;   21;s;   19;s;   15;s;   11;s
4607;5027;05;A;  52;100731; 6;u;16; 2124;-; 1775;s;   29;-;   32;s; 2069;-; 1950;-;  104;-;   15;-;   16;-;    3;-;   14;-;   12;-;   12;-;   10;-; 1725;s; 1627;s;   88;s;   10;s;    7;s;    2;s;   15;s;   15;s;   13;s;   11;s
4607;5027;05;A;  52;100731; 6;u;17; 1883;-; 1825;s;   25;-;   34;s; 1832;-; 1701;-;  115;-;   16;-;   17;-;    5;-;   11;-;    9;-;    8;-;    9;-; 1776;s; 1670;s;   97;s;    9;s;    6;s;    5;s;   19;s;   10;s;    7;s;    9;s
4607;5027;05;A;  52;100731; 6;u;18; 1784;-; 1651;s;   14;-;   32;s; 1755;-; 1639;-;   99;-;   17;-;    8;-;    3;-;    7;-;    4;-;    4;-;    7;-; 1604;s; 1516;s;   80;s;    8;s;    8;s;    9;s;   12;s;   11;s;   10;s;    7;s
4607;5027;05;A;  52;100731; 6;u;19; 1758;-; 1623;s;   18;-;   32;s; 1719;-; 1622;-;   84;-;   13;-;   11;-;    3;-;   11;-;    4;-;    4;-;   10;-; 1579;s; 1495;s;   75;s;    9;s;    7;s;   10;s;    9;s;   13;s;   12;s;    5;s
4607;5027;05;A;  52;100731; 6;u;20; 1514;-; 1289;s;    9;-;   22;s; 1493;-; 1403;-;   85;-;    5;-;    4;-;    2;-;    3;-;    4;-;    4;-;    8;-; 1256;s; 1184;s;   66;s;    6;s;    4;s;    6;s;    9;s;    7;s;    7;s;    7;s
4607;5027;05;A;  52;100731; 6;u;21; 1361;-;  993;s;   11;-;   20;s; 1338;-; 1262;-;   70;-;    6;-;    4;-;    4;-;    6;-;    1;-;    1;-;    8;-;  967;s;  897;s;   64;s;    6;s;    1;s;    7;s;    8;s;    5;s;    3;s;    5;s
4607;5027;05;A;  52;100731; 6;u;22; 1197;-;  829;s;   16;-;   11;s; 1168;-; 1078;-;   79;-;   11;-;    6;-;    2;-;   13;-;    1;-;    0;-;    7;-;  812;s;  764;s;   41;s;    7;s;    2;s;    1;s;    4;s;    6;s;    6;s;    4;s
4607;5027;05;A;  52;100731; 6;u;23; 1146;-;  846;s;   13;-;   19;s; 1122;-; 1062;-;   55;-;    5;-;    6;-;    3;-;    7;-;    3;-;    3;-;    5;-;  820;s;  788;s;   27;s;    5;s;    2;s;    8;s;    9;s;    2;s;    1;s;    5;s
4607;5027;05;A;  52;100731; 6;u;24;  864;-;  911;s;    8;-;   14;s;  851;-;  804;-;   43;-;    4;-;    3;-;    2;-;    3;-;    3;-;    3;-;    2;-;  895;s;  860;s;   31;s;    4;s;    1;s;    7;s;    6;s;    1;s;    1;s;    1;s
4607;5027;05;A;  52;100801; 7;s;01;  628;-;  910;s;    3;-;    8;s;  618;-;  584;-;   34;-;    0;-;    2;-;    0;-;    2;-;    1;-;    1;-;    5;-;  899;s;  859;s;   37;s;    3;s;    1;s;    3;s;    3;s;    2;s;    1;s;    2;s
4607;5027;05;A;  52;100801; 7;s;02;  404;-;  457;s;    4;-;    5;s;  396;-;  373;-;   22;-;    1;-;    1;-;    1;-;    2;-;    1;-;    1;-;    3;-;  450;s;  425;s;   24;s;    1;s;    0;s;    2;s;    3;s;    0;s;    0;s;    2;s
4607;5027;05;A;  52;100801; 7;s;03;  330;-;  261;s;    8;-;    4;s;  320;-;  304;-;   14;-;    2;-;    1;-;    0;-;    6;-;    2;-;    1;-;    1;-;  256;s;  242;s;   14;s;    0;s;    1;s;    1;s;    2;s;    1;s;    1;s;    0;s
4607;5027;05;A;  52;100801; 7;s;04;  512;-;  283;s;    3;-;    3;s;  507;-;  472;-;   34;-;    1;-;    0;-;    0;-;    3;-;    0;-;    0;-;    2;-;  280;s;  260;s;   20;s;    0;s;    0;s;    0;s;    0;s;    3;s;    2;s;    0;s
4607;5027;05;A;  52;100801; 7;s;05;  618;-;  425;s;    4;-;    5;s;  609;-;  575;-;   27;-;    7;-;    3;-;    3;-;    0;-;    1;-;    1;-;    2;-;  415;s;  383;s;   31;s;    1;s;    3;s;    2;s;    2;s;    1;s;    1;s;    2;s
4607;5027;05;A;  52;100801; 7;s;06;  867;-;  498;s;   14;-;    2;s;  841;-;  781;-;   53;-;    7;-;   10;-;    2;-;    6;-;    6;-;    3;-;    2;-;  492;s;  451;s;   40;s;    1;s;    3;s;    0;s;    2;s;    0;s;    0;s;    1;s
4607;5027;05;A;  52;100801; 7;s;07;  711;-;  469;s;   10;-;    8;s;  688;-;  623;-;   63;-;    2;-;    8;-;    1;-;    5;-;    4;-;    4;-;    5;-;  455;s;  411;s;   41;s;    3;s;    4;s;    4;s;    3;s;    1;s;    1;s;    2;s
4607;5027;05;A;  52;100801; 7;s;08;  775;-;  586;s;    8;-;    4;s;  752;-;  688;-;   61;-;    3;-;   10;-;    1;-;    5;-;    2;-;    2;-;    5;-;  572;s;  523;s;   42;s;    7;s;    7;s;    1;s;    1;s;    2;s;    2;s;    3;s
4607;5027;05;A;  52;100801; 7;s;09;  878;-;  705;s;    8;-;    8;s;  853;-;  788;-;   59;-;    6;-;    9;-;    2;-;    4;-;    2;-;    2;-;    8;-;  691;s;  642;s;   45;s;    4;s;    3;s;    3;s;    3;s;    2;s;    2;s;    3;s
4607;5027;05;A;  52;100801; 7;s;10; 1434;-;  927;s;   15;-;   10;s; 1406;-; 1333;-;   62;-;   11;-;    6;-;    4;-;    6;-;    5;-;    5;-;    7;-;  909;s;  845;s;   50;s;   14;s;    5;s;    4;s;    4;s;    2;s;    2;s;    3;s
4607;5027;05;A;  52;100801; 7;s;11; 1844;-; 1355;s;   15;-;   11;s; 1812;-; 1733;-;   65;-;   14;-;    6;-;    3;-;    7;-;    5;-;    5;-;   11;-; 1332;s; 1240;s;   72;s;   20;s;    5;s;    4;s;    2;s;    5;s;    3;s;    7;s
4607;5027;05;A;  52;100801; 7;s;12; 2258;-; 1570;s;   16;-;    9;s; 2222;-; 2117;-;   86;-;   19;-;    3;-;    6;-;    4;-;    6;-;    4;-;   17;-; 1550;s; 1442;s;   81;s;   27;s;    6;s;    1;s;    4;s;    4;s;    3;s;    5;s
4607;5027;05;A;  52;100801; 7;s;13; 2491;-; 1941;s;   19;-;   14;s; 2435;-; 2336;-;   74;-;   25;-;    8;-;    5;-;    8;-;    6;-;    5;-;   29;-; 1911;s; 1797;s;   91;s;   23;s;    8;s;    3;s;    6;s;    5;s;    3;s;    8;s
4607;5027;05;A;  52;100801; 7;s;14; 2446;-; 2003;s;    9;-;   15;s; 2420;-; 2314;-;   72;-;   34;-;   10;-;    5;-;    2;-;    2;-;    1;-;    7;-; 1969;s; 1867;s;   80;s;   22;s;    8;s;    3;s;    6;s;    6;s;    5;s;   11;s
4607;5027;05;A;  52;100801; 7;s;15; 2321;-; 2400;s;   13;-;   15;s; 2296;-; 2175;-;   95;-;   26;-;    6;-;    2;-;    4;-;    7;-;    7;-;    6;-; 2369;s; 2252;s;   96;s;   21;s;    9;s;    2;s;    6;s;    7;s;    4;s;    7;s
4607;5027;05;A;  52;100801; 7;s;16; 2081;-; 2243;s;    9;-;   11;s; 2059;-; 1946;-;   87;-;   26;-;    6;-;    2;-;    2;-;    5;-;    4;-;    7;-; 2209;s; 2087;s;  103;s;   19;s;   11;s;    1;s;    6;s;    4;s;    3;s;   12;s
4607;5027;05;A;  52;100801; 7;s;17; 1900;-; 2158;s;   10;-;   15;s; 1873;-; 1778;-;   78;-;   17;-;    5;-;    1;-;    6;-;    3;-;    3;-;   12;-; 2118;s; 1995;s;  104;s;   19;s;   15;s;    4;s;    4;s;    7;s;    6;s;   10;s
4607;5027;05;A;  52;100801; 7;s;18; 2010;-; 2327;s;   14;-;   15;s; 1976;-; 1880;-;   80;-;   16;-;    5;-;    4;-;    5;-;    5;-;    4;-;   15;-; 2282;s; 2147;s;  108;s;   27;s;   19;s;    3;s;    7;s;    5;s;    4;s;   11;s
4607;5027;05;A;  52;100801; 7;s;19; 2007;-; 2208;s;   17;-;   17;s; 1965;-; 1863;-;   84;-;   18;-;   10;-;    2;-;    5;-;   10;-;   10;-;   15;-; 2167;s; 2041;s;  110;s;   16;s;   14;s;    3;s;    8;s;    6;s;    5;s;   10;s
4607;5027;05;A;  52;100801; 7;s;20; 1806;-; 1719;s;   21;-;   21;s; 1762;-; 1663;-;   83;-;   16;-;    9;-;    0;-;   11;-;   10;-;    9;-;   14;-; 1679;s; 1583;s;   80;s;   16;s;   11;s;    7;s;    7;s;    7;s;    6;s;    8;s
4607;5027;05;A;  52;100801; 7;s;21; 1519;-; 1319;s;   17;-;   15;s; 1485;-; 1414;-;   60;-;   11;-;    7;-;    4;-;    4;-;    9;-;    7;-;   10;-; 1290;s; 1207;s;   74;s;    9;s;    6;s;    4;s;    6;s;    5;s;    4;s;    8;s
4607;5027;05;A;  52;100801; 7;s;22; 1408;-;  978;s;   11;-;   22;s; 1383;-; 1315;-;   59;-;    9;-;    3;-;    2;-;    5;-;    4;-;    4;-;   11;-;  948;s;  884;s;   56;s;    8;s;    4;s;    8;s;    5;s;    9;s;    9;s;    4;s
4607;5027;05;A;  52;100801; 7;s;23; 1102;-; 1001;s;   32;-;   35;s; 1063;-;  978;-;   80;-;    5;-;    2;-;    1;-;    5;-;   26;-;   20;-;    5;-;  959;s;  906;s;   43;s;   10;s;    4;s;    2;s;    4;s;   29;s;   22;s;    3;s
4607;5027;05;A;  52;100801; 7;s;24;  616;-;  870;s;   27;-;   28;s;  583;-;  547;-;   36;-;    0;-;    3;-;    1;-;    6;-;   20;-;   16;-;    3;-;  838;s;  787;s;   46;s;    5;s;    2;s;    2;s;    8;s;   18;s;   15;s;    2;s
4607;5027;05;A;  52;100802; 1;u;01;  318;-;  545;s;   25;-;   29;s;  292;-;  266;-;   26;-;    0;-;    1;-;    1;-;    7;-;   17;-;   12;-;    0;-;  516;s;  479;s;   35;s;    2;s;    0;s;    3;s;    3;s;   23;s;   20;s;    0;s
4607;5027;05;A;  52;100802; 1;u;02;  185;-;  219;s;   25;-;   28;s;  156;-;  130;-;   24;-;    2;-;    2;-;    1;-;    6;-;   18;-;   18;-;    2;-;  190;s;  163;s;   27;s;    0;s;    0;s;    0;s;    5;s;   23;s;   14;s;    1;s
4607;5027;05;A;  52;100802; 1;u;03;  176;-;  136;s;   27;-;   23;s;  149;-;  130;-;   19;-;    0;-;    0;-;    0;-;    9;-;   18;-;   16;-;    0;-;  112;s;   94;s;   18;s;    0;s;    0;s;    1;s;    5;s;   17;s;   15;s;    1;s
4607;5027;05;A;  52;100802; 1;u;04;  442;-;  158;s;   40;-;   40;s;  399;-;  365;-;   32;-;    2;-;    1;-;    0;-;   13;-;   27;-;   22;-;    2;-;  116;s;   96;s;   20;s;    0;s;    1;s;    1;s;   15;s;   24;s;   19;s;    1;s
4607;5027;05;A;  52;100802; 1;u;05;  833;-;  378;s;   74;-;   67;s;  754;-;  710;-;   40;-;    4;-;    2;-;    7;-;   27;-;   40;-;   32;-;    3;-;  307;s;  272;s;   35;s;    0;s;    3;s;    2;s;   34;s;   31;s;   23;s;    1;s
4607;5027;05;A;  52;100802; 1;u;06; 2469;-;  771;s;  165;-;   99;s; 2293;-; 2196;-;   90;-;    7;-;    1;-;    1;-;   70;-;   94;-;   75;-;   10;-;  669;s;  624;s;   40;s;    5;s;    0;s;    4;s;   27;s;   68;s;   55;s;    3;s
4607;5027;05;A;  52;100802; 1;u;07; 4745;-; 1602;s;  246;-;  153;s; 4457;-; 4199;-;  237;-;   21;-;   16;-;    3;-;   95;-;  148;-;  109;-;   26;-; 1443;s; 1341;s;   96;s;    6;s;    4;s;    2;s;   62;s;   89;s;   70;s;    2;s
4607;5027;05;A;  52;100802; 1;u;08; 5643;-; 2640;s;  207;-;  178;s; 5384;-; 5120;-;  251;-;   13;-;   24;-;    0;-;   83;-;  124;-;   88;-;   28;-; 2444;s; 2294;s;  145;s;    5;s;    6;s;    3;s;   77;s;   98;s;   81;s;   12;s
4607;5027;05;A;  52;100802; 1;u;09; 5192;-; 2809;s;  268;-;  212;s; 4892;-; 4686;-;  189;-;   17;-;   22;-;    5;-;  106;-;  157;-;  127;-;   10;-; 2580;s; 2379;s;  199;s;    2;s;   10;s;    4;s;  100;s;  108;s;   75;s;    7;s
4607;5027;05;A;  52;100802; 1;u;10; 3836;-; 2326;s;  238;-;  235;s; 3574;-; 3416;-;  150;-;    8;-;   18;-;    4;-;   99;-;  135;-;  104;-;    6;-; 2072;s; 1864;s;  203;s;    5;s;   10;s;    7;s;   95;s;  133;s;  104;s;    9;s
4607;5027;05;A;  52;100802; 1;u;11; 2812;-; 2176;s;  220;-;  242;s; 2566;-; 2405;-;  154;-;    7;-;   14;-;    3;-;   88;-;  129;-;  101;-;   12;-; 1899;s; 1716;s;  182;s;    1;s;   20;s;    8;s;   93;s;  141;s;  109;s;   15;s
4607;5027;05;A;  52;100802; 1;u;12; 2606;-; 2302;s;  234;-;  257;s; 2345;-; 2144;-;  192;-;    9;-;   14;-;    5;-;   97;-;  132;-;  105;-;   13;-; 2023;s; 1807;s;  209;s;    7;s;    8;s;    5;s;  107;s;  145;s;  115;s;   14;s
4607;5027;05;A;  52;100802; 1;u;13; 2543;-; 2591;s;  203;-;  244;s; 2319;-; 2157;-;  158;-;    4;-;   14;-;    7;-;   67;-;  129;-;  107;-;    7;-; 2322;s; 2126;s;  195;s;    1;s;   13;s;    1;s;  100;s;  143;s;  100;s;   12;s
4607;5027;05;A;  52;100802; 1;u;14; 2710;-; 3036;s;  220;-;  253;s; 2467;-; 2300;-;  157;-;   10;-;   16;-;    1;-;  102;-;  117;-;   94;-;    7;-; 2763;s; 2572;s;  183;s;    8;s;   10;s;    3;s;  107;s;  143;s;  114;s;   10;s
4607;5027;05;A;  52;100802; 1;u;15; 2420;-; 3604;s;  219;-;  244;s; 2175;-; 1989;-;  181;-;    5;-;    9;-;    2;-;   91;-;  126;-;   91;-;   17;-; 3340;s; 3115;s;  222;s;    3;s;   13;s;    7;s;  108;s;  129;s;  100;s;    7;s
4607;5027;05;A;  52;100802; 1;u;16; 2532;-; 4410;s;  171;-;  223;s; 2316;-; 2158;-;  153;-;    5;-;   12;-;    3;-;   65;-;  103;-;   80;-;   33;-; 4159;s; 3913;s;  236;s;   10;s;   14;s;    2;s;   94;s;  127;s;  100;s;   14;s
4607;5027;05;A;  52;100802; 1;u;17; 2982;-; 5412;s;  159;-;  180;s; 2795;-; 2643;-;  143;-;    9;-;   18;-;    4;-;   66;-;   89;-;   73;-;   10;-; 5197;s; 4894;s;  291;s;   12;s;   22;s;    3;s;   78;s;   99;s;   82;s;   13;s
4607;5027;05;A;  52;100802; 1;u;18; 3043;-; 5592;s;  125;-;  128;s; 2891;-; 2774;-;  110;-;    7;-;   11;-;    4;-;   42;-;   79;-;   63;-;   16;-; 5438;s; 5270;s;  158;s;   10;s;   18;s;    6;s;   46;s;   76;s;   61;s;    8;s
4607;5027;05;A;  52;100802; 1;u;19; 2959;-; 4444;s;  114;-;   94;s; 2821;-; 2686;-;  128;-;    7;-;    7;-;    3;-;   26;-;   85;-;   65;-;   17;-; 4324;s; 4132;s;  182;s;   10;s;   16;s;    2;s;   33;s;   59;s;   48;s;   10;s
4607;5027;05;A;  52;100802; 1;u;20; 1992;-; 2760;s;   57;-;   67;s; 1912;-; 1804;-;   98;-;   10;-;    6;-;    2;-;   14;-;   41;-;   29;-;   17;-; 2670;s; 2507;s;  158;s;    5;s;   15;s;    4;s;   21;s;   42;s;   28;s;    8;s
4607;5027;05;A;  52;100802; 1;u;21; 1392;-; 1832;s;   54;-;   64;s; 1321;-; 1235;-;   78;-;    8;-;    3;-;    2;-;   10;-;   42;-;   36;-;   14;-; 1753;s; 1643;s;  103;s;    7;s;    6;s;    5;s;   10;s;   49;s;   32;s;    9;s
4607;5027;05;A;  52;100802; 1;u;22; 1031;-; 1380;s;   39;-;   41;s;  988;-;  919;-;   65;-;    4;-;    2;-;    3;-;    9;-;   27;-;   23;-;    2;-; 1330;s; 1235;s;   88;s;    7;s;    7;s;    1;s;    8;s;   32;s;   23;s;    2;s
4607;5027;05;A;  52;100802; 1;u;23;  827;-; 1212;s;   30;-;   38;s;  790;-;  731;-;   54;-;    5;-;    1;-;    1;-;    3;-;   26;-;   25;-;    6;-; 1166;s; 1085;s;   76;s;    5;s;    2;s;    2;s;    7;s;   29;s;   20;s;    6;s
4607;5027;05;A;  52;100802; 1;u;24;  393;-;  940;s;   34;-;   38;s;  358;-;  329;-;   28;-;    1;-;    0;-;    2;-;    7;-;   25;-;   17;-;    1;-;  901;s;  850;s;   50;s;    1;s;    0;s;    6;s;    7;s;   25;s;   15;s;    1;s
4607;5027;05;A;  52;100803; 2;u;01;  248;-;  417;s;   33;-;   37;s;  213;-;  174;-;   39;-;    0;-;    0;-;    1;-;    3;-;   29;-;   23;-;    2;-;  376;s;  351;s;   24;s;    1;s;    1;s;    2;s;    7;s;   28;s;   19;s;    3;s
4607;5027;05;A;  52;100803; 2;u;02;  140;-;  183;s;   35;-;   28;s;  105;-;   95;-;    9;-;    1;-;    0;-;    1;-;   10;-;   24;-;   19;-;    0;-;  153;s;  141;s;   12;s;    0;s;    1;s;    0;s;    3;s;   25;s;   19;s;    1;s
4607;5027;05;A;  52;100803; 2;u;03;  170;-;  136;s;   45;-;   31;s;  122;-;  107;-;   15;-;    0;-;    2;-;    0;-;   14;-;   31;-;   22;-;    1;-;  104;s;   84;s;   20;s;    0;s;    1;s;    0;s;    9;s;   22;s;   16;s;    0;s
4607;5027;05;A;  52;100803; 2;u;04;  457;-;  152;s;   55;-;   44;s;  398;-;  368;-;   29;-;    1;-;    2;-;    2;-;   20;-;   33;-;   22;-;    2;-;  107;s;   83;s;   24;s;    0;s;    1;s;    1;s;   13;s;   30;s;   25;s;    0;s
4607;5027;05;A;  52;100803; 2;u;05;  779;-;  360;s;   99;-;   83;s;  677;-;  628;-;   45;-;    4;-;    0;-;    6;-;   28;-;   65;-;   48;-;    3;-;  272;s;  236;s;   35;s;    1;s;    2;s;    1;s;   36;s;   46;s;   38;s;    3;s
4607;5027;05;A;  52;100803; 2;u;06; 2378;-;  731;s;  177;-;  109;s; 2188;-; 2076;-;   95;-;   17;-;    2;-;    2;-;   60;-;  115;-;   90;-;   11;-;  615;s;  548;s;   60;s;    7;s;    3;s;    1;s;   39;s;   69;s;   50;s;    4;s
4607;5027;05;A;  52;100803; 2;u;07; 4753;-; 1499;s;  264;-;  159;s; 4445;-; 4130;-;  284;-;   31;-;   17;-;    4;-;  100;-;  160;-;  118;-;   27;-; 1327;s; 1214;s;  104;s;    9;s;    6;s;    6;s;   65;s;   88;s;   61;s;    7;s
4607;5027;05;A;  52;100803; 2;u;08; 5673;-; 2488;s;  219;-;  187;s; 5397;-; 5152;-;  222;-;   23;-;   29;-;    1;-;   83;-;  135;-;  102;-;   28;-; 2286;s; 2131;s;  146;s;    9;s;    8;s;    4;s;   84;s;   99;s;   73;s;    7;s
4607;5027;05;A;  52;100803; 2;u;09; 5078;-; 2836;s;  221;-;  244;s; 4816;-; 4626;-;  173;-;   17;-;   20;-;    9;-;   84;-;  128;-;  104;-;   21;-; 2574;s; 2403;s;  160;s;   11;s;    9;s;    9;s;  110;s;  125;s;   94;s;    9;s
4607;5027;05;A;  52;100803; 2;u;10; 3591;-; 2375;s;  264;-;  246;s; 3298;-; 3098;-;  188;-;   12;-;   15;-;    4;-;   88;-;  172;-;  132;-;   14;-; 2108;s; 1918;s;  180;s;   10;s;   12;s;    9;s;  104;s;  133;s;  106;s;    9;s
4607;5027;05;A;  52;100803; 2;u;11; 2728;-; 2282;s;  234;-;  255;s; 2470;-; 2317;-;  148;-;    5;-;   13;-;    4;-;   94;-;  136;-;  104;-;   11;-; 2006;s; 1818;s;  179;s;    9;s;    9;s;    6;s;   99;s;  150;s;  118;s;   12;s
4607;5027;05;A;  52;100803; 2;u;12; 2665;-; 2327;s;  225;-;  260;s; 2413;-; 2223;-;  182;-;    8;-;   11;-;    0;-;   90;-;  135;-;  113;-;   16;-; 2044;s; 1852;s;  184;s;    8;s;   11;s;    4;s;   96;s;  160;s;  127;s;   12;s
4607;5027;05;A;  52;100803; 2;u;13; 2678;-; 2536;s;  212;-;  245;s; 2443;-; 2267;-;  161;-;   15;-;   12;-;    2;-;   78;-;  132;-;  108;-;   11;-; 2268;s; 2097;s;  165;s;    6;s;   14;s;    4;s;   97;s;  144;s;  108;s;    9;s
4607;5027;05;A;  52;100803; 2;u;14; 2879;-; 3022;s;  209;-;  252;s; 2648;-; 2455;-;  182;-;   11;-;   16;-;    2;-;   72;-;  135;-;  105;-;    6;-; 2743;s; 2546;s;  186;s;   11;s;   12;s;    3;s;  100;s;  149;s;  115;s;   15;s
4607;5027;05;A;  52;100803; 2;u;15; 2517;-; 3623;s;  249;-;  259;s; 2243;-; 2074;-;  157;-;   12;-;   15;-;    4;-;   89;-;  156;-;  122;-;   10;-; 3328;s; 3101;s;  209;s;   18;s;   20;s;    8;s;  112;s;  139;s;  109;s;   16;s
4607;5027;05;A;  52;100803; 2;u;16; 2599;-; 4571;s;  198;-;  231;s; 2370;-; 2182;-;  175;-;   13;-;   15;-;    5;-;   67;-;  126;-;  100;-;   16;-; 4299;s; 4038;s;  235;s;   26;s;   25;s;    5;s;   88;s;  138;s;  105;s;   16;s
4607;5027;05;A;  52;100803; 2;u;17; 3033;-; 5455;s;  169;-;  182;s; 2837;-; 2645;-;  186;-;    6;-;   13;-;    3;-;   62;-;  104;-;   81;-;   14;-; 5239;s; 4992;s;  219;s;   28;s;   22;s;    3;s;   62;s;  117;s;   93;s;   12;s
4607;5027;05;A;  52;100803; 2;u;18; 3219;-; 5625;s;  130;-;  144;s; 3064;-; 2928;-;  122;-;   14;-;   11;-;    3;-;   37;-;   90;-;   72;-;   14;-; 5453;s; 5272;s;  154;s;   27;s;   21;s;    6;s;   45;s;   93;s;   74;s;    7;s
4607;5027;05;A;  52;100803; 2;u;19; 2949;-; 4711;s;   86;-;   99;s; 2835;-; 2707;-;  112;-;   16;-;    4;-;    3;-;   13;-;   70;-;   57;-;   24;-; 4591;s; 4435;s;  137;s;   19;s;   13;s;    5;s;   27;s;   67;s;   52;s;    8;s
4607;5027;05;A;  52;100803; 2;u;20; 2153;-; 3110;s;   75;-;   89;s; 2054;-; 1945;-;   99;-;   10;-;   10;-;    5;-;   19;-;   51;-;   41;-;   14;-; 3000;s; 2830;s;  154;s;   16;s;    8;s;    5;s;   19;s;   65;s;   52;s;   13;s
4607;5027;05;A;  52;100803; 2;u;21; 1467;-; 2111;s;   67;-;   74;s; 1390;-; 1290;-;   89;-;   11;-;    3;-;    4;-;   12;-;   51;-;   35;-;    7;-; 2016;s; 1844;s;  159;s;   13;s;    5;s;    6;s;   14;s;   54;s;   38;s;   16;s
4607;5027;05;A;  52;100803; 2;u;22; 1248;-; 1560;s;   46;-;   57;s; 1187;-; 1109;-;   75;-;    3;-;    5;-;    2;-;   14;-;   30;-;   21;-;   10;-; 1495;s; 1374;s;  108;s;   13;s;    1;s;    3;s;    5;s;   49;s;   37;s;    7;s
4607;5027;05;A;  52;100803; 2;u;23; 1003;-; 1355;s;   34;-;   42;s;  958;-;  904;-;   51;-;    3;-;    4;-;    4;-;    8;-;   22;-;   16;-;    7;-; 1307;s; 1231;s;   63;s;   13;s;    1;s;    0;s;   10;s;   32;s;   21;s;    5;s
4607;5027;05;A;  52;100803; 2;u;24;  504;-;  971;s;   37;-;   38;s;  464;-;  418;-;   44;-;    2;-;    1;-;    0;-;    7;-;   30;-;   27;-;    2;-;  927;s;  880;s;   45;s;    2;s;    2;s;    1;s;    4;s;   33;s;   25;s;    4;s
4607;5027;05;A;  52;100804; 3;u;01;  261;-;  466;s;   30;-;   32;s;  228;-;  202;-;   24;-;    2;-;    2;-;    1;-;    9;-;   20;-;   15;-;    1;-;  430;s;  397;s;   29;s;    4;s;    2;s;    1;s;    5;s;   26;s;   18;s;    2;s
4607;5027;05;A;  52;100804; 3;u;02;  170;-;  218;s;   43;-;   26;s;  127;-;  111;-;   15;-;    1;-;    0;-;    1;-;    9;-;   33;-;   25;-;    0;-;  188;s;  160;s;   28;s;    0;s;    2;s;    0;s;    5;s;   21;s;   16;s;    2;s
4607;5027;05;A;  52;100804; 3;u;03;  146;-;  158;s;   46;-;   28;s;  100;-;   90;-;    9;-;    1;-;    0;-;    1;-;   13;-;   32;-;   21;-;    0;-;  129;s;  109;s;   20;s;    0;s;    1;s;    0;s;    7;s;   21;s;   16;s;    0;s
4607;5027;05;A;  52;100804; 3;u;04;  472;-;  153;s;   47;-;   44;s;  424;-;  379;-;   43;-;    2;-;    0;-;    0;-;   13;-;   34;-;   22;-;    1;-;  109;s;   85;s;   24;s;    0;s;    0;s;    0;s;   11;s;   33;s;   20;s;    0;s
4607;5027;05;A;  52;100804; 3;u;05;  747;-;  346;s;   96;-;   72;s;  646;-;  605;-;   36;-;    5;-;    3;-;    5;-;   32;-;   59;-;   44;-;    2;-;  271;s;  246;s;   25;s;    0;s;    1;s;    0;s;   27;s;   45;s;   34;s;    2;s
4607;5027;05;A;  52;100804; 3;u;06; 2380;-;  711;s;  184;-;  115;s; 2184;-; 2081;-;   84;-;   19;-;    2;-;    2;-;   69;-;  113;-;   96;-;   10;-;  590;s;  524;s;   59;s;    7;s;    2;s;    3;s;   36;s;   76;s;   56;s;    4;s
4607;5027;05;A;  52;100804; 3;u;07; 4694;-; 1503;s;  224;-;  155;s; 4426;-; 4113;-;  291;-;   22;-;   21;-;    1;-;   90;-;  133;-;   94;-;   23;-; 1338;s; 1227;s;  101;s;   10;s;    6;s;    5;s;   69;s;   81;s;   59;s;    4;s
4607;5027;05;A;  52;100804; 3;u;08; 5474;-; 2489;s;  226;-;  174;s; 5213;-; 4976;-;  215;-;   22;-;   18;-;    9;-;   98;-;  119;-;   92;-;   17;-; 2298;s; 2150;s;  139;s;    9;s;    7;s;    5;s;   75;s;   94;s;   66;s;   10;s
4607;5027;05;A;  52;100804; 3;u;09; 5178;-; 2780;s;  245;-;  236;s; 4885;-; 4684;-;  187;-;   14;-;   23;-;    0;-;   99;-;  146;-;  105;-;   25;-; 2525;s; 2366;s;  154;s;    5;s;    8;s;    7;s;  110;s;  119;s;   90;s;   11;s
4607;5027;05;A;  52;100804; 3;u;10; 3545;-; 2346;s;  244;-;  244;s; 3285;-; 3109;-;  167;-;    9;-;    8;-;    8;-;   84;-;  152;-;  125;-;    8;-; 2086;s; 1886;s;  191;s;    9;s;    7;s;    7;s;  101;s;  136;s;  101;s;    9;s
4607;5027;05;A;  52;100804; 3;u;11; 2798;-; 2215;s;  230;-;  261;s; 2538;-; 2381;-;  150;-;    7;-;   17;-;    4;-;   82;-;  144;-;  112;-;   13;-; 1932;s; 1734;s;  193;s;    5;s;   13;s;    6;s;   93;s;  162;s;  132;s;    9;s
4607;5027;05;A;  52;100804; 3;u;12; 2638;-; 2365;s;  262;-;  260;s; 2359;-; 2185;-;  171;-;    3;-;   11;-;    3;-;  104;-;  155;-;  137;-;    6;-; 2080;s; 1880;s;  188;s;   12;s;   16;s;    3;s;  101;s;  156;s;  129;s;    9;s
4607;5027;05;A;  52;100804; 3;u;13; 2694;-; 2631;s;  224;-;  242;s; 2443;-; 2270;-;  165;-;    8;-;   14;-;    3;-;   85;-;  136;-;  115;-;   13;-; 2357;s; 2150;s;  196;s;   11;s;   18;s;    2;s;   90;s;  150;s;  112;s;   14;s
4607;5027;05;A;  52;100804; 3;u;14; 2838;-; 3136;s;  227;-;  252;s; 2591;-; 2434;-;  142;-;   15;-;   16;-;    2;-;   80;-;  145;-;  119;-;    4;-; 2855;s; 2628;s;  215;s;   12;s;   16;s;    3;s;  102;s;  147;s;  112;s;   13;s
4607;5027;05;A;  52;100804; 3;u;15; 2593;-; 3802;s;  205;-;  245;s; 2353;-; 2175;-;  167;-;   11;-;   16;-;   10;-;   73;-;  122;-;   94;-;   19;-; 3530;s; 3290;s;  216;s;   24;s;   17;s;    6;s;  100;s;  139;s;  106;s;   10;s
4607;5027;05;A;  52;100804; 3;u;16; 2724;-; 4613;s;  189;-;  229;s; 2515;-; 2325;-;  180;-;   10;-;   13;-;    7;-;   85;-;   97;-;   78;-;    7;-; 4348;s; 4076;s;  247;s;   25;s;   22;s;    4;s;   90;s;  135;s;  102;s;   14;s
4607;5027;05;A;  52;100804; 3;u;17; 3116;-; 5470;s;  150;-;  184;s; 2947;-; 2800;-;  137;-;   10;-;   13;-;   11;-;   47;-;   92;-;   65;-;    6;-; 5247;s; 4992;s;  221;s;   34;s;   27;s;    7;s;   61;s;  116;s;   89;s;   12;s
4607;5027;05;A;  52;100804; 3;u;18; 3227;-; 5804;s;  117;-;  139;s; 3088;-; 2985;-;   95;-;    8;-;   10;-;    4;-;   36;-;   77;-;   62;-;   12;-; 5635;s; 5472;s;  134;s;   29;s;   20;s;    7;s;   41;s;   91;s;   64;s;   10;s
4607;5027;05;A;  52;100804; 3;u;19; 2940;-; 4925;s;   87;-;  109;s; 2835;-; 2738;-;   91;-;    6;-;    6;-;    4;-;   14;-;   69;-;   54;-;   12;-; 4794;s; 4651;s;  122;s;   21;s;   13;s;    5;s;   22;s;   82;s;   65;s;    9;s
4607;5027;05;A;  52;100804; 3;u;20; 2166;-; 3166;s;   58;-;   79;s; 2090;-; 1988;-;   94;-;    8;-;    9;-;    3;-;   16;-;   39;-;   31;-;    9;-; 3061;s; 2902;s;  141;s;   18;s;    9;s;    2;s;   21;s;   56;s;   43;s;   17;s
4607;5027;05;A;  52;100804; 3;u;21; 1449;-; 2128;s;   46;-;   64;s; 1391;-; 1298;-;   82;-;   11;-;    3;-;    3;-;   11;-;   32;-;   22;-;    9;-; 2042;s; 1875;s;  157;s;   10;s;    7;s;    6;s;   10;s;   48;s;   34;s;   15;s
4607;5027;05;A;  52;100804; 3;u;22; 1233;-; 1566;s;   42;-;   50;s; 1182;-; 1123;-;   57;-;    2;-;    3;-;    2;-;    5;-;   35;-;   27;-;    6;-; 1504;s; 1373;s;  117;s;   14;s;    4;s;    2;s;    9;s;   39;s;   27;s;    8;s
4607;5027;05;A;  52;100804; 3;u;23;  963;-; 1453;s;   36;-;   39;s;  919;-;  875;-;   42;-;    2;-;    1;-;    0;-;    8;-;   28;-;   25;-;    7;-; 1406;s; 1311;s;   81;s;   14;s;    2;s;    1;s;    8;s;   30;s;   22;s;    6;s
4607;5027;05;A;  52;100804; 3;u;24;  604;-; 1069;s;   33;-;   36;s;  570;-;  540;-;   29;-;    1;-;    0;-;    0;-;    7;-;   26;-;   22;-;    1;-; 1027;s;  959;s;   63;s;    5;s;    2;s;    1;s;    7;s;   28;s;   19;s;    4;s
4607;5027;05;A;  52;100805; 4;u;01;  301;-;  492;s;   36;-;   36;s;  264;-;  239;-;   25;-;    0;-;    0;-;    1;-;    9;-;   26;-;   22;-;    1;-;  452;s;  413;s;   36;s;    3;s;    2;s;    3;s;    6;s;   27;s;   19;s;    2;s
4607;5027;05;A;  52;100805; 4;u;02;  159;-;  236;s;   41;-;   29;s;  117;-;  104;-;   12;-;    1;-;    1;-;    1;-;    9;-;   31;-;   22;-;    0;-;  206;s;  184;s;   21;s;    1;s;    0;s;    0;s;    6;s;   23;s;   18;s;    1;s
4607;5027;05;A;  52;100805; 4;u;03;  167;-;  157;s;   43;-;   32;s;  122;-;  115;-;    7;-;    0;-;    2;-;    1;-;   14;-;   28;-;   22;-;    0;-;  124;s;  105;s;   19;s;    0;s;    0;s;    0;s;    7;s;   25;s;   19;s;    1;s
4607;5027;05;A;  52;100805; 4;u;04;  404;-;  169;s;   66;-;   42;s;  335;-;  305;-;   28;-;    2;-;    1;-;    1;-;   22;-;   43;-;   28;-;    2;-;  127;s;  102;s;   25;s;    0;s;    0;s;    0;s;   13;s;   29;s;   21;s;    0;s
4607;5027;05;A;  52;100805; 4;u;05;  776;-;  340;s;   98;-;   75;s;  669;-;  619;-;   48;-;    2;-;    3;-;    6;-;   32;-;   60;-;   40;-;    6;-;  262;s;  226;s;   36;s;    0;s;    3;s;    2;s;   36;s;   37;s;   25;s;    0;s
4607;5027;05;A;  52;100805; 4;u;06; 2257;-;  718;s;  151;-;  106;s; 2094;-; 1975;-;  110;-;    9;-;    2;-;    2;-;   50;-;   99;-;   77;-;   10;-;  606;s;  532;s;   68;s;    6;s;    4;s;    1;s;   38;s;   67;s;   49;s;    2;s
4607;5027;05;A;  52;100805; 4;u;07; 4663;-; 1555;s;  258;-;  152;s; 4374;-; 4073;-;  278;-;   23;-;   19;-;    2;-;  114;-;  142;-;  107;-;   12;-; 1388;s; 1266;s;  112;s;   10;s;    8;s;    4;s;   63;s;   85;s;   60;s;    7;s
4607;5027;05;A;  52;100805; 4;u;08; 5318;-; 2652;s;  205;-;  197;s; 5065;-; 4826;-;  222;-;   17;-;   23;-;    5;-;   90;-;  110;-;   86;-;   25;-; 2436;s; 2259;s;  164;s;   13;s;    7;s;    5;s;   89;s;  103;s;   73;s;   12;s
4607;5027;05;A;  52;100805; 4;u;09; 5080;-; 2874;s;  244;-;  239;s; 4808;-; 4615;-;  180;-;   13;-;   11;-;    6;-;   98;-;  140;-;  106;-;   17;-; 2612;s; 2440;s;  163;s;    9;s;   10;s;   12;s;  106;s;  121;s;   91;s;   13;s
4607;5027;05;A;  52;100805; 4;u;10; 3670;-; 2514;s;  253;-;  245;s; 3374;-; 3206;-;  162;-;    6;-;   19;-;    6;-;   99;-;  148;-;  118;-;   24;-; 2251;s; 2032;s;  211;s;    8;s;   12;s;    9;s;   97;s;  139;s;  102;s;    6;s
4607;5027;05;A;  52;100805; 4;u;11; 2794;-; 2335;s;  232;-;  250;s; 2544;-; 2369;-;  169;-;    6;-;   11;-;    4;-;   86;-;  142;-;  115;-;    7;-; 2057;s; 1845;s;  201;s;   11;s;   20;s;    5;s;  101;s;  144;s;  118;s;    8;s
4607;5027;05;A;  52;100805; 4;u;12; 2792;-; 2414;s;  227;-;  247;s; 2536;-; 2341;-;  186;-;    9;-;   14;-;    3;-;   90;-;  134;-;  102;-;   15;-; 2137;s; 1925;s;  204;s;    8;s;   17;s;    4;s;   95;s;  148;s;  114;s;   13;s
4607;5027;05;A;  52;100805; 4;u;13; 2676;-; 2757;s;  208;-;  240;s; 2446;-; 2279;-;  156;-;   11;-;   16;-;    8;-;   84;-;  116;-;   86;-;    6;-; 2489;s; 2280;s;  197;s;   12;s;   14;s;    2;s;   89;s;  149;s;  112;s;   14;s
4607;5027;05;A;  52;100805; 4;u;14; 2717;-; 3175;s;  191;-;  246;s; 2495;-; 2341;-;  145;-;    9;-;   12;-;    2;-;   74;-;  115;-;   93;-;   19;-; 2900;s; 2665;s;  222;s;   13;s;   16;s;    4;s;   96;s;  146;s;  110;s;   13;s
4607;5027;05;A;  52;100805; 4;u;15; 2689;-; 3752;s;  212;-;  255;s; 2449;-; 2286;-;  155;-;    8;-;   14;-;    0;-;   91;-;  121;-;  100;-;   14;-; 3466;s; 3219;s;  227;s;   20;s;   16;s;    6;s;  102;s;  147;s;  115;s;   15;s
4607;5027;05;A;  52;100805; 4;u;16; 2942;-; 4702;s;  193;-;  234;s; 2721;-; 2541;-;  172;-;    8;-;   14;-;    6;-;   87;-;  100;-;   76;-;   14;-; 4433;s; 4143;s;  258;s;   32;s;   20;s;    4;s;   92;s;  138;s;  105;s;   15;s
4607;5027;05;A;  52;100805; 4;u;17; 3234;-; 5491;s;  171;-;  183;s; 3038;-; 2882;-;  146;-;   10;-;   17;-;    7;-;   63;-;  101;-;   79;-;    8;-; 5274;s; 4972;s;  266;s;   36;s;   18;s;    7;s;   67;s;  109;s;   83;s;   16;s
4607;5027;05;A;  52;100805; 4;u;18; 3325;-; 5645;s;  109;-;  135;s; 3190;-; 3053;-;  129;-;    8;-;   13;-;    4;-;   25;-;   80;-;   66;-;   13;-; 5475;s; 5287;s;  156;s;   32;s;   16;s;    6;s;   38;s;   91;s;   71;s;   19;s
4607;5027;05;A;  52;100805; 4;u;19; 3052;-; 4911;s;   93;-;  106;s; 2939;-; 2808;-;  117;-;   14;-;    8;-;    4;-;   23;-;   66;-;   50;-;   12;-; 4773;s; 4573;s;  172;s;   28;s;   17;s;    3;s;   32;s;   71;s;   51;s;   15;s
4607;5027;05;A;  52;100805; 4;u;20; 2329;-; 3234;s;   65;-;   80;s; 2244;-; 2129;-;  109;-;    6;-;    7;-;    3;-;   18;-;   44;-;   37;-;   13;-; 3124;s; 2921;s;  181;s;   22;s;   10;s;    2;s;   23;s;   55;s;   41;s;   20;s
4607;5027;05;A;  52;100805; 4;u;21; 1471;-; 2304;s;   51;-;   59;s; 1406;-; 1322;-;   74;-;   10;-;    2;-;    4;-;   17;-;   30;-;   21;-;   12;-; 2225;s; 2053;s;  154;s;   18;s;    6;s;    5;s;    9;s;   45;s;   31;s;   14;s
4607;5027;05;A;  52;100805; 4;u;22; 1187;-; 1764;s;   43;-;   48;s; 1129;-; 1059;-;   66;-;    4;-;    5;-;    3;-;   12;-;   28;-;   23;-;   10;-; 1703;s; 1570;s;  114;s;   19;s;    5;s;    2;s;    8;s;   38;s;   27;s;    8;s
4607;5027;05;A;  52;100805; 4;u;23;  924;-; 1494;s;   39;-;   39;s;  873;-;  817;-;   54;-;    2;-;    3;-;    0;-;    7;-;   32;-;   30;-;    9;-; 1447;s; 1362;s;   70;s;   15;s;    2;s;    2;s;    8;s;   29;s;   20;s;    6;s
4607;5027;05;A;  52;100805; 4;u;24;  594;-; 1158;s;   30;-;   33;s;  558;-;  517;-;   40;-;    1;-;    4;-;    0;-;    7;-;   23;-;   21;-;    2;-; 1119;s; 1050;s;   63;s;    6;s;    1;s;    1;s;    7;s;   25;s;   18;s;    5;s
4607;5027;05;A;  52;100806; 5;u;01;  326;-;  517;s;   32;-;   31;s;  289;-;  259;-;   28;-;    2;-;    2;-;    0;-;    9;-;   23;-;   15;-;    3;-;  481;s;  439;s;   38;s;    4;s;    2;s;    2;s;    4;s;   25;s;   19;s;    3;s
4607;5027;05;A;  52;100806; 5;u;02;  166;-;  269;s;   36;-;   28;s;  126;-;  112;-;   12;-;    2;-;    3;-;    3;-;   11;-;   22;-;   14;-;    1;-;  238;s;  206;s;   30;s;    2;s;    1;s;    0;s;    5;s;   23;s;   14;s;    2;s
4607;5027;05;A;  52;100806; 5;u;03;  186;-;  152;s;   49;-;   26;s;  135;-;  110;-;   24;-;    1;-;    1;-;    0;-;   12;-;   37;-;   28;-;    1;-;  124;s;  108;s;   16;s;    0;s;    1;s;    0;s;    7;s;   19;s;   14;s;    1;s
4607;5027;05;A;  52;100806; 5;u;04;  428;-;  187;s;   62;-;   46;s;  363;-;  322;-;   41;-;    0;-;    3;-;    0;-;   23;-;   39;-;   24;-;    0;-;  138;s;  114;s;   24;s;    0;s;    2;s;    1;s;   18;s;   27;s;   22;s;    1;s
4607;5027;05;A;  52;100806; 5;u;05;  762;-;  420;s;   90;-;   79;s;  665;-;  612;-;   45;-;    8;-;    3;-;    5;-;   27;-;   58;-;   47;-;    4;-;  340;s;  295;s;   42;s;    3;s;    1;s;    3;s;   28;s;   48;s;   33;s;    0;s
4607;5027;05;A;  52;100806; 5;u;06; 2201;-;  763;s;  192;-;  109;s; 1998;-; 1903;-;   78;-;   17;-;    2;-;    4;-;   62;-;  126;-;  106;-;    9;-;  648;s;  573;s;   67;s;    8;s;    3;s;    3;s;   34;s;   72;s;   48;s;    3;s
4607;5027;05;A;  52;100806; 5;u;07; 4321;-; 1449;s;  223;-;  158;s; 4048;-; 3747;-;  274;-;   27;-;   15;-;    1;-;   89;-;  133;-;   99;-;   35;-; 1275;s; 1155;s;  107;s;   13;s;   10;s;    5;s;   64;s;   89;s;   61;s;    6;s
4607;5027;05;A;  52;100806; 5;u;08; 5116;-; 2350;s;  214;-;  189;s; 4836;-; 4564;-;  242;-;   30;-;   24;-;    4;-;  104;-;  106;-;   65;-;   42;-; 2144;s; 1987;s;  144;s;   13;s;    8;s;    5;s;   79;s;  105;s;   79;s;    9;s
4607;5027;05;A;  52;100806; 5;u;09; 4795;-; 2632;s;  240;-;  234;s; 4514;-; 4305;-;  185;-;   24;-;   24;-;    3;-;   88;-;  149;-;  127;-;   17;-; 2375;s; 2197;s;  166;s;   12;s;   14;s;   11;s;  106;s;  117;s;   94;s;    9;s
4607;5027;05;A;  52;100806; 5;u;10; 3267;-; 2263;s;  228;-;  252;s; 3012;-; 2784;-;  215;-;   13;-;   12;-;    9;-;  101;-;  118;-;   86;-;   15;-; 1985;s; 1800;s;  176;s;    9;s;   16;s;    6;s;  103;s;  143;s;  103;s;   10;s
4607;5027;05;A;  52;100806; 5;u;11; 2574;-; 2297;s;  242;-;  258;s; 2316;-; 2156;-;  146;-;   14;-;   11;-;    5;-;   86;-;  151;-;  112;-;    5;-; 2014;s; 1803;s;  203;s;    8;s;   15;s;    7;s;  104;s;  147;s;  116;s;   10;s
4607;5027;05;A;  52;100806; 5;u;12; 2548;-; 2432;s;  219;-;  246;s; 2303;-; 2116;-;  169;-;   18;-;   16;-;    6;-;   89;-;  124;-;  100;-;   10;-; 2161;s; 1937;s;  211;s;   13;s;   14;s;    6;s;   87;s;  153;s;  122;s;   11;s
4607;5027;05;A;  52;100806; 5;u;13; 2707;-; 3251;s;  228;-;  232;s; 2453;-; 2250;-;  183;-;   20;-;   13;-;    7;-;   83;-;  138;-;   99;-;   13;-; 2989;s; 2764;s;  209;s;   16;s;   16;s;    4;s;   90;s;  138;s;  110;s;   14;s
4607;5027;05;A;  52;100806; 5;u;14; 2921;-; 4034;s;  171;-;  253;s; 2712;-; 2516;-;  176;-;   20;-;   19;-;    0;-;   57;-;  114;-;   90;-;   19;-; 3746;s; 3493;s;  230;s;   23;s;   19;s;    8;s;   99;s;  146;s;  112;s;   16;s
4607;5027;05;A;  52;100806; 5;u;15; 2886;-; 4664;s;  169;-;  223;s; 2686;-; 2500;-;  168;-;   18;-;   16;-;    3;-;   72;-;   94;-;   73;-;   15;-; 4403;s; 4157;s;  214;s;   32;s;   23;s;    4;s;   84;s;  135;s;   98;s;   15;s
4607;5027;05;A;  52;100806; 5;u;16; 3096;-; 4912;s;  154;-;  210;s; 2910;-; 2728;-;  159;-;   23;-;   20;-;    6;-;   67;-;   81;-;   57;-;   12;-; 4661;s; 4428;s;  196;s;   37;s;   23;s;    7;s;   69;s;  134;s;   98;s;   18;s
4607;5027;05;A;  52;100806; 5;u;17; 3009;-; 4716;s;  127;-;  140;s; 2853;-; 2690;-;  138;-;   25;-;   15;-;    3;-;   41;-;   83;-;   61;-;   14;-; 4539;s; 4324;s;  187;s;   28;s;   19;s;    6;s;   44;s;   90;s;   70;s;   18;s
4607;5027;05;A;  52;100806; 5;u;18; 2961;-; 4427;s;   92;-;  114;s; 2837;-; 2706;-;  120;-;   11;-;   16;-;    3;-;   33;-;   56;-;   40;-;   16;-; 4283;s; 4077;s;  183;s;   23;s;   16;s;    7;s;   32;s;   75;s;   59;s;   14;s
4607;5027;05;A;  52;100806; 5;u;19; 2740;-; 3827;s;   69;-;   90;s; 2653;-; 2526;-;  116;-;   11;-;    6;-;    5;-;   19;-;   45;-;   36;-;   12;-; 3704;s; 3519;s;  164;s;   21;s;   12;s;    6;s;   23;s;   61;s;   50;s;   21;s
4607;5027;05;A;  52;100806; 5;u;20; 2163;-; 2917;s;   49;-;   71;s; 2095;-; 1999;-;   81;-;   15;-;    5;-;    2;-;   14;-;   33;-;   25;-;   14;-; 2820;s; 2647;s;  151;s;   22;s;    6;s;    6;s;   16;s;   49;s;   39;s;   20;s
4607;5027;05;A;  52;100806; 5;u;21; 1704;-; 2263;s;   58;-;   59;s; 1627;-; 1538;-;   76;-;   13;-;    7;-;    4;-;   18;-;   36;-;   26;-;   12;-; 2184;s; 2024;s;  145;s;   15;s;   10;s;    4;s;   11;s;   44;s;   29;s;   10;s
4607;5027;05;A;  52;100806; 5;u;22; 1345;-; 1770;s;   27;-;   43;s; 1310;-; 1235;-;   67;-;    8;-;    5;-;    3;-;    8;-;   16;-;   14;-;    3;-; 1711;s; 1588;s;  104;s;   19;s;    7;s;    3;s;    9;s;   31;s;   21;s;    9;s
4607;5027;05;A;  52;100806; 5;u;23; 1138;-; 1458;s;   37;-;   38;s; 1098;-; 1024;-;   67;-;    7;-;    2;-;    6;-;   10;-;   21;-;   19;-;    1;-; 1410;s; 1331;s;   66;s;   13;s;    4;s;    2;s;    9;s;   27;s;   20;s;    6;s
4607;5027;05;A;  52;100806; 5;u;24;  803;-; 1274;s;   28;-;   30;s;  769;-;  722;-;   42;-;    5;-;    3;-;    2;-;    8;-;   18;-;   14;-;    3;-; 1236;s; 1182;s;   50;s;    4;s;    2;s;    3;s;    6;s;   21;s;   17;s;    6;s
4607;5027;05;A;  52;100807; 6;u;01;  557;-;  700;s;   32;-;   33;s;  522;-;  484;-;   34;-;    4;-;    2;-;    3;-;    6;-;   23;-;   19;-;    1;-;  663;s;  626;s;   33;s;    4;s;    1;s;    3;s;    3;s;   27;s;   19;s;    3;s
4607;5027;05;A;  52;100807; 6;u;02;  337;-;  378;s;   31;-;   25;s;  301;-;  280;-;   20;-;    1;-;    2;-;    1;-;    9;-;   21;-;   14;-;    3;-;  353;s;  332;s;   20;s;    1;s;    0;s;    2;s;    7;s;   16;s;   11;s;    0;s
4607;5027;05;A;  52;100807; 6;u;03;  280;-;  232;s;   35;-;   24;s;  240;-;  210;-;   26;-;    4;-;    3;-;    0;-;    9;-;   26;-;   15;-;    2;-;  205;s;  187;s;   18;s;    0;s;    1;s;    2;s;    8;s;   14;s;   12;s;    2;s
4607;5027;05;A;  52;100807; 6;u;04;  494;-;  279;s;   30;-;   35;s;  457;-;  417;-;   36;-;    4;-;    3;-;    2;-;   10;-;   18;-;   12;-;    4;-;  241;s;  211;s;   29;s;    1;s;    3;s;    1;s;   16;s;   18;s;   12;s;    0;s
4607;5027;05;A;  52;100807; 6;u;05;  667;-;  543;s;   42;-;   51;s;  620;-;  569;-;   48;-;    3;-;    0;-;    5;-;   17;-;   20;-;   16;-;    5;-;  484;s;  432;s;   52;s;    0;s;    6;s;    0;s;   29;s;   22;s;   15;s;    2;s
4607;5027;05;A;  52;100807; 6;u;06; 1012;-;  559;s;   52;-;   54;s;  949;-;  876;-;   63;-;   10;-;    6;-;    5;-;   26;-;   21;-;   19;-;    5;-;  496;s;  441;s;   51;s;    4;s;    7;s;    1;s;   25;s;   28;s;   19;s;    2;s
4607;5027;05;A;  52;100807; 6;u;07;  984;-;  755;s;   51;-;   48;s;  913;-;  793;-;  115;-;    5;-;   10;-;    5;-;   24;-;   22;-;   18;-;   10;-;  695;s;  625;s;   65;s;    5;s;    8;s;    3;s;   17;s;   28;s;   20;s;    4;s
4607;5027;05;A;  52;100807; 6;u;08; 1097;-;  877;s;   57;-;   59;s; 1018;-;  902;-;  111;-;    5;-;   10;-;    4;-;   26;-;   27;-;   22;-;   12;-;  803;s;  714;s;   85;s;    4;s;    9;s;    7;s;   24;s;   28;s;   25;s;    6;s
4607;5027;05;A;  52;100807; 6;u;09; 1384;-; 1260;s;   48;-;   54;s; 1318;-; 1191;-;  122;-;    5;-;   12;-;    3;-;   27;-;   18;-;   13;-;    6;-; 1192;s; 1093;s;   93;s;    6;s;    9;s;    4;s;   26;s;   24;s;   20;s;    5;s
4607;5027;05;A;  52;100807; 6;u;10; 1981;-; 1562;s;   42;-;   59;s; 1910;-; 1779;-;  115;-;   16;-;   17;-;    2;-;   27;-;   13;-;   12;-;   12;-; 1486;s; 1368;s;  107;s;   11;s;   11;s;    5;s;   26;s;   28;s;   25;s;    6;s
4607;5027;05;A;  52;100807; 6;u;11; 2280;-; 1832;s;   44;-;   52;s; 2160;-; 2056;-;   80;-;   24;-;   15;-;    3;-;   25;-;   16;-;   11;-;   61;-; 1764;s; 1641;s;  106;s;   17;s;   10;s;    4;s;   22;s;   26;s;   20;s;    6;s
4607;5027;05;A;  52;100807; 6;u;12; 1513;-; 1932;s;   39;-;   46;s;  905;-;  846;-;   57;-;    2;-;   22;-;    1;-;   14;-;   24;-;   23;-;  547;-; 1857;s; 1742;s;  101;s;   14;s;   14;s;    2;s;   22;s;   22;s;   19;s;   15;s
4607;5027;05;A;  52;100807; 6;u;13; 1525;-; 2041;s;   38;-;   42;s;  907;-;  860;-;   46;-;    1;-;   12;-;    0;-;   14;-;   24;-;   21;-;  568;-; 1976;s; 1861;s;  104;s;   11;s;   13;s;    5;s;   18;s;   19;s;   15;s;   10;s
4607;5027;05;A;  52;100807; 6;u;14; 1546;-; 2244;s;   52;-;   34;s; 1016;-;  976;-;   37;-;    3;-;   21;-;    2;-;   23;-;   27;-;   23;-;  457;-; 2188;s; 2065;s;  111;s;   12;s;   11;s;    3;s;   14;s;   17;s;   15;s;   11;s
4607;5027;05;A;  52;100807; 6;u;15; 1934;-; 2484;s;   44;-;   40;s; 1537;-; 1468;-;   61;-;    8;-;   19;-;    1;-;   20;-;   23;-;   19;-;  334;-; 2414;s; 2294;s;  104;s;   16;s;   18;s;    5;s;   18;s;   17;s;   13;s;   12;s
4607;5027;05;A;  52;100807; 6;u;16; 1698;-; 2317;s;   17;-;   28;s; 1659;-; 1550;-;   94;-;   15;-;   12;-;    5;-;    9;-;    3;-;    3;-;   10;-; 2265;s; 2136;s;  116;s;   13;s;   10;s;    2;s;   13;s;   13;s;   12;s;   14;s
4607;5027;05;A;  52;100807; 6;u;17; 1676;-; 2091;s;   23;-;   29;s; 1624;-; 1509;-;   84;-;   31;-;    9;-;    7;-;   11;-;    5;-;    4;-;   20;-; 2045;s; 1923;s;  112;s;   10;s;    6;s;    4;s;   16;s;    9;s;    6;s;   11;s
4607;5027;05;A;  52;100807; 6;u;18; 1726;-; 1962;s;   17;-;   27;s; 1686;-; 1579;-;   89;-;   18;-;    6;-;    5;-;   11;-;    1;-;    0;-;   17;-; 1918;s; 1812;s;   96;s;   10;s;    9;s;    8;s;   10;s;    9;s;    9;s;    8;s
4607;5027;05;A;  52;100807; 6;u;19; 1994;-; 1996;s;   18;-;   27;s; 1952;-; 1816;-;  117;-;   19;-;   13;-;    3;-;    8;-;    7;-;    7;-;   11;-; 1954;s; 1851;s;   94;s;    9;s;    8;s;    8;s;    9;s;   10;s;    9;s;    7;s
4607;5027;05;A;  52;100807; 6;u;20; 1625;-; 1732;s;   10;-;   20;s; 1599;-; 1525;-;   64;-;   10;-;   10;-;    3;-;    6;-;    1;-;    1;-;    6;-; 1698;s; 1598;s;   92;s;    8;s;    5;s;    6;s;    7;s;    7;s;    7;s;    9;s
4607;5027;05;A;  52;100807; 6;u;21; 1297;-; 1401;s;   12;-;   19;s; 1274;-; 1223;-;   47;-;    4;-;    4;-;    1;-;    3;-;    8;-;    5;-;    7;-; 1372;s; 1274;s;   90;s;    8;s;    2;s;    7;s;    8;s;    4;s;    3;s;    8;s
4607;5027;05;A;  52;100807; 6;u;22; 1115;-;  940;s;   11;-;   10;s; 1092;-; 1039;-;   50;-;    3;-;    5;-;    4;-;    3;-;    4;-;    2;-;    7;-;  924;s;  869;s;   47;s;    8;s;    2;s;    1;s;    3;s;    6;s;    5;s;    4;s
4607;5027;05;A;  52;100807; 6;u;23; 1230;-;  988;s;    8;-;   17;s; 1215;-; 1149;-;   58;-;    8;-;    1;-;    3;-;    4;-;    1;-;    0;-;    6;-;  964;s;  926;s;   31;s;    7;s;    2;s;    7;s;    8;s;    2;s;    1;s;    5;s
4607;5027;05;A;  52;100807; 6;u;24;  916;-; 1108;s;    6;-;   13;s;  908;-;  862;-;   40;-;    6;-;    1;-;    2;-;    1;-;    3;-;    3;-;    1;-; 1091;s; 1050;s;   37;s;    4;s;    1;s;    7;s;    5;s;    1;s;    1;s;    3;s
4607;5027;05;A;  52;100808; 7;s;01;  660;-;  855;s;    6;-;    8;s;  647;-;  630;-;   16;-;    1;-;    4;-;    1;-;    5;-;    0;-;    0;-;    3;-;  844;s;  809;s;   34;s;    1;s;    1;s;    3;s;    3;s;    2;s;    1;s;    2;s
4607;5027;05;A;  52;100808; 7;s;02;  448;-;  395;s;    4;-;    7;s;  440;-;  415;-;   24;-;    1;-;    0;-;    0;-;    4;-;    0;-;    0;-;    4;-;  386;s;  366;s;   19;s;    1;s;    0;s;    3;s;    4;s;    0;s;    0;s;    2;s
4607;5027;05;A;  52;100808; 7;s;03;  330;-;  243;s;    6;-;    6;s;  320;-;  298;-;   21;-;    1;-;    2;-;    0;-;    3;-;    3;-;    2;-;    2;-;  236;s;  224;s;   12;s;    0;s;    1;s;    2;s;    2;s;    2;s;    2;s;    0;s
4607;5027;05;A;  52;100808; 7;s;04;  602;-;  271;s;    6;-;    6;s;  591;-;  555;-;   34;-;    2;-;    3;-;    1;-;    1;-;    4;-;    3;-;    2;-;  265;s;  245;s;   20;s;    0;s;    0;s;    1;s;    1;s;    4;s;    3;s;    0;s
4607;5027;05;A;  52;100808; 7;s;05;  612;-;  437;s;    7;-;    5;s;  597;-;  570;-;   26;-;    1;-;    4;-;    1;-;    3;-;    3;-;    1;-;    4;-;  427;s;  394;s;   32;s;    1;s;    3;s;    2;s;    2;s;    1;s;    1;s;    2;s
4607;5027;05;A;  52;100808; 7;s;06;  822;-;  410;s;   14;-;    4;s;  790;-;  745;-;   42;-;    3;-;   13;-;    4;-;    6;-;    4;-;    2;-;    5;-;  403;s;  369;s;   33;s;    1;s;    2;s;    1;s;    3;s;    0;s;    0;s;    1;s
4607;5027;05;A;  52;100808; 7;s;07;  625;-;  533;s;    6;-;    8;s;  598;-;  540;-;   58;-;    0;-;   13;-;    2;-;    2;-;    2;-;    2;-;    8;-;  519;s;  469;s;   47;s;    3;s;    4;s;    4;s;    3;s;    1;s;    1;s;    2;s
4607;5027;05;A;  52;100808; 7;s;08;  716;-;  588;s;   10;-;    4;s;  700;-;  664;-;   32;-;    4;-;    6;-;    4;-;    2;-;    4;-;    4;-;    0;-;  574;s;  525;s;   42;s;    7;s;    7;s;    1;s;    1;s;    2;s;    2;s;    3;s
4607;5027;05;A;  52;100808; 7;s;09;  777;-;  741;s;   11;-;    8;s;  759;-;  721;-;   37;-;    1;-;    7;-;    5;-;    3;-;    3;-;    3;-;    0;-;  727;s;  675;s;   47;s;    5;s;    3;s;    3;s;    3;s;    2;s;    2;s;    3;s
4607;5027;05;A;  52;100808; 7;s;10; 1061;-;  844;s;   12;-;   10;s; 1042;-;  982;-;   59;-;    1;-;    5;-;    3;-;    3;-;    6;-;    6;-;    2;-;  828;s;  769;s;   46;s;   13;s;    4;s;    4;s;    4;s;    2;s;    2;s;    2;s
4607;5027;05;A;  52;100808; 7;s;11; 1360;-; 1286;s;   12;-;   11;s; 1326;-; 1273;-;   52;-;    1;-;   10;-;    1;-;    7;-;    4;-;    4;-;   12;-; 1264;s; 1175;s;   69;s;   20;s;    5;s;    4;s;    2;s;    5;s;    3;s;    6;s
4607;5027;05;A;  52;100808; 7;s;12; 1481;-; 1497;s;   12;-;   10;s; 1452;-; 1380;-;   66;-;    6;-;    3;-;    0;-;    9;-;    3;-;    2;-;   14;-; 1476;s; 1373;s;   77;s;   26;s;    6;s;    1;s;    5;s;    4;s;    3;s;    5;s
4607;5027;05;A;  52;100808; 7;s;13; 1759;-; 1655;s;   11;-;   15;s; 1728;-; 1659;-;   60;-;    9;-;   10;-;    1;-;    7;-;    3;-;    3;-;   10;-; 1626;s; 1529;s;   77;s;   20;s;    7;s;    3;s;    6;s;    6;s;    3;s;    7;s
4607;5027;05;A;  52;100808; 7;s;14; 2178;-; 1853;s;   13;-;   16;s; 2145;-; 2038;-;   86;-;   21;-;    9;-;    2;-;    3;-;    8;-;    8;-;   11;-; 1820;s; 1725;s;   74;s;   21;s;    8;s;    3;s;    6;s;    7;s;    5;s;    9;s
4607;5027;05;A;  52;100808; 7;s;15; 2071;-; 2111;s;   13;-;   16;s; 2037;-; 1954;-;   70;-;   13;-;   10;-;    0;-;    7;-;    6;-;    5;-;   11;-; 2081;s; 1978;s;   84;s;   19;s;    8;s;    2;s;    7;s;    7;s;    4;s;    6;s
4607;5027;05;A;  52;100808; 7;s;16; 1926;-; 1963;s;   13;-;   12;s; 1900;-; 1818;-;   69;-;   13;-;    7;-;    5;-;    5;-;    3;-;    3;-;    6;-; 1931;s; 1825;s;   89;s;   17;s;   11;s;    1;s;    6;s;    5;s;    4;s;    9;s
4607;5027;05;A;  52;100808; 7;s;17; 1880;-; 1817;s;   11;-;   17;s; 1847;-; 1764;-;   74;-;    9;-;   11;-;    1;-;    7;-;    3;-;    3;-;   11;-; 1778;s; 1675;s;   88;s;   15;s;   14;s;    5;s;    4;s;    8;s;    7;s;    8;s
4607;5027;05;A;  52;100808; 7;s;18; 1870;-; 1691;s;   12;-;   16;s; 1838;-; 1759;-;   68;-;   11;-;    5;-;    3;-;    6;-;    3;-;    3;-;   15;-; 1654;s; 1555;s;   79;s;   20;s;   13;s;    3;s;    8;s;    5;s;    4;s;    8;s
4607;5027;05;A;  52;100808; 7;s;19; 1798;-; 1907;s;   13;-;   19;s; 1770;-; 1683;-;   78;-;    9;-;    6;-;    5;-;    4;-;    4;-;    4;-;    9;-; 1867;s; 1759;s;   95;s;   13;s;   13;s;    4;s;    9;s;    6;s;    5;s;    8;s
4607;5027;05;A;  52;100808; 7;s;20; 1647;-; 1638;s;   19;-;   25;s; 1602;-; 1521;-;   66;-;   15;-;    9;-;    2;-;    5;-;   12;-;   11;-;   17;-; 1595;s; 1504;s;   75;s;   16;s;   11;s;    9;s;    8;s;    8;s;    7;s;    7;s
4607;5027;05;A;  52;100808; 7;s;21; 1456;-; 1346;s;   24;-;   16;s; 1410;-; 1329;-;   69;-;   12;-;    8;-;    9;-;    4;-;   11;-;   11;-;   14;-; 1315;s; 1231;s;   74;s;   10;s;    6;s;    4;s;    7;s;    5;s;    5;s;    9;s
4607;5027;05;A;  52;100808; 7;s;22; 1402;-; 1060;s;   21;-;   24;s; 1368;-; 1295;-;   65;-;    8;-;    4;-;    2;-;    8;-;   11;-;    8;-;    9;-; 1029;s;  958;s;   62;s;    9;s;    3;s;    9;s;    6;s;    9;s;    9;s;    4;s
4607;5027;05;A;  52;100808; 7;s;23; 1124;-;  864;s;   24;-;   37;s; 1090;-; 1026;-;   61;-;    3;-;    8;-;    2;-;    9;-;   13;-;   13;-;    2;-;  820;s;  776;s;   36;s;    8;s;    4;s;    2;s;    4;s;   31;s;   23;s;    3;s
4607;5027;05;A;  52;100808; 7;s;24;  619;-;  869;s;   27;-;   30;s;  590;-;  537;-;   52;-;    1;-;    1;-;    1;-;    6;-;   20;-;   15;-;    1;-;  835;s;  784;s;   46;s;    5;s;    2;s;    2;s;    8;s;   20;s;   16;s;    2;s
4607;5027;05;A;  52;100809; 1;u;01;  352;s;  531;s;   36;s;   24;s;  314;s;  283;s;   31;s;    0;s;    1;s;    1;s;   11;s;   24;s;   18;s;    1;s;  507;s;  472;s;   33;s;    2;s;    0;s;    2;s;    3;s;   19;s;   16;s;    0;s
4607;5027;05;A;  52;100809; 1;u;02;  211;s;  214;s;   36;s;   23;s;  172;s;  147;s;   23;s;    2;s;    2;s;    2;s;    7;s;   27;s;   24;s;    1;s;  190;s;  163;s;   27;s;    0;s;    0;s;    0;s;    4;s;   19;s;   12;s;    1;s
4607;5027;05;A;  52;100809; 1;u;03;  167;s;  132;s;   34;s;   20;s;  132;s;  118;s;   14;s;    0;s;    1;s;    1;s;   10;s;   23;s;   21;s;    0;s;  111;s;   93;s;   18;s;    0;s;    0;s;    1;s;    4;s;   15;s;   13;s;    1;s
4607;5027;05;A;  52;100809; 1;u;04;  331;s;  154;s;   34;s;   34;s;  294;s;  267;s;   27;s;    0;s;    1;s;    0;s;   10;s;   24;s;   18;s;    2;s;  118;s;   98;s;   20;s;    0;s;    1;s;    1;s;   13;s;   20;s;   16;s;    1;s
4607;5027;05;A;  52;100809; 1;u;05;  826;s;  369;s;   92;s;   56;s;  730;s;  690;s;   36;s;    4;s;    1;s;   12;s;   32;s;   48;s;   37;s;    3;s;  309;s;  274;s;   35;s;    0;s;    3;s;    1;s;   29;s;   26;s;   20;s;    1;s
4607;5027;05;A;  52;100809; 1;u;06; 2043;s;  752;s;  152;s;   85;s; 1879;s; 1801;s;   72;s;    6;s;    1;s;    3;s;   61;s;   88;s;   71;s;   11;s;  664;s;  620;s;   40;s;    4;s;    0;s;    3;s;   24;s;   58;s;   47;s;    3;s
4607;5027;05;A;  52;100809; 1;u;07; 4764;s; 1563;s;  216;s;  131;s; 4505;s; 4267;s;  223;s;   15;s;   15;s;    3;s;   87;s;  126;s;   97;s;   28;s; 1427;s; 1326;s;   95;s;    6;s;    4;s;    2;s;   53;s;   76;s;   60;s;    1;s
4607;5027;05;A;  52;100809; 1;u;08; 6043;s; 2577;s;  213;s;  153;s; 5769;s; 5505;s;  248;s;   16;s;   24;s;    2;s;   86;s;  125;s;   91;s;   37;s; 2406;s; 2258;s;  143;s;    5;s;    6;s;    3;s;   66;s;   84;s;   69;s;   12;s
4607;5027;05;A;  52;100809; 1;u;09; 5567;s; 2741;s;  226;s;  182;s; 5274;s; 5046;s;  212;s;   16;s;   25;s;    5;s;   89;s;  132;s;  100;s;   42;s; 2543;s; 2344;s;  197;s;    2;s;    9;s;    3;s;   87;s;   92;s;   65;s;    7;s
4607;5027;05;A;  52;100809; 1;u;10; 3806;s; 2270;s;  241;s;  203;s; 3538;s; 3352;s;  179;s;    7;s;   15;s;    5;s;   92;s;  144;s;  113;s;   12;s; 2048;s; 1842;s;  201;s;    5;s;   10;s;    7;s;   81;s;  115;s;   90;s;    9;s
4607;5027;05;A;  52;100809; 1;u;11; 2944;s; 2123;s;  226;s;  207;s; 2686;s; 2507;s;  171;s;    8;s;   12;s;    3;s;   83;s;  140;s;  109;s;   20;s; 1883;s; 1700;s;  182;s;    1;s;   20;s;    7;s;   78;s;  122;s;   95;s;   13;s
4607;5027;05;A;  52;100809; 1;u;12; 2747;s; 2247;s;  241;s;  221;s; 2476;s; 2275;s;  192;s;    9;s;   13;s;    5;s;  104;s;  132;s;  106;s;   17;s; 2004;s; 1789;s;  208;s;    7;s;    8;s;    5;s;   92;s;  124;s;   99;s;   14;s
4607;5027;05;A;  52;100809; 1;u;13; 2885;s; 2529;s;  239;s;  210;s; 2613;s; 2430;s;  176;s;    7;s;   13;s;    6;s;   86;s;  147;s;  120;s;   20;s; 2295;s; 2097;s;  197;s;    1;s;   13;s;    1;s;   86;s;  123;s;   86;s;   11;s
4607;5027;05;A;  52;100809; 1;u;14; 2777;s; 2963;s;  230;s;  218;s; 2524;s; 2347;s;  168;s;    9;s;   10;s;    2;s;   94;s;  134;s;  105;s;   13;s; 2725;s; 2536;s;  181;s;    8;s;   10;s;    3;s;   92;s;  123;s;   99;s;   10;s
4607;5027;05;A;  52;100809; 1;u;15; 2379;s; 3517;s;  213;s;  210;s; 2143;s; 1968;s;  170;s;    5;s;    9;s;    3;s;   93;s;  117;s;   90;s;   14;s; 3287;s; 3065;s;  219;s;    3;s;   13;s;    6;s;   93;s;  111;s;   86;s;    7;s
4607;5027;05;A;  52;100809; 1;u;16; 2474;s; 4303;s;  179;s;  192;s; 2256;s; 2076;s;  172;s;    8;s;   14;s;    2;s;   77;s;  100;s;   78;s;   25;s; 4082;s; 3840;s;  232;s;   10;s;   14;s;    2;s;   81;s;  109;s;   86;s;   15;s
4607;5027;05;A;  52;100809; 1;u;17; 2668;s; 5281;s;  127;s;  155;s; 2511;s; 2354;s;  151;s;    6;s;   15;s;    2;s;   56;s;   69;s;   56;s;   15;s; 5091;s; 4795;s;  284;s;   12;s;   22;s;    3;s;   68;s;   84;s;   71;s;   13;s
4607;5027;05;A;  52;100809; 1;u;18; 2879;s; 5456;s;   99;s;  111;s; 2750;s; 2629;s;  113;s;    8;s;    9;s;    2;s;   36;s;   61;s;   49;s;   21;s; 5319;s; 5154;s;  155;s;   10;s;   18;s;    6;s;   39;s;   66;s;   53;s;    8;s
4607;5027;05;A;  52;100809; 1;u;19; 2497;s; 4337;s;   78;s;   81;s; 2397;s; 2275;s;  117;s;    5;s;    8;s;    2;s;   23;s;   53;s;   38;s;   14;s; 4231;s; 4042;s;  179;s;   10;s;   15;s;    2;s;   28;s;   51;s;   41;s;   10;s
4607;5027;05;A;  52;100809; 1;u;20; 1844;s; 2693;s;   54;s;   58;s; 1766;s; 1664;s;   95;s;    7;s;    7;s;    4;s;   14;s;   36;s;   25;s;   17;s; 2614;s; 2453;s;  156;s;    5;s;   14;s;    4;s;   19;s;   35;s;   24;s;    7;s
4607;5027;05;A;  52;100809; 1;u;21; 1351;s; 1788;s;   50;s;   53;s; 1281;s; 1185;s;   89;s;    7;s;    6;s;    2;s;   11;s;   37;s;   31;s;   14;s; 1720;s; 1612;s;  101;s;    7;s;    6;s;    3;s;    8;s;   42;s;   26;s;    9;s
4607;5027;05;A;  52;100809; 1;u;22; 1133;s; 1346;s;   46;s;   36;s; 1081;s; 1001;s;   77;s;    3;s;    4;s;    6;s;    8;s;   32;s;   21;s;    2;s; 1301;s; 1208;s;   86;s;    7;s;    7;s;    1;s;    7;s;   28;s;   20;s;    2;s
4607;5027;05;A;  52;100809; 1;u;23;  869;s; 1183;s;   38;s;   33;s;  824;s;  767;s;   55;s;    2;s;    1;s;    3;s;    6;s;   29;s;   24;s;    6;s; 1143;s; 1063;s;   75;s;    5;s;    2;s;    2;s;    6;s;   25;s;   17;s;    5;s
4607;5027;05;A;  52;100809; 1;u;24;  467;s;  917;s;   36;s;   31;s;  428;s;  385;s;   43;s;    0;s;    0;s;    1;s;    8;s;   27;s;   20;s;    3;s;  884;s;  835;s;   48;s;    1;s;    0;s;    4;s;    5;s;   22;s;   13;s;    2;s
4607;5027;05;A;  52;100810; 2;u;01;  282;s;  395;s;   34;s;   32;s;  246;s;  201;s;   45;s;    0;s;    0;s;    1;s;    4;s;   29;s;   24;s;    2;s;  359;s;  336;s;   22;s;    1;s;    1;s;    2;s;    7;s;   23;s;   17;s;    3;s
4607;5027;05;A;  52;100810; 2;u;02;  182;s;  173;s;   37;s;   24;s;  145;s;  132;s;   12;s;    1;s;    0;s;    1;s;   11;s;   25;s;   19;s;    0;s;  147;s;  135;s;   12;s;    0;s;    1;s;    0;s;    3;s;   21;s;   16;s;    1;s
4607;5027;05;A;  52;100810; 2;u;03;  154;s;  129;s;   36;s;   27;s;  115;s;   97;s;   18;s;    0;s;    2;s;    0;s;   13;s;   23;s;   17;s;    1;s;  101;s;   81;s;   20;s;    0;s;    1;s;    0;s;    7;s;   20;s;   15;s;    0;s
4607;5027;05;A;  52;100810; 2;u;04;  324;s;  144;s;   43;s;   38;s;  278;s;  258;s;   19;s;    1;s;    1;s;    1;s;   16;s;   26;s;   17;s;    2;s;  105;s;   83;s;   22;s;    0;s;    1;s;    1;s;   12;s;   25;s;   21;s;    0;s
4607;5027;05;A;  52;100810; 2;u;05;  807;s;  341;s;   87;s;   70;s;  717;s;  664;s;   49;s;    4;s;    0;s;    7;s;   25;s;   55;s;   42;s;    3;s;  267;s;  232;s;   34;s;    1;s;    2;s;    0;s;   30;s;   40;s;   32;s;    2;s
4607;5027;05;A;  52;100810; 2;u;06; 1972;s;  692;s;  152;s;   93;s; 1809;s; 1716;s;   78;s;   15;s;    2;s;    2;s;   51;s;   99;s;   78;s;    9;s;  593;s;  528;s;   58;s;    7;s;    2;s;    1;s;   33;s;   59;s;   43;s;    4;s
4607;5027;05;A;  52;100810; 2;u;07; 4863;s; 1420;s;  217;s;  137;s; 4599;s; 4282;s;  285;s;   32;s;   17;s;    4;s;   83;s;  130;s;   96;s;   30;s; 1271;s; 1162;s;  100;s;    9;s;    5;s;    6;s;   55;s;   76;s;   53;s;    7;s
4607;5027;05;A;  52;100810; 2;u;08; 6098;s; 2357;s;  211;s;  160;s; 5827;s; 5571;s;  231;s;   25;s;   30;s;    1;s;   82;s;  128;s;   95;s;   30;s; 2182;s; 2035;s;  139;s;    8;s;    8;s;    3;s;   73;s;   84;s;   61;s;    7;s
4607;5027;05;A;  52;100810; 2;u;09; 5646;s; 2687;s;  234;s;  210;s; 5366;s; 5162;s;  185;s;   19;s;   21;s;   11;s;   86;s;  137;s;  111;s;   25;s; 2460;s; 2294;s;  155;s;   11;s;    9;s;    8;s;   94;s;  108;s;   81;s;    8;s
4607;5027;05;A;  52;100810; 2;u;10; 3715;s; 2250;s;  226;s;  212;s; 3459;s; 3263;s;  184;s;   12;s;   14;s;    4;s;   74;s;  148;s;  113;s;   16;s; 2019;s; 1836;s;  173;s;   10;s;   12;s;    8;s;   89;s;  115;s;   91;s;    7;s
4607;5027;05;A;  52;100810; 2;u;11; 2949;s; 2162;s;  231;s;  220;s; 2692;s; 2541;s;  146;s;    5;s;   12;s;    4;s;   91;s;  136;s;  104;s;   14;s; 1921;s; 1740;s;  172;s;    9;s;    9;s;    6;s;   84;s;  130;s;  103;s;   12;s
4607;5027;05;A;  52;100810; 2;u;12; 2707;s; 2204;s;  239;s;  224;s; 2440;s; 2258;s;  174;s;    8;s;   10;s;    0;s;   97;s;  142;s;  118;s;   18;s; 1957;s; 1772;s;  177;s;    8;s;   11;s;    4;s;   82;s;  138;s;  110;s;   12;s
4607;5027;05;A;  52;100810; 2;u;13; 2831;s; 2402;s;  235;s;  210;s; 2569;s; 2399;s;  155;s;   15;s;   11;s;    4;s;   88;s;  143;s;  118;s;   16;s; 2170;s; 2006;s;  158;s;    6;s;   13;s;    3;s;   83;s;  124;s;   93;s;    9;s
4607;5027;05;A;  52;100810; 2;u;14; 2806;s; 2862;s;  222;s;  217;s; 2565;s; 2390;s;  164;s;   11;s;   14;s;    2;s;   79;s;  141;s;  109;s;    5;s; 2620;s; 2432;s;  178;s;   10;s;   12;s;    3;s;   86;s;  128;s;   99;s;   13;s
4607;5027;05;A;  52;100810; 2;u;15; 2497;s; 3432;s;  217;s;  222;s; 2254;s; 2092;s;  150;s;   12;s;   14;s;    4;s;   78;s;  135;s;  104;s;   12;s; 3176;s; 2957;s;  202;s;   17;s;   20;s;    7;s;   96;s;  119;s;   95;s;   14;s
4607;5027;05;A;  52;100810; 2;u;16; 2557;s; 4330;s;  176;s;  199;s; 2349;s; 2174;s;  163;s;   12;s;   13;s;    5;s;   60;s;  111;s;   89;s;   19;s; 4092;s; 3843;s;  224;s;   25;s;   24;s;    5;s;   76;s;  118;s;   91;s;   15;s
4607;5027;05;A;  52;100810; 2;u;17; 2780;s; 5168;s;  138;s;  157;s; 2618;s; 2446;s;  166;s;    6;s;   10;s;    2;s;   51;s;   85;s;   66;s;   14;s; 4979;s; 4742;s;  210;s;   27;s;   20;s;    3;s;   54;s;  100;s;   80;s;   12;s
4607;5027;05;A;  52;100810; 2;u;18; 3039;s; 5329;s;  102;s;  123;s; 2912;s; 2791;s;  108;s;   13;s;    9;s;    2;s;   30;s;   70;s;   56;s;   16;s; 5179;s; 5007;s;  147;s;   25;s;   19;s;    5;s;   38;s;   80;s;   63;s;    8;s
4607;5027;05;A;  52;100810; 2;u;19; 2816;s; 4463;s;   81;s;   85;s; 2708;s; 2589;s;  105;s;   14;s;    4;s;    3;s;   12;s;   66;s;   53;s;   23;s; 4357;s; 4208;s;  131;s;   18;s;   13;s;    4;s;   23;s;   58;s;   44;s;    8;s
4607;5027;05;A;  52;100810; 2;u;20; 2110;s; 2946;s;   67;s;   76;s; 2018;s; 1911;s;   97;s;   10;s;   10;s;    5;s;   17;s;   45;s;   37;s;   15;s; 2849;s; 2689;s;  146;s;   14;s;    8;s;    4;s;   17;s;   55;s;   45;s;   13;s
4607;5027;05;A;  52;100810; 2;u;21; 1489;s; 1999;s;   53;s;   63;s; 1426;s; 1328;s;   87;s;   11;s;    3;s;    3;s;    9;s;   41;s;   28;s;    7;s; 1915;s; 1752;s;  151;s;   12;s;    5;s;    5;s;   13;s;   45;s;   32;s;   16;s
4607;5027;05;A;  52;100810; 2;u;22; 1234;s; 1478;s;   44;s;   49;s; 1173;s; 1099;s;   71;s;    3;s;    4;s;    2;s;   12;s;   30;s;   22;s;   13;s; 1421;s; 1306;s;  103;s;   12;s;    2;s;    3;s;    4;s;   42;s;   31;s;    6;s
4607;5027;05;A;  52;100810; 2;u;23;  905;s; 1284;s;   44;s;   37;s;  851;s;  804;s;   44;s;    3;s;    3;s;    5;s;   10;s;   29;s;   22;s;    7;s; 1241;s; 1169;s;   60;s;   12;s;    1;s;    0;s;   10;s;   27;s;   18;s;    5;s
4607;5027;05;A;  52;100810; 2;u;24;  567;s;  919;s;   34;s;   33;s;  530;s;  478;s;   49;s;    3;s;    1;s;    0;s;    7;s;   27;s;   24;s;    2;s;  880;s;  835;s;   43;s;    2;s;    2;s;    1;s;    3;s;   29;s;   21;s;    4;s
4607;5027;05;A;  52;100811; 3;u;01;  285;s;  429;s;   36;s;   28;s;  246;s;  218;s;   26;s;    2;s;    2;s;    1;s;   11;s;   24;s;   18;s;    1;s;  398;s;  367;s;   27;s;    4;s;    2;s;    1;s;    4;s;   23;s;   15;s;    1;s
4607;5027;05;A;  52;100811; 3;u;02;  183;s;  201;s;   35;s;   23;s;  148;s;  131;s;   16;s;    1;s;    0;s;    3;s;    6;s;   26;s;   20;s;    0;s;  174;s;  149;s;   25;s;    0;s;    2;s;    0;s;    5;s;   18;s;   15;s;    2;s
4607;5027;05;A;  52;100811; 3;u;03;  147;s;  146;s;   33;s;   24;s;  114;s;  102;s;   11;s;    1;s;    0;s;    1;s;    9;s;   23;s;   15;s;    0;s;  121;s;  102;s;   19;s;    0;s;    1;s;    0;s;    6;s;   18;s;   14;s;    0;s
4607;5027;05;A;  52;100811; 3;u;04;  296;s;  140;s;   33;s;   38;s;  263;s;  236;s;   26;s;    1;s;    0;s;    0;s;    9;s;   24;s;   16;s;    0;s;  102;s;   80;s;   22;s;    0;s;    0;s;    0;s;    9;s;   29;s;   17;s;    0;s
4607;5027;05;A;  52;100811; 3;u;05;  746;s;  318;s;   86;s;   62;s;  655;s;  613;s;   37;s;    5;s;    3;s;    5;s;   28;s;   53;s;   40;s;    2;s;  253;s;  230;s;   23;s;    0;s;    1;s;    0;s;   23;s;   39;s;   29;s;    2;s
4607;5027;05;A;  52;100811; 3;u;06; 1930;s;  654;s;  161;s;   99;s; 1759;s; 1674;s;   69;s;   16;s;    2;s;    3;s;   60;s;   98;s;   83;s;    8;s;  550;s;  487;s;   56;s;    7;s;    1;s;    2;s;   32;s;   65;s;   50;s;    4;s
4607;5027;05;A;  52;100811; 3;u;07; 4641;s; 1383;s;  201;s;  134;s; 4396;s; 4095;s;  278;s;   23;s;   20;s;    1;s;   81;s;  119;s;   85;s;   24;s; 1240;s; 1137;s;   94;s;    9;s;    6;s;    5;s;   59;s;   70;s;   50;s;    3;s
4607;5027;05;A;  52;100811; 3;u;08; 5918;s; 2289;s;  222;s;  150;s; 5660;s; 5415;s;  221;s;   24;s;   18;s;    8;s;   99;s;  115;s;   89;s;   18;s; 2125;s; 1987;s;  129;s;    9;s;    7;s;    4;s;   64;s;   82;s;   57;s;    7;s
4607;5027;05;A;  52;100811; 3;u;09; 5532;s; 2557;s;  215;s;  204;s; 5265;s; 5055;s;  195;s;   15;s;   24;s;    0;s;   88;s;  127;s;   92;s;   28;s; 2336;s; 2189;s;  142;s;    5;s;    8;s;    6;s;   94;s;  104;s;   77;s;    9;s
4607;5027;05;A;  52;100811; 3;u;10; 3778;s; 2157;s;  234;s;  211;s; 3528;s; 3361;s;  157;s;   10;s;    7;s;    8;s;   81;s;  145;s;  120;s;    9;s; 1930;s; 1744;s;  178;s;    8;s;    7;s;    6;s;   88;s;  117;s;   87;s;    9;s
4607;5027;05;A;  52;100811; 3;u;11; 2912;s; 2038;s;  225;s;  227;s; 2654;s; 2507;s;  140;s;    7;s;   14;s;    8;s;   83;s;  134;s;  104;s;   19;s; 1791;s; 1606;s;  180;s;    5;s;   11;s;    6;s;   81;s;  140;s;  115;s;    9;s
4607;5027;05;A;  52;100811; 3;u;12; 2673;s; 2175;s;  229;s;  224;s; 2428;s; 2261;s;  164;s;    3;s;    9;s;    3;s;   91;s;  135;s;  120;s;    7;s; 1928;s; 1741;s;  176;s;   11;s;   15;s;    2;s;   87;s;  135;s;  111;s;    8;s
4607;5027;05;A;  52;100811; 3;u;13; 2855;s; 2420;s;  221;s;  209;s; 2607;s; 2442;s;  154;s;   11;s;   12;s;    3;s;   83;s;  135;s;  114;s;   15;s; 2181;s; 1988;s;  183;s;   10;s;   17;s;    2;s;   78;s;  129;s;   97;s;   13;s
4607;5027;05;A;  52;100811; 3;u;14; 2843;s; 2885;s;  222;s;  218;s; 2601;s; 2457;s;  128;s;   16;s;   14;s;    2;s;   78;s;  142;s;  118;s;    6;s; 2641;s; 2428;s;  203;s;   10;s;   15;s;    3;s;   88;s;  127;s;   97;s;   11;s
4607;5027;05;A;  52;100811; 3;u;15; 2614;s; 3497;s;  216;s;  211;s; 2360;s; 2191;s;  158;s;   11;s;   13;s;   12;s;   75;s;  129;s;  101;s;   25;s; 3260;s; 3040;s;  198;s;   22;s;   16;s;    5;s;   86;s;  120;s;   91;s;   10;s
4607;5027;05;A;  52;100811; 3;u;16; 2660;s; 4242;s;  174;s;  198;s; 2465;s; 2293;s;  162;s;   10;s;   11;s;    7;s;   78;s;   89;s;   72;s;   10;s; 4010;s; 3756;s;  230;s;   24;s;   21;s;    3;s;   79;s;  116;s;   89;s;   13;s
4607;5027;05;A;  52;100811; 3;u;17; 2856;s; 5031;s;  132;s;  160;s; 2708;s; 2583;s;  116;s;    9;s;   10;s;   10;s;   41;s;   81;s;   58;s;    6;s; 4835;s; 4598;s;  205;s;   32;s;   26;s;    7;s;   53;s;  100;s;   78;s;   10;s
4607;5027;05;A;  52;100811; 3;u;18; 3052;s; 5338;s;   97;s;  119;s; 2935;s; 2846;s;   81;s;    8;s;    7;s;    3;s;   30;s;   64;s;   52;s;   13;s; 5191;s; 5041;s;  124;s;   26;s;   18;s;    5;s;   35;s;   79;s;   56;s;   10;s
4607;5027;05;A;  52;100811; 3;u;19; 2717;s; 4530;s;   82;s;   94;s; 2619;s; 2534;s;   80;s;    5;s;    5;s;    4;s;   17;s;   61;s;   48;s;   11;s; 4416;s; 4283;s;  114;s;   19;s;   12;s;    4;s;   19;s;   71;s;   55;s;    8;s
4607;5027;05;A;  52;100811; 3;u;20; 2161;s; 2912;s;   62;s;   68;s; 2079;s; 1981;s;   89;s;    9;s;    9;s;    3;s;   18;s;   41;s;   33;s;   11;s; 2819;s; 2673;s;  130;s;   16;s;    9;s;    2;s;   18;s;   48;s;   38;s;   16;s
4607;5027;05;A;  52;100811; 3;u;21; 1515;s; 1957;s;   49;s;   55;s; 1451;s; 1362;s;   78;s;   11;s;    3;s;    3;s;   12;s;   34;s;   23;s;   12;s; 1883;s; 1728;s;  145;s;   10;s;    6;s;    5;s;    9;s;   41;s;   28;s;   13;s
4607;5027;05;A;  52;100811; 3;u;22; 1293;s; 1441;s;   50;s;   43;s; 1234;s; 1173;s;   59;s;    2;s;    3;s;    2;s;    5;s;   43;s;   32;s;    6;s; 1387;s; 1267;s;  107;s;   13;s;    4;s;    2;s;    8;s;   33;s;   24;s;    7;s
4607;5027;05;A;  52;100811; 3;u;23;  958;s; 1336;s;   35;s;   34;s;  914;s;  871;s;   41;s;    2;s;    1;s;    0;s;    7;s;   28;s;   25;s;    8;s; 1295;s; 1206;s;   76;s;   13;s;    2;s;    1;s;    6;s;   27;s;   19;s;    5;s
4607;5027;05;A;  52;100811; 3;u;24;  556;s;  984;s;   34;s;   31;s;  521;s;  491;s;   29;s;    1;s;    0;s;    0;s;    8;s;   26;s;   22;s;    1;s;  947;s;  885;s;   57;s;    5;s;    2;s;    1;s;    5;s;   25;s;   17;s;    4;s
4607;5027;05;A;  52;100812; 4;u;01;  298;s;  460;s;   28;s;   31;s;  269;s;  242;s;   27;s;    0;s;    0;s;    1;s;    7;s;   20;s;   17;s;    1;s;  425;s;  388;s;   34;s;    3;s;    2;s;    2;s;    5;s;   24;s;   17;s;    2;s
4607;5027;05;A;  52;100812; 4;u;02;  180;s;  220;s;   31;s;   26;s;  148;s;  133;s;   14;s;    1;s;    1;s;    1;s;    7;s;   23;s;   17;s;    0;s;  193;s;  171;s;   21;s;    1;s;    0;s;    0;s;    4;s;   22;s;   15;s;    1;s
4607;5027;05;A;  52;100812; 4;u;03;  155;s;  147;s;   37;s;   28;s;  117;s;  110;s;    7;s;    0;s;    1;s;    1;s;   12;s;   24;s;   19;s;    0;s;  118;s;  101;s;   17;s;    0;s;    0;s;    0;s;    7;s;   21;s;   16;s;    1;s
4607;5027;05;A;  52;100812; 4;u;04;  291;s;  158;s;   36;s;   38;s;  253;s;  229;s;   21;s;    3;s;    1;s;    1;s;   11;s;   24;s;   16;s;    1;s;  120;s;   96;s;   24;s;    0;s;    0;s;    0;s;   12;s;   26;s;   19;s;    0;s
4607;5027;05;A;  52;100812; 4;u;05;  721;s;  318;s;   84;s;   69;s;  628;s;  581;s;   45;s;    2;s;    2;s;    5;s;   27;s;   52;s;   34;s;    7;s;  246;s;  212;s;   34;s;    0;s;    3;s;    2;s;   34;s;   33;s;   24;s;    0;s
4607;5027;05;A;  52;100812; 4;u;06; 1966;s;  671;s;  152;s;   97;s; 1803;s; 1702;s;   93;s;    8;s;    2;s;    2;s;   50;s;  100;s;   78;s;    9;s;  568;s;  499;s;   63;s;    6;s;    4;s;    1;s;   35;s;   61;s;   44;s;    2;s
4607;5027;05;A;  52;100812; 4;u;07; 4671;s; 1454;s;  212;s;  139;s; 4427;s; 4132;s;  272;s;   23;s;   19;s;    2;s;   94;s;  116;s;   87;s;   13;s; 1301;s; 1188;s;  104;s;    9;s;    7;s;    4;s;   56;s;   79;s;   55;s;    7;s
4607;5027;05;A;  52;100812; 4;u;08; 5896;s; 2479;s;  220;s;  180;s; 5623;s; 5369;s;  235;s;   19;s;   24;s;    5;s;   96;s;  119;s;   92;s;   29;s; 2280;s; 2112;s;  155;s;   13;s;    7;s;    5;s;   80;s;   95;s;   67;s;   12;s
4607;5027;05;A;  52;100812; 4;u;09; 5517;s; 2687;s;  239;s;  217;s; 5249;s; 5049;s;  186;s;   14;s;   11;s;    6;s;   97;s;  136;s;  103;s;   18;s; 2449;s; 2285;s;  155;s;    9;s;    9;s;   11;s;   96;s;  110;s;   83;s;   12;s
4607;5027;05;A;  52;100812; 4;u;10; 3662;s; 2351;s;  235;s;  222;s; 3385;s; 3232;s;  147;s;    6;s;   16;s;    6;s;   92;s;  137;s;  110;s;   26;s; 2111;s; 1905;s;  198;s;    8;s;   12;s;    8;s;   88;s;  126;s;   93;s;    6;s
4607;5027;05;A;  52;100812; 4;u;11; 2940;s; 2183;s;  230;s;  228;s; 2692;s; 2532;s;  154;s;    6;s;    9;s;    4;s;   86;s;  140;s;  112;s;    9;s; 1928;s; 1728;s;  190;s;   10;s;   19;s;    5;s;   92;s;  131;s;  108;s;    8;s
4607;5027;05;A;  52;100812; 4;u;12; 2703;s; 2257;s;  233;s;  224;s; 2442;s; 2270;s;  164;s;    8;s;   12;s;    3;s;   92;s;  138;s;  104;s;   16;s; 2006;s; 1806;s;  192;s;    8;s;   15;s;    3;s;   86;s;  135;s;  104;s;   12;s
4607;5027;05;A;  52;100812; 4;u;13; 2847;s; 2577;s;  229;s;  218;s; 2595;s; 2428;s;  155;s;   12;s;   16;s;    9;s;   93;s;  127;s;   94;s;    7;s; 2331;s; 2136;s;  185;s;   10;s;   14;s;    2;s;   81;s;  135;s;  102;s;   14;s
4607;5027;05;A;  52;100812; 4;u;14; 2797;s; 2968;s;  214;s;  224;s; 2547;s; 2403;s;  135;s;    9;s;   10;s;    2;s;   83;s;  129;s;  104;s;   26;s; 2717;s; 2495;s;  210;s;   12;s;   15;s;    4;s;   87;s;  133;s;  100;s;   12;s
4607;5027;05;A;  52;100812; 4;u;15; 2550;s; 3507;s;  212;s;  233;s; 2314;s; 2173;s;  133;s;    8;s;   11;s;    0;s;   92;s;  120;s;  100;s;   13;s; 3245;s; 3014;s;  212;s;   19;s;   14;s;    6;s;   94;s;  133;s;  104;s;   15;s
4607;5027;05;A;  52;100812; 4;u;16; 2642;s; 4396;s;  177;s;  213;s; 2440;s; 2290;s;  143;s;    7;s;   11;s;    5;s;   78;s;   94;s;   71;s;   14;s; 4150;s; 3877;s;  243;s;   30;s;   19;s;    4;s;   83;s;  126;s;   95;s;   14;s
4607;5027;05;A;  52;100812; 4;u;17; 2792;s; 5134;s;  137;s;  165;s; 2634;s; 2507;s;  118;s;    9;s;   13;s;    6;s;   49;s;   82;s;   64;s;    8;s; 4937;s; 4652;s;  251;s;   34;s;   17;s;    5;s;   60;s;  100;s;   75;s;   15;s
4607;5027;05;A;  52;100812; 4;u;18; 3023;s; 5278;s;  110;s;  123;s; 2889;s; 2773;s;  108;s;    8;s;    9;s;    4;s;   25;s;   81;s;   68;s;   15;s; 5121;s; 4945;s;  146;s;   30;s;   16;s;    6;s;   34;s;   83;s;   65;s;   18;s
4607;5027;05;A;  52;100812; 4;u;19; 2867;s; 4591;s;   79;s;   97;s; 2768;s; 2653;s;  103;s;   12;s;    7;s;    3;s;   19;s;   57;s;   43;s;   13;s; 4464;s; 4276;s;  162;s;   26;s;   16;s;    3;s;   29;s;   65;s;   46;s;   14;s
4607;5027;05;A;  52;100812; 4;u;20; 2250;s; 3024;s;   63;s;   73;s; 2169;s; 2060;s;  103;s;    6;s;    6;s;    3;s;   17;s;   43;s;   37;s;   12;s; 2924;s; 2732;s;  171;s;   21;s;    8;s;    2;s;   20;s;   51;s;   38;s;   19;s
4607;5027;05;A;  52;100812; 4;u;21; 1559;s; 2154;s;   54;s;   53;s; 1491;s; 1405;s;   76;s;   10;s;    2;s;    4;s;   18;s;   32;s;   22;s;   12;s; 2083;s; 1921;s;  144;s;   18;s;    6;s;    4;s;    7;s;   42;s;   28;s;   12;s
4607;5027;05;A;  52;100812; 4;u;22; 1292;s; 1649;s;   49;s;   44;s; 1227;s; 1151;s;   70;s;    6;s;    5;s;    3;s;   13;s;   33;s;   27;s;   11;s; 1593;s; 1469;s;  106;s;   18;s;    5;s;    2;s;    7;s;   35;s;   24;s;    7;s
4607;5027;05;A;  52;100812; 4;u;23;  995;s; 1397;s;   38;s;   35;s;  943;s;  885;s;   56;s;    2;s;    3;s;    0;s;    8;s;   30;s;   29;s;   11;s; 1354;s; 1276;s;   64;s;   14;s;    3;s;    2;s;    8;s;   25;s;   18;s;    5;s
4607;5027;05;A;  52;100812; 4;u;24;  654;s; 1082;s;   32;s;   30;s;  616;s;  571;s;   44;s;    1;s;    4;s;    0;s;    7;s;   25;s;   22;s;    2;s; 1046;s;  982;s;   58;s;    6;s;    1;s;    1;s;    6;s;   23;s;   17;s;    5;s
4607;5027;05;A;  52;100813; 5;u;01;  321;s;  486;s;   32;s;   30;s;  284;s;  253;s;   29;s;    2;s;    2;s;    0;s;    9;s;   23;s;   15;s;    3;s;  451;s;  412;s;   36;s;    3;s;    2;s;    2;s;    4;s;   24;s;   18;s;    3;s
4607;5027;05;A;  52;100813; 5;u;02;  187;s;  253;s;   36;s;   28;s;  147;s;  132;s;   13;s;    2;s;    3;s;    3;s;   12;s;   21;s;   14;s;    1;s;  222;s;  192;s;   28;s;    2;s;    1;s;    0;s;    5;s;   23;s;   14;s;    2;s
4607;5027;05;A;  52;100813; 5;u;03;  174;s;  143;s;   36;s;   26;s;  136;s;  108;s;   27;s;    1;s;    1;s;    0;s;    9;s;   27;s;   21;s;    1;s;  115;s;  100;s;   15;s;    0;s;    1;s;    0;s;    7;s;   19;s;   14;s;    1;s
4607;5027;05;A;  52;100813; 5;u;04;  329;s;  176;s;   43;s;   45;s;  283;s;  251;s;   32;s;    0;s;    3;s;    0;s;   16;s;   27;s;   16;s;    0;s;  128;s;  106;s;   22;s;    0;s;    2;s;    1;s;   17;s;   27;s;   21;s;    1;s
4607;5027;05;A;  52;100813; 5;u;05;  821;s;  394;s;   92;s;   78;s;  721;s;  664;s;   49;s;    8;s;    3;s;    5;s;   26;s;   61;s;   49;s;    5;s;  314;s;  273;s;   38;s;    3;s;    2;s;    3;s;   28;s;   47;s;   33;s;    0;s
4607;5027;05;A;  52;100813; 5;u;06; 1738;s;  717;s;  162;s;  108;s; 1567;s; 1493;s;   60;s;   14;s;    2;s;    4;s;   53;s;  105;s;   89;s;    7;s;  603;s;  533;s;   62;s;    8;s;    3;s;    3;s;   33;s;   72;s;   48;s;    3;s
4607;5027;05;A;  52;100813; 5;u;07; 4248;s; 1363;s;  213;s;  156;s; 3983;s; 3701;s;  256;s;   26;s;   14;s;    1;s;   85;s;  127;s;   95;s;   38;s; 1191;s; 1080;s;  100;s;   11;s;   10;s;    5;s;   64;s;   87;s;   61;s;    6;s
4607;5027;05;A;  52;100813; 5;u;08; 5547;s; 2210;s;  229;s;  187;s; 5243;s; 4961;s;  248;s;   34;s;   24;s;    5;s;  112;s;  112;s;   69;s;   51;s; 2007;s; 1858;s;  136;s;   13;s;    8;s;    5;s;   79;s;  103;s;   77;s;    8;s
4607;5027;05;A;  52;100813; 5;u;09; 4993;s; 2474;s;  227;s;  230;s; 4724;s; 4516;s;  183;s;   25;s;   23;s;    3;s;   83;s;  141;s;  120;s;   19;s; 2224;s; 2055;s;  157;s;   12;s;   13;s;   10;s;  104;s;  116;s;   92;s;    7;s
4607;5027;05;A;  52;100813; 5;u;10; 3241;s; 2128;s;  248;s;  249;s; 2968;s; 2763;s;  192;s;   13;s;   10;s;   12;s;  110;s;  126;s;   91;s;   15;s; 1855;s; 1682;s;  165;s;    8;s;   15;s;    6;s;  101;s;  142;s;  102;s;    9;s
4607;5027;05;A;  52;100813; 5;u;11; 2591;s; 2159;s;  247;s;  255;s; 2329;s; 2186;s;  130;s;   13;s;   10;s;   10;s;   90;s;  147;s;  110;s;    5;s; 1881;s; 1682;s;  191;s;    8;s;   14;s;    7;s;  104;s;  144;s;  115;s;    9;s
4607;5027;05;A;  52;100813; 5;u;12; 2498;s; 2287;s;  240;s;  243;s; 2235;s; 2061;s;  156;s;   18;s;   14;s;    9;s;   97;s;  134;s;  107;s;    9;s; 2021;s; 1811;s;  197;s;   13;s;   12;s;    6;s;   86;s;  151;s;  120;s;   11;s
4607;5027;05;A;  52;100813; 5;u;13; 2876;s; 3056;s;  231;s;  229;s; 2614;s; 2418;s;  177;s;   19;s;   13;s;    9;s;   84;s;  138;s;  101;s;   18;s; 2799;s; 2586;s;  198;s;   15;s;   16;s;    4;s;   90;s;  135;s;  108;s;   12;s
4607;5027;05;A;  52;100813; 5;u;14; 2859;s; 3793;s;  190;s;  250;s; 2632;s; 2461;s;  151;s;   20;s;   15;s;    0;s;   63;s;  127;s;  101;s;   22;s; 3510;s; 3275;s;  214;s;   21;s;   18;s;    8;s;   98;s;  144;s;  111;s;   15;s
4607;5027;05;A;  52;100813; 5;u;15; 2657;s; 4386;s;  182;s;  220;s; 2445;s; 2286;s;  141;s;   18;s;   13;s;    3;s;   79;s;  100;s;   78;s;   17;s; 4131;s; 3899;s;  202;s;   30;s;   21;s;    4;s;   82;s;  134;s;   97;s;   14;s
4607;5027;05;A;  52;100813; 5;u;16; 2798;s; 4619;s;  148;s;  208;s; 2622;s; 2466;s;  133;s;   23;s;   16;s;    6;s;   64;s;   78;s;   54;s;   12;s; 4372;s; 4152;s;  186;s;   34;s;   22;s;    7;s;   68;s;  133;s;   99;s;   17;s
4607;5027;05;A;  52;100813; 5;u;17; 2708;s; 4434;s;  112;s;  138;s; 2570;s; 2430;s;  117;s;   23;s;   12;s;    3;s;   36;s;   73;s;   55;s;   14;s; 4261;s; 4058;s;  176;s;   27;s;   19;s;    6;s;   43;s;   89;s;   69;s;   16;s
4607;5027;05;A;  52;100813; 5;u;18; 2852;s; 4163;s;  101;s;  113;s; 2721;s; 2603;s;  107;s;   11;s;   14;s;    3;s;   37;s;   61;s;   44;s;   16;s; 4021;s; 3828;s;  172;s;   21;s;   15;s;    7;s;   31;s;   75;s;   59;s;   14;s
4607;5027;05;A;  52;100813; 5;u;19; 2701;s; 3599;s;   77;s;   89;s; 2608;s; 2490;s;  107;s;   11;s;    5;s;    6;s;   20;s;   51;s;   40;s;   11;s; 3480;s; 3305;s;  155;s;   20;s;   10;s;    6;s;   23;s;   60;s;   49;s;   20;s
4607;5027;05;A;  52;100813; 5;u;20; 2346;s; 2743;s;   55;s;   70;s; 2271;s; 2175;s;   81;s;   15;s;    5;s;    2;s;   16;s;   37;s;   28;s;   15;s; 2650;s; 2486;s;  143;s;   21;s;    5;s;    6;s;   16;s;   48;s;   38;s;   18;s
4607;5027;05;A;  52;100813; 5;u;21; 1715;s; 2128;s;   43;s;   59;s; 1650;s; 1564;s;   74;s;   12;s;    6;s;    3;s;   13;s;   27;s;   20;s;   16;s; 2050;s; 1900;s;  136;s;   14;s;   10;s;    4;s;   11;s;   44;s;   29;s;    9;s
4607;5027;05;A;  52;100813; 5;u;22; 1346;s; 1665;s;   40;s;   43;s; 1299;s; 1227;s;   65;s;    7;s;    4;s;    4;s;   12;s;   24;s;   21;s;    3;s; 1607;s; 1490;s;   98;s;   19;s;    6;s;    3;s;    9;s;   31;s;   21;s;    9;s
4607;5027;05;A;  52;100813; 5;u;23; 1043;s; 1371;s;   31;s;   37;s; 1009;s;  943;s;   60;s;    6;s;    2;s;    5;s;    8;s;   18;s;   16;s;    1;s; 1323;s; 1250;s;   61;s;   12;s;    5;s;    2;s;    9;s;   26;s;   19;s;    6;s
4607;5027;05;A;  52;100813; 5;u;24;  778;s; 1197;s;   28;s;   29;s;  744;s;  700;s;   40;s;    4;s;    3;s;    2;s;    8;s;   18;s;   15;s;    3;s; 1160;s; 1109;s;   47;s;    4;s;    2;s;    3;s;    6;s;   20;s;   17;s;    6;s
4607;5027;05;A;  52;100814; 6;u;01;  534;s;  524;s;   29;s;   40;s;  499;s;  460;s;   37;s;    2;s;    3;s;    2;s;    8;s;   19;s;   13;s;    3;s;  480;s;  454;s;   23;s;    3;s;    1;s;    3;s;    5;s;   32;s;   23;s;    3;s
4607;5027;05;A;  52;100814; 6;u;02;  359;s;  333;s;   27;s;   30;s;  326;s;  301;s;   24;s;    1;s;    2;s;    0;s;    9;s;   18;s;   12;s;    4;s;  303;s;  284;s;   18;s;    1;s;    0;s;    2;s;    8;s;   20;s;   13;s;    0;s
4607;5027;05;A;  52;100814; 6;u;03;  280;s;  194;s;   30;s;   30;s;  247;s;  220;s;   25;s;    2;s;    2;s;    0;s;    9;s;   21;s;   14;s;    1;s;  161;s;  147;s;   14;s;    0;s;    1;s;    3;s;   10;s;   17;s;   15;s;    2;s
4607;5027;05;A;  52;100814; 6;u;04;  417;s;  299;s;   26;s;   43;s;  386;s;  353;s;   31;s;    2;s;    2;s;    2;s;    9;s;   15;s;   10;s;    3;s;  253;s;  221;s;   31;s;    1;s;    3;s;    1;s;   20;s;   22;s;   15;s;    0;s
4607;5027;05;A;  52;100814; 6;u;05;  761;s;  464;s;   45;s;   64;s;  706;s;  651;s;   52;s;    3;s;    2;s;    5;s;   20;s;   20;s;   16;s;    8;s;  394;s;  352;s;   42;s;    0;s;    5;s;    1;s;   35;s;   28;s;   19;s;    1;s
4607;5027;05;A;  52;100814; 6;u;06; 1047;s;  540;s;   67;s;   65;s;  967;s;  899;s;   62;s;    6;s;    6;s;   15;s;   27;s;   25;s;   22;s;    7;s;  468;s;  415;s;   49;s;    4;s;    5;s;    1;s;   31;s;   33;s;   24;s;    2;s
4607;5027;05;A;  52;100814; 6;u;07; 1002;s;  713;s;   61;s;   58;s;  925;s;  821;s;  100;s;    4;s;    9;s;    4;s;   36;s;   21;s;   17;s;    7;s;  645;s;  579;s;   61;s;    5;s;    7;s;    4;s;   20;s;   34;s;   23;s;    3;s
4607;5027;05;A;  52;100814; 6;u;08; 1095;s;  848;s;   72;s;   71;s; 1000;s;  894;s;  103;s;    3;s;   12;s;    6;s;   36;s;   30;s;   24;s;   11;s;  764;s;  679;s;   81;s;    4;s;    8;s;    8;s;   28;s;   35;s;   30;s;    5;s
4607;5027;05;A;  52;100814; 6;u;09; 1655;s; 1067;s;   67;s;   66;s; 1565;s; 1444;s;  118;s;    3;s;   13;s;    3;s;   35;s;   29;s;   23;s;   10;s;  990;s;  907;s;   78;s;    5;s;    7;s;    5;s;   31;s;   30;s;   25;s;    4;s
4607;5027;05;A;  52;100814; 6;u;10; 2133;s; 1558;s;   62;s;   71;s; 2043;s; 1906;s;  125;s;   12;s;   14;s;    2;s;   41;s;   19;s;   17;s;   14;s; 1470;s; 1354;s;  106;s;   10;s;   11;s;    6;s;   31;s;   34;s;   30;s;    6;s
4607;5027;05;A;  52;100814; 6;u;11; 2357;s; 1797;s;   59;s;   64;s; 2247;s; 2128;s;  101;s;   18;s;   14;s;    4;s;   33;s;   22;s;   15;s;   37;s; 1716;s; 1597;s;  103;s;   16;s;   11;s;    5;s;   27;s;   32;s;   25;s;    6;s
4607;5027;05;A;  52;100814; 6;u;12; 2491;s; 1925;s;   48;s;   55;s; 2422;s; 2302;s;  109;s;   11;s;    8;s;    3;s;   29;s;   16;s;   14;s;   13;s; 1842;s; 1727;s;  101;s;   14;s;   14;s;    2;s;   25;s;   28;s;   23;s;   14;s
4607;5027;05;A;  52;100814; 6;u;13; 2466;s; 2019;s;   45;s;   51;s; 2387;s; 2263;s;  109;s;   15;s;   15;s;    6;s;   28;s;   11;s;    9;s;   19;s; 1946;s; 1832;s;  103;s;   11;s;   13;s;    6;s;   22;s;   23;s;   19;s;    9;s
4607;5027;05;A;  52;100814; 6;u;14; 2396;s; 2388;s;   34;s;   41;s; 2324;s; 2195;s;  120;s;    9;s;   21;s;    3;s;   17;s;   14;s;   12;s;   17;s; 2323;s; 2193;s;  116;s;   14;s;   12;s;    4;s;   17;s;   20;s;   18;s;   12;s
4607;5027;05;A;  52;100814; 6;u;15; 2249;s; 2548;s;   37;s;   48;s; 2195;s; 2107;s;   80;s;    8;s;    7;s;    0;s;   21;s;   16;s;   13;s;   10;s; 2468;s; 2347;s;  105;s;   16;s;   18;s;    6;s;   22;s;   20;s;   16;s;   14;s
4607;5027;05;A;  52;100814; 6;u;16; 2084;s; 2350;s;   34;s;   34;s; 2023;s; 1912;s;   96;s;   15;s;   15;s;    6;s;   18;s;   10;s;    9;s;   12;s; 2292;s; 2161;s;  117;s;   14;s;   10;s;    2;s;   16;s;   16;s;   14;s;   14;s
4607;5027;05;A;  52;100814; 6;u;17; 1981;s; 1967;s;   22;s;   35;s; 1930;s; 1811;s;  100;s;   19;s;   11;s;    4;s;   15;s;    3;s;    3;s;   18;s; 1915;s; 1800;s;  105;s;   10;s;    6;s;    5;s;   19;s;   11;s;    7;s;   11;s
4607;5027;05;A;  52;100814; 6;u;18; 1988;s; 1904;s;   27;s;   33;s; 1937;s; 1822;s;  100;s;   15;s;    9;s;    8;s;   16;s;    3;s;    2;s;   15;s; 1854;s; 1753;s;   92;s;    9;s;    9;s;    9;s;   13;s;   11;s;   11;s;    8;s
4607;5027;05;A;  52;100814; 6;u;19; 1980;s; 1745;s;   20;s;   33;s; 1932;s; 1817;s;  105;s;   10;s;   12;s;    4;s;   11;s;    5;s;    5;s;   16;s; 1699;s; 1610;s;   80;s;    9;s;    7;s;   10;s;   10;s;   13;s;   12;s;    6;s
4607;5027;05;A;  52;100814; 6;u;20; 1704;s; 1528;s;   17;s;   23;s; 1671;s; 1576;s;   86;s;    9;s;    8;s;    5;s;   10;s;    2;s;    2;s;    8;s; 1494;s; 1406;s;   80;s;    8;s;    4;s;    6;s;    9;s;    8;s;    7;s;    7;s
4607;5027;05;A;  52;100814; 6;u;21; 1312;s; 1361;s;   16;s;   21;s; 1282;s; 1219;s;   58;s;    5;s;    4;s;    3;s;    7;s;    6;s;    4;s;   10;s; 1331;s; 1235;s;   88;s;    8;s;    2;s;    7;s;    9;s;    5;s;    3;s;    7;s
4607;5027;05;A;  52;100814; 6;u;22; 1113;s;  984;s;   12;s;   11;s; 1087;s; 1033;s;   52;s;    2;s;    4;s;    3;s;    6;s;    3;s;    2;s;   10;s;  967;s;  909;s;   49;s;    9;s;    2;s;    1;s;    4;s;    6;s;    6;s;    4;s
4607;5027;05;A;  52;100814; 6;u;23; 1074;s;  974;s;   12;s;   21;s; 1052;s;  995;s;   53;s;    4;s;    2;s;    3;s;    8;s;    1;s;    0;s;    8;s;  946;s;  908;s;   31;s;    7;s;    2;s;    9;s;   10;s;    2;s;    1;s;    5;s
4607;5027;05;A;  52;100814; 6;u;24;  887;s; 1044;s;    9;s;   16;s;  872;s;  823;s;   45;s;    4;s;    2;s;    2;s;    3;s;    4;s;    4;s;    4;s; 1024;s;  985;s;   35;s;    4;s;    2;s;    8;s;    7;s;    1;s;    1;s;    2;s
4607;5027;05;A;  52;100815; 7;s;01;  617;s; 1004;s;    7;s;   10;s;  603;s;  578;s;   24;s;    1;s;    3;s;    1;s;    5;s;    1;s;    1;s;    4;s;  991;s;  948;s;   41;s;    2;s;    1;s;    3;s;    5;s;    2;s;    1;s;    2;s
4607;5027;05;A;  52;100815; 7;s;02;  456;s;  430;s;    8;s;    9;s;  444;s;  417;s;   25;s;    2;s;    1;s;    1;s;    6;s;    1;s;    1;s;    3;s;  419;s;  397;s;   21;s;    1;s;    0;s;    4;s;    4;s;    1;s;    1;s;    2;s
4607;5027;05;A;  52;100815; 7;s;03;  315;s;  288;s;    7;s;    7;s;  305;s;  286;s;   17;s;    2;s;    1;s;    1;s;    4;s;    2;s;    2;s;    2;s;  280;s;  265;s;   15;s;    0;s;    1;s;    2;s;    3;s;    2;s;    2;s;    0;s
4607;5027;05;A;  52;100815; 7;s;04;  421;s;  275;s;    5;s;    8;s;  414;s;  388;s;   25;s;    1;s;    1;s;    0;s;    2;s;    3;s;    2;s;    1;s;  267;s;  247;s;   20;s;    0;s;    0;s;    2;s;    2;s;    4;s;    4;s;    0;s
4607;5027;05;A;  52;100815; 7;s;05;  613;s;  402;s;    8;s;    6;s;  600;s;  571;s;   25;s;    4;s;    3;s;    4;s;    2;s;    2;s;    1;s;    2;s;  391;s;  362;s;   29;s;    0;s;    3;s;    2;s;    3;s;    1;s;    1;s;    2;s
4607;5027;05;A;  52;100815; 7;s;06;  712;s;  393;s;   11;s;    5;s;  688;s;  644;s;   40;s;    4;s;    9;s;    3;s;    5;s;    3;s;    2;s;    4;s;  385;s;  353;s;   31;s;    1;s;    2;s;    1;s;    4;s;    0;s;    0;s;    1;s
4607;5027;05;A;  52;100815; 7;s;07;  556;s;  499;s;   14;s;   12;s;  529;s;  478;s;   50;s;    1;s;    8;s;    3;s;    6;s;    5;s;    5;s;    5;s;  481;s;  435;s;   43;s;    3;s;    4;s;    7;s;    4;s;    1;s;    1;s;    2;s
4607;5027;05;A;  52;100815; 7;s;08;  566;s;  499;s;   10;s;    8;s;  549;s;  513;s;   34;s;    2;s;    5;s;    2;s;    4;s;    4;s;    4;s;    2;s;  482;s;  442;s;   34;s;    6;s;    6;s;    2;s;    2;s;    4;s;    3;s;    3;s
4607;5027;05;A;  52;100815; 7;s;09;  840;s;  672;s;   14;s;   14;s;  815;s;  766;s;   46;s;    3;s;    7;s;    5;s;    5;s;    4;s;    4;s;    4;s;  653;s;  607;s;   42;s;    4;s;    3;s;    6;s;    5;s;    3;s;    3;s;    2;s
4607;5027;05;A;  52;100815; 7;s;10; 1239;s;  976;s;   13;s;   17;s; 1217;s; 1155;s;   56;s;    6;s;    4;s;    4;s;    4;s;    5;s;    5;s;    5;s;  951;s;  884;s;   53;s;   14;s;    5;s;    7;s;    6;s;    4;s;    3;s;    3;s
4607;5027;05;A;  52;100815; 7;s;11; 1494;s; 1315;s;   15;s;   19;s; 1460;s; 1402;s;   53;s;    5;s;    7;s;    3;s;    8;s;    4;s;    4;s;   12;s; 1285;s; 1194;s;   71;s;   20;s;    5;s;    8;s;    4;s;    7;s;    6;s;    6;s
4607;5027;05;A;  52;100815; 7;s;12; 1761;s; 1570;s;   20;s;   16;s; 1722;s; 1643;s;   68;s;   11;s;    3;s;    5;s;   10;s;    5;s;    4;s;   16;s; 1543;s; 1435;s;   81;s;   27;s;    6;s;    2;s;    8;s;    6;s;    4;s;    5;s
4607;5027;05;A;  52;100815; 7;s;13; 1998;s; 1799;s;   18;s;   23;s; 1952;s; 1879;s;   59;s;   14;s;    7;s;    3;s;   10;s;    5;s;    5;s;   21;s; 1761;s; 1656;s;   83;s;   22;s;    8;s;    5;s;   10;s;    8;s;    5;s;    7;s
4607;5027;05;A;  52;100815; 7;s;14; 2142;s; 2149;s;   22;s;   25;s; 2102;s; 2006;s;   72;s;   24;s;    8;s;    8;s;    5;s;    9;s;    9;s;   10;s; 2104;s; 1994;s;   86;s;   24;s;    9;s;    5;s;   10;s;   10;s;    8;s;   11;s
4607;5027;05;A;  52;100815; 7;s;15; 2167;s; 2204;s;   14;s;   23;s; 2135;s; 2038;s;   78;s;   19;s;    7;s;    1;s;    5;s;    8;s;    7;s;   11;s; 2167;s; 2060;s;   88;s;   19;s;    8;s;    2;s;   11;s;   10;s;    6;s;    6;s
4607;5027;05;A;  52;100815; 7;s;16; 2064;s; 1936;s;   18;s;   18;s; 2033;s; 1937;s;   76;s;   20;s;    6;s;    5;s;    6;s;    7;s;    6;s;    7;s; 1899;s; 1794;s;   89;s;   16;s;   10;s;    2;s;    9;s;    7;s;    6;s;    9;s
4607;5027;05;A;  52;100815; 7;s;17; 1942;s; 1763;s;   16;s;   25;s; 1906;s; 1818;s;   75;s;   13;s;    7;s;    2;s;   10;s;    4;s;    4;s;   13;s; 1718;s; 1617;s;   85;s;   16;s;   13;s;    7;s;    7;s;   11;s;    9;s;    7;s
4607;5027;05;A;  52;100815; 7;s;18; 2168;s; 1779;s;   25;s;   25;s; 2122;s; 2027;s;   80;s;   15;s;    5;s;    7;s;   10;s;    8;s;    7;s;   16;s; 1732;s; 1629;s;   82;s;   21;s;   15;s;    5;s;   12;s;    8;s;    6;s;    7;s
4607;5027;05;A;  52;100815; 7;s;19; 2047;s; 1707;s;   26;s;   28;s; 2000;s; 1902;s;   84;s;   14;s;    7;s;    6;s;    9;s;   11;s;   11;s;   14;s; 1661;s; 1564;s;   85;s;   12;s;   12;s;    5;s;   12;s;   11;s;    8;s;    6;s
4607;5027;05;A;  52;100815; 7;s;20; 1764;s; 1400;s;   17;s;   37;s; 1720;s; 1632;s;   73;s;   15;s;    8;s;    1;s;    6;s;   10;s;    9;s;   19;s; 1348;s; 1270;s;   64;s;   14;s;    9;s;   13;s;   12;s;   12;s;   10;s;    6;s
4607;5027;05;A;  52;100815; 7;s;21; 1454;s; 1173;s;   25;s;   25;s; 1409;s; 1337;s;   60;s;   12;s;    7;s;    8;s;    5;s;   12;s;   11;s;   13;s; 1135;s; 1062;s;   64;s;    9;s;    6;s;    6;s;   10;s;    9;s;    8;s;    7;s
4607;5027;05;A;  52;100815; 7;s;22; 1285;s;  950;s;   25;s;   36;s; 1248;s; 1183;s;   56;s;    9;s;    3;s;    4;s;   10;s;   11;s;    8;s;    9;s;  908;s;  846;s;   54;s;    8;s;    3;s;   13;s;    8;s;   15;s;   14;s;    3;s
4607;5027;05;A;  52;100815; 7;s;23; 1052;s;  817;s;   38;s;   57;s; 1006;s;  936;s;   66;s;    4;s;    5;s;    2;s;    9;s;   27;s;   24;s;    3;s;  755;s;  714;s;   33;s;    8;s;    3;s;    3;s;    6;s;   48;s;   36;s;    2;s
4607;5027;05;A;  52;100815; 7;s;24;  625;s;  744;s;   42;s;   45;s;  578;s;  535;s;   43;s;    0;s;    2;s;    2;s;    9;s;   31;s;   24;s;    3;s;  696;s;  653;s;   40;s;    3;s;    2;s;    3;s;   12;s;   30;s;   24;s;    1;s
4607;5027;05;A;  52;100816; 1;u;01;  350;s;  529;s;   37;s;   27;s;  311;s;  280;s;   31;s;    0;s;    1;s;    1;s;   12;s;   24;s;   18;s;    1;s;  502;s;  467;s;   33;s;    2;s;    0;s;    3;s;    3;s;   21;s;   19;s;    0;s
4607;5027;05;A;  52;100816; 1;u;02;  210;s;  213;s;   38;s;   25;s;  169;s;  144;s;   23;s;    2;s;    2;s;    2;s;    8;s;   28;s;   25;s;    1;s;  187;s;  161;s;   26;s;    0;s;    0;s;    0;s;    4;s;   21;s;   12;s;    1;s
4607;5027;05;A;  52;100816; 1;u;03;  165;s;  132;s;   36;s;   22;s;  129;s;  115;s;   14;s;    0;s;    0;s;    1;s;   10;s;   25;s;   22;s;    0;s;  109;s;   91;s;   18;s;    0;s;    0;s;    1;s;    5;s;   16;s;   15;s;    1;s
4607;5027;05;A;  52;100816; 1;u;04;  329;s;  154;s;   36;s;   37;s;  290;s;  263;s;   27;s;    0;s;    1;s;    0;s;   11;s;   25;s;   19;s;    2;s;  115;s;   95;s;   20;s;    0;s;    1;s;    1;s;   13;s;   23;s;   17;s;    1;s
4607;5027;05;A;  52;100816; 1;u;05;  821;s;  367;s;   99;s;   61;s;  717;s;  678;s;   35;s;    4;s;    1;s;   14;s;   34;s;   51;s;   41;s;    4;s;  302;s;  268;s;   34;s;    0;s;    3;s;    1;s;   31;s;   29;s;   21;s;    1;s
4607;5027;05;A;  52;100816; 1;u;06; 2031;s;  749;s;  160;s;   91;s; 1859;s; 1782;s;   72;s;    5;s;    1;s;    3;s;   63;s;   94;s;   75;s;   11;s;  655;s;  612;s;   39;s;    4;s;    0;s;    3;s;   25;s;   63;s;   51;s;    3;s
4607;5027;05;A;  52;100816; 1;u;07; 4736;s; 1557;s;  228;s;  141;s; 4465;s; 4229;s;  220;s;   16;s;   15;s;    3;s;   92;s;  133;s;  104;s;   28;s; 1411;s; 1311;s;   94;s;    6;s;    4;s;    2;s;   57;s;   82;s;   64;s;    1;s
4607;5027;05;A;  52;100816; 1;u;08; 6008;s; 2565;s;  225;s;  165;s; 5722;s; 5461;s;  245;s;   16;s;   24;s;    2;s;   91;s;  132;s;   95;s;   37;s; 2382;s; 2235;s;  142;s;    5;s;    6;s;    3;s;   72;s;   90;s;   75;s;   12;s
4607;5027;05;A;  52;100816; 1;u;09; 5534;s; 2729;s;  239;s;  196;s; 5229;s; 5004;s;  209;s;   16;s;   24;s;    5;s;   94;s;  140;s;  106;s;   42;s; 2518;s; 2321;s;  195;s;    2;s;    8;s;    3;s;   93;s;  100;s;   70;s;    7;s
4607;5027;05;A;  52;100816; 1;u;10; 3784;s; 2260;s;  256;s;  218;s; 3501;s; 3318;s;  176;s;    7;s;   15;s;    6;s;   98;s;  152;s;  120;s;   12;s; 2023;s; 1820;s;  198;s;    5;s;   10;s;    7;s;   88;s;  123;s;   97;s;    9;s
4607;5027;05;A;  52;100816; 1;u;11; 2927;s; 2114;s;  239;s;  223;s; 2657;s; 2480;s;  169;s;    8;s;   12;s;    4;s;   87;s;  148;s;  116;s;   19;s; 1858;s; 1678;s;  179;s;    1;s;   19;s;    7;s;   85;s;  131;s;  101;s;   14;s
4607;5027;05;A;  52;100816; 1;u;12; 2730;s; 2237;s;  254;s;  238;s; 2447;s; 2248;s;  190;s;    9;s;   13;s;    5;s;  109;s;  140;s;  111;s;   16;s; 1978;s; 1765;s;  206;s;    7;s;    8;s;    5;s;   99;s;  134;s;  107;s;   13;s
4607;5027;05;A;  52;100816; 1;u;13; 2868;s; 2518;s;  252;s;  226;s; 2582;s; 2402;s;  173;s;    7;s;   13;s;    6;s;   91;s;  155;s;  127;s;   21;s; 2269;s; 2073;s;  195;s;    1;s;   12;s;    1;s;   93;s;  132;s;   92;s;   11;s
4607;5027;05;A;  52;100816; 1;u;14; 2760;s; 2950;s;  243;s;  234;s; 2493;s; 2318;s;  166;s;    9;s;   11;s;    2;s;   99;s;  142;s;  111;s;   13;s; 2696;s; 2509;s;  179;s;    8;s;   10;s;    3;s;   99;s;  132;s;  106;s;   10;s
4607;5027;05;A;  52;100816; 1;u;15; 2365;s; 3502;s;  225;s;  225;s; 2118;s; 1945;s;  168;s;    5;s;    8;s;    3;s;   98;s;  124;s;   94;s;   14;s; 3257;s; 3037;s;  217;s;    3;s;   13;s;    6;s;  100;s;  119;s;   93;s;    7;s
4607;5027;05;A;  52;100816; 1;u;16; 2459;s; 4284;s;  189;s;  207;s; 2231;s; 2054;s;  169;s;    8;s;   14;s;    2;s;   81;s;  106;s;   82;s;   25;s; 4049;s; 3808;s;  231;s;   10;s;   14;s;    2;s;   88;s;  117;s;   92;s;   14;s
4607;5027;05;A;  52;100816; 1;u;17; 2653;s; 5258;s;  134;s;  167;s; 2489;s; 2333;s;  150;s;    6;s;   15;s;    2;s;   59;s;   73;s;   60;s;   15;s; 5057;s; 4763;s;  282;s;   12;s;   21;s;    3;s;   73;s;   91;s;   76;s;   13;s
4607;5027;05;A;  52;100816; 1;u;18; 2862;s; 5433;s;  105;s;  119;s; 2728;s; 2608;s;  112;s;    8;s;    8;s;    2;s;   39;s;   64;s;   51;s;   21;s; 5288;s; 5124;s;  154;s;   10;s;   18;s;    6;s;   41;s;   72;s;   57;s;    8;s
4607;5027;05;A;  52;100816; 1;u;19; 2482;s; 4318;s;   83;s;   87;s; 2377;s; 2255;s;  117;s;    5;s;    8;s;    3;s;   24;s;   56;s;   41;s;   14;s; 4205;s; 4017;s;  178;s;   10;s;   16;s;    2;s;   30;s;   55;s;   44;s;   10;s
4607;5027;05;A;  52;100816; 1;u;20; 1833;s; 2681;s;   56;s;   62;s; 1753;s; 1651;s;   95;s;    7;s;    7;s;    4;s;   15;s;   37;s;   26;s;   17;s; 2597;s; 2438;s;  154;s;    5;s;   14;s;    4;s;   20;s;   38;s;   26;s;    8;s
4607;5027;05;A;  52;100816; 1;u;21; 1343;s; 1780;s;   53;s;   58;s; 1270;s; 1176;s;   87;s;    7;s;    6;s;    2;s;   11;s;   40;s;   32;s;   14;s; 1707;s; 1600;s;  100;s;    7;s;    6;s;    4;s;    9;s;   45;s;   29;s;    9;s
4607;5027;05;A;  52;100816; 1;u;22; 1126;s; 1340;s;   48;s;   38;s; 1072;s;  992;s;   77;s;    3;s;    4;s;    6;s;    9;s;   33;s;   22;s;    2;s; 1293;s; 1200;s;   86;s;    7;s;    7;s;    1;s;    7;s;   30;s;   21;s;    2;s
4607;5027;05;A;  52;100816; 1;u;23;  864;s; 1178;s;   41;s;   35;s;  816;s;  760;s;   54;s;    2;s;    1;s;    4;s;    7;s;   30;s;   24;s;    6;s; 1136;s; 1057;s;   74;s;    5;s;    2;s;    2;s;    6;s;   27;s;   18;s;    5;s
4607;5027;05;A;  52;100816; 1;u;24;  464;s;  914;s;   39;s;   34;s;  422;s;  380;s;   41;s;    1;s;    0;s;    2;s;    8;s;   29;s;   21;s;    3;s;  878;s;  829;s;   48;s;    1;s;    0;s;    5;s;    7;s;   22;s;   13;s;    2;s
4607;5027;05;A;  52;100817; 2;u;01;  273;s;  376;s;   32;s;   33;s;  239;s;  197;s;   42;s;    0;s;    0;s;    1;s;    4;s;   27;s;   22;s;    2;s;  339;s;  317;s;   21;s;    1;s;    1;s;    2;s;    7;s;   24;s;   17;s;    3;s
4607;5027;05;A;  52;100817; 2;u;02;  176;s;  165;s;   36;s;   24;s;  140;s;  128;s;   11;s;    1;s;    0;s;    1;s;   11;s;   24;s;   19;s;    0;s;  139;s;  127;s;   12;s;    0;s;    1;s;    0;s;    3;s;   21;s;   16;s;    1;s
4607;5027;05;A;  52;100817; 2;u;03;  149;s;  123;s;   34;s;   26;s;  112;s;   95;s;   17;s;    0;s;    2;s;    0;s;   12;s;   22;s;   16;s;    1;s;   96;s;   78;s;   18;s;    0;s;    1;s;    0;s;    7;s;   19;s;   14;s;    0;s
4607;5027;05;A;  52;100817; 2;u;04;  314;s;  137;s;   41;s;   37;s;  270;s;  250;s;   19;s;    1;s;    1;s;    1;s;   15;s;   25;s;   17;s;    2;s;   99;s;   77;s;   22;s;    0;s;    1;s;    1;s;   12;s;   24;s;   21;s;    0;s
4607;5027;05;A;  52;100817; 2;u;05;  781;s;  324;s;   82;s;   69;s;  696;s;  644;s;   48;s;    4;s;    0;s;    6;s;   24;s;   52;s;   39;s;    3;s;  252;s;  219;s;   32;s;    1;s;    1;s;    0;s;   30;s;   39;s;   32;s;    2;s
4607;5027;05;A;  52;100817; 2;u;06; 1908;s;  659;s;  145;s;   92;s; 1752;s; 1662;s;   75;s;   15;s;    2;s;    2;s;   49;s;   94;s;   74;s;    9;s;  561;s;  499;s;   56;s;    6;s;    2;s;    1;s;   33;s;   58;s;   43;s;    4;s
4607;5027;05;A;  52;100817; 2;u;07; 4704;s; 1351;s;  207;s;  134;s; 4452;s; 4143;s;  278;s;   31;s;   16;s;    4;s;   78;s;  125;s;   91;s;   29;s; 1205;s; 1102;s;   95;s;    8;s;    5;s;    5;s;   55;s;   74;s;   52;s;    7;s
4607;5027;05;A;  52;100817; 2;u;08; 5899;s; 2243;s;  201;s;  158;s; 5639;s; 5392;s;  223;s;   24;s;   29;s;    1;s;   79;s;  121;s;   90;s;   30;s; 2070;s; 1931;s;  132;s;    7;s;    7;s;    3;s;   72;s;   83;s;   61;s;    8;s
4607;5027;05;A;  52;100817; 2;u;09; 5461;s; 2557;s;  222;s;  206;s; 5195;s; 4999;s;  177;s;   19;s;   20;s;   10;s;   82;s;  130;s;  106;s;   24;s; 2335;s; 2177;s;  147;s;   11;s;    8;s;    8;s;   93;s;  105;s;   79;s;    8;s
4607;5027;05;A;  52;100817; 2;u;10; 3594;s; 2141;s;  215;s;  207;s; 3350;s; 3161;s;  178;s;   11;s;   14;s;    4;s;   71;s;  140;s;  107;s;   15;s; 1916;s; 1741;s;  165;s;   10;s;   11;s;    7;s;   87;s;  113;s;   90;s;    7;s
4607;5027;05;A;  52;100817; 2;u;11; 2853;s; 2057;s;  220;s;  216;s; 2607;s; 2462;s;  140;s;    5;s;   12;s;    4;s;   87;s;  129;s;  100;s;   14;s; 1823;s; 1650;s;  164;s;    9;s;    9;s;    6;s;   83;s;  127;s;  101;s;    9;s
4607;5027;05;A;  52;100817; 2;u;12; 2618;s; 2098;s;  227;s;  219;s; 2364;s; 2188;s;  168;s;    8;s;   10;s;    0;s;   91;s;  136;s;  112;s;   17;s; 1857;s; 1682;s;  168;s;    7;s;   10;s;    4;s;   80;s;  135;s;  108;s;   12;s
4607;5027;05;A;  52;100817; 2;u;13; 2738;s; 2287;s;  224;s;  206;s; 2489;s; 2324;s;  151;s;   14;s;   10;s;    4;s;   84;s;  136;s;  112;s;   15;s; 2059;s; 1904;s;  149;s;    6;s;   13;s;    3;s;   81;s;  122;s;   91;s;    9;s
4607;5027;05;A;  52;100817; 2;u;14; 2714;s; 2724;s;  211;s;  213;s; 2485;s; 2316;s;  159;s;   10;s;   13;s;    2;s;   75;s;  134;s;  104;s;    5;s; 2487;s; 2306;s;  171;s;   10;s;   11;s;    3;s;   84;s;  126;s;   98;s;   13;s
4607;5027;05;A;  52;100817; 2;u;15; 2415;s; 3267;s;  207;s;  218;s; 2183;s; 2026;s;  145;s;   12;s;   14;s;    4;s;   75;s;  128;s;  100;s;   11;s; 3017;s; 2808;s;  192;s;   17;s;   18;s;    7;s;   94;s;  117;s;   93;s;   14;s
4607;5027;05;A;  52;100817; 2;u;16; 2474;s; 4121;s;  168;s;  195;s; 2275;s; 2101;s;  162;s;   12;s;   13;s;    5;s;   57;s;  106;s;   85;s;   18;s; 3890;s; 3651;s;  215;s;   24;s;   23;s;    5;s;   74;s;  116;s;   89;s;   13;s
4607;5027;05;A;  52;100817; 2;u;17; 2690;s; 4919;s;  132;s;  154;s; 2535;s; 2368;s;  161;s;    6;s;   10;s;    2;s;   48;s;   82;s;   64;s;   13;s; 4735;s; 4508;s;  202;s;   25;s;   20;s;    3;s;   52;s;   99;s;   79;s;   10;s
4607;5027;05;A;  52;100817; 2;u;18; 2940;s; 5072;s;   97;s;  122;s; 2820;s; 2701;s;  106;s;   13;s;    9;s;    2;s;   28;s;   67;s;   52;s;   14;s; 4924;s; 4759;s;  141;s;   24;s;   19;s;    6;s;   37;s;   79;s;   63;s;    7;s
4607;5027;05;A;  52;100817; 2;u;19; 2724;s; 4248;s;   78;s;   83;s; 2619;s; 2504;s;  100;s;   15;s;    4;s;    3;s;   12;s;   63;s;   52;s;   23;s; 4145;s; 4003;s;  125;s;   17;s;   13;s;    4;s;   23;s;   56;s;   43;s;    7;s
4607;5027;05;A;  52;100817; 2;u;20; 2041;s; 2804;s;   63;s;   74;s; 1955;s; 1851;s;   94;s;   10;s;   10;s;    4;s;   16;s;   43;s;   35;s;   13;s; 2710;s; 2557;s;  139;s;   14;s;    8;s;    4;s;   16;s;   54;s;   43;s;   12;s
4607;5027;05;A;  52;100817; 2;u;21; 1441;s; 1903;s;   50;s;   62;s; 1382;s; 1288;s;   83;s;   11;s;    3;s;    3;s;    9;s;   38;s;   26;s;    6;s; 1822;s; 1668;s;  143;s;   11;s;    4;s;    5;s;   12;s;   45;s;   31;s;   15;s
4607;5027;05;A;  52;100817; 2;u;22; 1194;s; 1407;s;   42;s;   48;s; 1137;s; 1064;s;   70;s;    3;s;    4;s;    2;s;   12;s;   28;s;   21;s;   11;s; 1353;s; 1243;s;   98;s;   12;s;    1;s;    3;s;    4;s;   41;s;   31;s;    5;s
4607;5027;05;A;  52;100817; 2;u;23;  876;s; 1222;s;   42;s;   36;s;  824;s;  779;s;   42;s;    3;s;    3;s;    5;s;   10;s;   27;s;   21;s;    7;s; 1180;s; 1112;s;   57;s;   11;s;    1;s;    0;s;    9;s;   27;s;   17;s;    5;s
4607;5027;05;A;  52;100817; 2;u;24;  548;s;  875;s;   32;s;   32;s;  513;s;  464;s;   47;s;    2;s;    1;s;    0;s;    7;s;   25;s;   22;s;    2;s;  838;s;  795;s;   41;s;    2;s;    2;s;    1;s;    3;s;   28;s;   21;s;    3;s
4607;5027;05;A;  52;100818; 3;u;01;  287;s;  442;s;   37;s;   29;s;  247;s;  219;s;   26;s;    2;s;    2;s;    1;s;   12;s;   24;s;   18;s;    1;s;  410;s;  379;s;   27;s;    4;s;    2;s;    1;s;    4;s;   24;s;   16;s;    1;s
4607;5027;05;A;  52;100818; 3;u;02;  185;s;  207;s;   36;s;   24;s;  149;s;  132;s;   16;s;    1;s;    0;s;    3;s;    7;s;   26;s;   21;s;    0;s;  179;s;  154;s;   25;s;    0;s;    2;s;    0;s;    5;s;   19;s;   15;s;    2;s
4607;5027;05;A;  52;100818; 3;u;03;  148;s;  150;s;   35;s;   26;s;  113;s;  101;s;   11;s;    1;s;    0;s;    1;s;   10;s;   24;s;   16;s;    0;s;  123;s;  104;s;   19;s;    0;s;    1;s;    0;s;    6;s;   20;s;   15;s;    0;s
4607;5027;05;A;  52;100818; 3;u;04;  298;s;  145;s;   35;s;   41;s;  262;s;  236;s;   25;s;    1;s;    0;s;    0;s;    9;s;   26;s;   17;s;    1;s;  104;s;   81;s;   23;s;    0;s;    0;s;    0;s;   11;s;   30;s;   18;s;    0;s
4607;5027;05;A;  52;100818; 3;u;05;  752;s;  328;s;   90;s;   67;s;  657;s;  615;s;   37;s;    5;s;    3;s;    5;s;   29;s;   56;s;   42;s;    2;s;  258;s;  233;s;   25;s;    0;s;    1;s;    0;s;   25;s;   42;s;   31;s;    2;s
4607;5027;05;A;  52;100818; 3;u;06; 1946;s;  674;s;  170;s;  107;s; 1766;s; 1681;s;   69;s;   16;s;    2;s;    3;s;   64;s;  103;s;   87;s;    8;s;  562;s;  499;s;   56;s;    7;s;    1;s;    2;s;   34;s;   71;s;   53;s;    4;s
4607;5027;05;A;  52;100818; 3;u;07; 4679;s; 1425;s;  212;s;  145;s; 4422;s; 4120;s;  279;s;   23;s;   20;s;    1;s;   86;s;  125;s;   91;s;   25;s; 1270;s; 1165;s;   95;s;   10;s;    6;s;    5;s;   64;s;   76;s;   55;s;    4;s
4607;5027;05;A;  52;100818; 3;u;08; 5967;s; 2360;s;  235;s;  162;s; 5696;s; 5449;s;  222;s;   25;s;   18;s;   10;s;  105;s;  120;s;   95;s;   18;s; 2182;s; 2041;s;  132;s;    9;s;    7;s;    4;s;   69;s;   89;s;   62;s;    9;s
4607;5027;05;A;  52;100818; 3;u;09; 5578;s; 2635;s;  226;s;  220;s; 5300;s; 5090;s;  195;s;   15;s;   24;s;    0;s;   92;s;  134;s;   96;s;   28;s; 2398;s; 2246;s;  147;s;    5;s;    8;s;    6;s;  102;s;  112;s;   84;s;    9;s
4607;5027;05;A;  52;100818; 3;u;10; 3809;s; 2224;s;  246;s;  227;s; 3547;s; 3380;s;  157;s;   10;s;    7;s;    8;s;   85;s;  153;s;  127;s;    9;s; 1981;s; 1790;s;  182;s;    9;s;    7;s;    6;s;   94;s;  127;s;   94;s;    9;s
4607;5027;05;A;  52;100818; 3;u;11; 2936;s; 2100;s;  236;s;  245;s; 2667;s; 2518;s;  142;s;    7;s;   14;s;    8;s;   87;s;  141;s;  108;s;   19;s; 1835;s; 1646;s;  184;s;    5;s;   11;s;    6;s;   87;s;  152;s;  124;s;    9;s
4607;5027;05;A;  52;100818; 3;u;12; 2695;s; 2242;s;  241;s;  242;s; 2438;s; 2271;s;  164;s;    3;s;    9;s;    3;s;   95;s;  143;s;  126;s;    7;s; 1977;s; 1787;s;  178;s;   12;s;   15;s;    2;s;   95;s;  145;s;  120;s;    8;s
4607;5027;05;A;  52;100818; 3;u;13; 2879;s; 2495;s;  232;s;  226;s; 2620;s; 2454;s;  155;s;   11;s;   12;s;    3;s;   88;s;  141;s;  120;s;   15;s; 2238;s; 2041;s;  187;s;   10;s;   18;s;    2;s;   85;s;  139;s;  105;s;   13;s
4607;5027;05;A;  52;100818; 3;u;14; 2866;s; 2973;s;  234;s;  236;s; 2613;s; 2471;s;  125;s;   17;s;   13;s;    2;s;   82;s;  150;s;  123;s;    6;s; 2709;s; 2491;s;  207;s;   11;s;   16;s;    3;s;   95;s;  138;s;  105;s;   12;s
4607;5027;05;A;  52;100818; 3;u;15; 2636;s; 3604;s;  227;s;  229;s; 2369;s; 2200;s;  158;s;   11;s;   14;s;   12;s;   80;s;  135;s;  106;s;   26;s; 3350;s; 3122;s;  204;s;   24;s;   16;s;    6;s;   93;s;  130;s;  100;s;    9;s
4607;5027;05;A;  52;100818; 3;u;16; 2682;s; 4373;s;  182;s;  214;s; 2479;s; 2307;s;  163;s;    9;s;   11;s;    7;s;   82;s;   93;s;   75;s;   10;s; 4125;s; 3866;s;  235;s;   24;s;   21;s;    3;s;   84;s;  127;s;   96;s;   13;s
4607;5027;05;A;  52;100818; 3;u;17; 2880;s; 5186;s;  138;s;  173;s; 2726;s; 2601;s;  116;s;    9;s;   10;s;   10;s;   43;s;   85;s;   60;s;    6;s; 4975;s; 4732;s;  211;s;   32;s;   26;s;    7;s;   57;s;  109;s;   84;s;   12;s
4607;5027;05;A;  52;100818; 3;u;18; 3077;s; 5503;s;  102;s;  130;s; 2954;s; 2865;s;   81;s;    8;s;    8;s;    4;s;   31;s;   67;s;   54;s;   13;s; 5344;s; 5190;s;  127;s;   27;s;   19;s;    7;s;   38;s;   85;s;   59;s;   10;s
4607;5027;05;A;  52;100818; 3;u;19; 2739;s; 4669;s;   86;s;  101;s; 2637;s; 2552;s;   80;s;    5;s;    5;s;    4;s;   17;s;   65;s;   51;s;   11;s; 4548;s; 4412;s;  116;s;   20;s;   12;s;    4;s;   21;s;   76;s;   60;s;    8;s
4607;5027;05;A;  52;100818; 3;u;20; 2179;s; 3001;s;   64;s;   74;s; 2095;s; 1999;s;   88;s;    8;s;    8;s;    3;s;   18;s;   43;s;   34;s;   12;s; 2901;s; 2751;s;  133;s;   17;s;   10;s;    2;s;   18;s;   54;s;   41;s;   16;s
4607;5027;05;A;  52;100818; 3;u;21; 1528;s; 2018;s;   52;s;   59;s; 1461;s; 1371;s;   79;s;   11;s;    3;s;    3;s;   12;s;   37;s;   25;s;   12;s; 1938;s; 1779;s;  149;s;   10;s;    6;s;    5;s;   10;s;   44;s;   31;s;   15;s
4607;5027;05;A;  52;100818; 3;u;22; 1303;s; 1485;s;   52;s;   47;s; 1241;s; 1180;s;   59;s;    2;s;    3;s;    2;s;    5;s;   45;s;   34;s;    7;s; 1427;s; 1302;s;  111;s;   14;s;    4;s;    2;s;    9;s;   36;s;   26;s;    7;s
4607;5027;05;A;  52;100818; 3;u;23;  966;s; 1377;s;   37;s;   36;s;  920;s;  877;s;   41;s;    2;s;    1;s;    0;s;    8;s;   29;s;   27;s;    8;s; 1333;s; 1242;s;   78;s;   13;s;    2;s;    1;s;    6;s;   29;s;   20;s;    6;s
4607;5027;05;A;  52;100818; 3;u;24;  560;s; 1014;s;   36;s;   34;s;  523;s;  493;s;   29;s;    1;s;    0;s;    0;s;    8;s;   28;s;   23;s;    1;s;  974;s;  910;s;   59;s;    5;s;    2;s;    1;s;    5;s;   28;s;   18;s;    4;s
4607;5027;05;A;  52;100819; 4;u;01;  302;s;  472;s;   30;s;   32;s;  271;s;  244;s;   27;s;    0;s;    0;s;    1;s;    8;s;   21;s;   18;s;    1;s;  437;s;  399;s;   35;s;    3;s;    1;s;    2;s;    5;s;   25;s;   18;s;    2;s
4607;5027;05;A;  52;100819; 4;u;02;  183;s;  226;s;   33;s;   27;s;  149;s;  134;s;   14;s;    1;s;    1;s;    1;s;    7;s;   25;s;   18;s;    0;s;  198;s;  176;s;   21;s;    1;s;    0;s;    0;s;    5;s;   22;s;   16;s;    1;s
4607;5027;05;A;  52;100819; 4;u;03;  156;s;  151;s;   38;s;   30;s;  117;s;  111;s;    6;s;    0;s;    1;s;    1;s;   12;s;   25;s;   19;s;    0;s;  119;s;  102;s;   17;s;    0;s;    0;s;    0;s;    7;s;   23;s;   18;s;    2;s
4607;5027;05;A;  52;100819; 4;u;04;  295;s;  162;s;   38;s;   40;s;  255;s;  231;s;   21;s;    3;s;    1;s;    1;s;   12;s;   25;s;   16;s;    1;s;  122;s;   98;s;   24;s;    0;s;    0;s;    0;s;   13;s;   27;s;   21;s;    0;s
4607;5027;05;A;  52;100819; 4;u;05;  731;s;  326;s;   90;s;   71;s;  632;s;  585;s;   45;s;    2;s;    2;s;    6;s;   30;s;   54;s;   37;s;    7;s;  252;s;  218;s;   34;s;    0;s;    3;s;    2;s;   35;s;   34;s;   25;s;    0;s
4607;5027;05;A;  52;100819; 4;u;06; 1993;s;  689;s;  161;s;  100;s; 1821;s; 1718;s;   94;s;    9;s;    2;s;    2;s;   53;s;  106;s;   82;s;    9;s;  583;s;  512;s;   65;s;    6;s;    4;s;    1;s;   36;s;   63;s;   46;s;    2;s
4607;5027;05;A;  52;100819; 4;u;07; 4736;s; 1493;s;  224;s;  144;s; 4480;s; 4181;s;  275;s;   24;s;   19;s;    2;s;   99;s;  123;s;   93;s;   13;s; 1335;s; 1218;s;  107;s;   10;s;    7;s;    4;s;   60;s;   80;s;   57;s;    7;s
4607;5027;05;A;  52;100819; 4;u;08; 5977;s; 2545;s;  231;s;  187;s; 5692;s; 5435;s;  238;s;   19;s;   24;s;    5;s;  101;s;  125;s;   97;s;   30;s; 2340;s; 2170;s;  157;s;   13;s;    7;s;    5;s;   85;s;   97;s;   69;s;   11;s
4607;5027;05;A;  52;100819; 4;u;09; 5593;s; 2758;s;  251;s;  225;s; 5313;s; 5109;s;  190;s;   14;s;   11;s;    6;s;  102;s;  143;s;  108;s;   18;s; 2512;s; 2342;s;  160;s;   10;s;    9;s;   11;s;   99;s;  115;s;   86;s;   12;s
4607;5027;05;A;  52;100819; 4;u;10; 3712;s; 2413;s;  247;s;  232;s; 3423;s; 3268;s;  148;s;    7;s;   16;s;    6;s;   96;s;  145;s;  116;s;   26;s; 2163;s; 1951;s;  204;s;    8;s;   12;s;    9;s;   92;s;  131;s;   98;s;    6;s
4607;5027;05;A;  52;100819; 4;u;11; 2981;s; 2241;s;  242;s;  237;s; 2720;s; 2558;s;  156;s;    6;s;    9;s;    4;s;   91;s;  147;s;  118;s;   10;s; 1976;s; 1772;s;  193;s;   11;s;   19;s;    5;s;   96;s;  136;s;  112;s;    9;s
4607;5027;05;A;  52;100819; 4;u;12; 2740;s; 2316;s;  245;s;  234;s; 2466;s; 2293;s;  165;s;    8;s;   13;s;    3;s;   98;s;  144;s;  109;s;   16;s; 2054;s; 1849;s;  197;s;    8;s;   16;s;    4;s;   91;s;  139;s;  108;s;   12;s
4607;5027;05;A;  52;100819; 4;u;13; 2887;s; 2645;s;  241;s;  227;s; 2623;s; 2459;s;  152;s;   12;s;   15;s;    9;s;   98;s;  134;s;   99;s;    8;s; 2390;s; 2189;s;  189;s;   12;s;   14;s;    2;s;   85;s;  140;s;  106;s;   14;s
4607;5027;05;A;  52;100819; 4;u;14; 2836;s; 3047;s;  226;s;  233;s; 2573;s; 2428;s;  135;s;   10;s;   10;s;    2;s;   87;s;  137;s;  110;s;   27;s; 2786;s; 2559;s;  215;s;   12;s;   15;s;    4;s;   90;s;  139;s;  105;s;   13;s
4607;5027;05;A;  52;100819; 4;u;15; 2585;s; 3600;s;  224;s;  242;s; 2337;s; 2196;s;  133;s;    8;s;   11;s;    0;s;   98;s;  126;s;  104;s;   13;s; 3328;s; 3090;s;  218;s;   20;s;   15;s;    6;s;   97;s;  139;s;  109;s;   15;s
4607;5027;05;A;  52;100819; 4;u;16; 2678;s; 4513;s;  186;s;  222;s; 2467;s; 2314;s;  145;s;    8;s;   11;s;    5;s;   83;s;   98;s;   75;s;   14;s; 4256;s; 3976;s;  249;s;   31;s;   20;s;    4;s;   87;s;  131;s;   99;s;   15;s
4607;5027;05;A;  52;100819; 4;u;17; 2830;s; 5270;s;  144;s;  173;s; 2665;s; 2537;s;  119;s;    9;s;   13;s;    6;s;   53;s;   85;s;   68;s;    8;s; 5064;s; 4774;s;  255;s;   35;s;   17;s;    6;s;   63;s;  104;s;   78;s;   16;s
4607;5027;05;A;  52;100819; 4;u;18; 3064;s; 5417;s;  115;s;  128;s; 2924;s; 2807;s;  109;s;    8;s;   11;s;    4;s;   26;s;   85;s;   70;s;   14;s; 5256;s; 5074;s;  151;s;   31;s;   15;s;    6;s;   35;s;   87;s;   67;s;   18;s
4607;5027;05;A;  52;100819; 4;u;19; 2906;s; 4712;s;   84;s;  100;s; 2802;s; 2684;s;  105;s;   13;s;    7;s;    4;s;   21;s;   59;s;   45;s;   13;s; 4581;s; 4390;s;  165;s;   26;s;   16;s;    3;s;   31;s;   66;s;   48;s;   15;s
4607;5027;05;A;  52;100819; 4;u;20; 2281;s; 3104;s;   66;s;   76;s; 2196;s; 2087;s;  103;s;    6;s;    7;s;    3;s;   18;s;   45;s;   39;s;   12;s; 3000;s; 2804;s;  175;s;   21;s;    9;s;    2;s;   22;s;   52;s;   39;s;   19;s
4607;5027;05;A;  52;100819; 4;u;21; 1580;s; 2210;s;   58;s;   56;s; 1508;s; 1419;s;   78;s;   11;s;    2;s;    5;s;   20;s;   33;s;   23;s;   12;s; 2135;s; 1971;s;  146;s;   18;s;    6;s;    5;s;    8;s;   43;s;   29;s;   13;s
4607;5027;05;A;  52;100819; 4;u;22; 1310;s; 1693;s;   52;s;   46;s; 1242;s; 1166;s;   70;s;    6;s;    5;s;    4;s;   15;s;   33;s;   27;s;   11;s; 1634;s; 1506;s;  109;s;   19;s;    5;s;    2;s;    7;s;   37;s;   26;s;    8;s
4607;5027;05;A;  52;100819; 4;u;23; 1008;s; 1434;s;   40;s;   37;s;  954;s;  895;s;   57;s;    2;s;    3;s;    0;s;    8;s;   32;s;   30;s;   11;s; 1389;s; 1309;s;   66;s;   14;s;    3;s;    2;s;    8;s;   27;s;   20;s;    5;s
4607;5027;05;A;  52;100819; 4;u;24;  663;s; 1111;s;   34;s;   31;s;  622;s;  577;s;   44;s;    1;s;    5;s;    0;s;    8;s;   26;s;   24;s;    2;s; 1074;s; 1007;s;   60;s;    7;s;    1;s;    1;s;    6;s;   24;s;   17;s;    5;s
4607;5027;05;A;  52;100820; 5;u;01;  334;s;  511;s;   35;s;   32;s;  294;s;  263;s;   29;s;    2;s;    2;s;    0;s;    9;s;   26;s;   16;s;    3;s;  475;s;  433;s;   38;s;    4;s;    1;s;    2;s;    4;s;   26;s;   19;s;    3;s
4607;5027;05;A;  52;100820; 5;u;02;  195;s;  266;s;   39;s;   29;s;  151;s;  136;s;   13;s;    2;s;    4;s;    3;s;   13;s;   23;s;   15;s;    1;s;  234;s;  201;s;   31;s;    2;s;    1;s;    0;s;    5;s;   24;s;   15;s;    2;s
4607;5027;05;A;  52;100820; 5;u;03;  181;s;  151;s;   39;s;   28;s;  140;s;  112;s;   27;s;    1;s;    1;s;    0;s;   10;s;   29;s;   22;s;    1;s;  121;s;  105;s;   16;s;    0;s;    1;s;    0;s;    7;s;   21;s;   15;s;    1;s
4607;5027;05;A;  52;100820; 5;u;04;  343;s;  185;s;   47;s;   48;s;  294;s;  260;s;   34;s;    0;s;    2;s;    0;s;   18;s;   29;s;   17;s;    0;s;  134;s;  110;s;   24;s;    0;s;    2;s;    1;s;   18;s;   29;s;   22;s;    1;s
4607;5027;05;A;  52;100820; 5;u;05;  855;s;  415;s;   99;s;   82;s;  747;s;  690;s;   50;s;    7;s;    3;s;    6;s;   28;s;   65;s;   53;s;    6;s;  331;s;  288;s;   40;s;    3;s;    2;s;    3;s;   30;s;   49;s;   35;s;    0;s
4607;5027;05;A;  52;100820; 5;u;06; 1810;s;  754;s;  175;s;  114;s; 1626;s; 1550;s;   62;s;   14;s;    2;s;    5;s;   57;s;  113;s;   96;s;    7;s;  634;s;  560;s;   66;s;    8;s;    3;s;    3;s;   35;s;   76;s;   49;s;    3;s
4607;5027;05;A;  52;100820; 5;u;07; 4424;s; 1432;s;  230;s;  165;s; 4142;s; 3848;s;  267;s;   27;s;   14;s;    1;s;   91;s;  138;s;  102;s;   38;s; 1251;s; 1134;s;  105;s;   12;s;   10;s;    5;s;   67;s;   93;s;   64;s;    6;s
4607;5027;05;A;  52;100820; 5;u;08; 5777;s; 2322;s;  246;s;  197;s; 5453;s; 5160;s;  258;s;   35;s;   25;s;    5;s;  120;s;  121;s;   75;s;   53;s; 2108;s; 1954;s;  141;s;   13;s;    8;s;    5;s;   83;s;  109;s;   82;s;    9;s
4607;5027;05;A;  52;100820; 5;u;09; 5200;s; 2600;s;  244;s;  244;s; 4912;s; 4697;s;  188;s;   27;s;   24;s;    3;s;   89;s;  152;s;  129;s;   20;s; 2335;s; 2159;s;  164;s;   12;s;   13;s;   11;s;  112;s;  121;s;   97;s;    8;s
4607;5027;05;A;  52;100820; 5;u;10; 3376;s; 2236;s;  267;s;  264;s; 3083;s; 2871;s;  199;s;   13;s;   10;s;   13;s;  119;s;  135;s;   99;s;   16;s; 1946;s; 1764;s;  173;s;    9;s;   16;s;    7;s;  107;s;  150;s;  109;s;   10;s
4607;5027;05;A;  52;100820; 5;u;11; 2699;s; 2269;s;  265;s;  269;s; 2418;s; 2270;s;  134;s;   14;s;   10;s;   10;s;   96;s;  159;s;  118;s;    6;s; 1976;s; 1768;s;  200;s;    8;s;   15;s;    7;s;  108;s;  154;s;  121;s;    9;s
4607;5027;05;A;  52;100820; 5;u;12; 2602;s; 2403;s;  258;s;  257;s; 2321;s; 2143;s;  159;s;   19;s;   14;s;   10;s;  104;s;  144;s;  116;s;    9;s; 2121;s; 1900;s;  208;s;   13;s;   14;s;    6;s;   91;s;  160;s;  127;s;   11;s
4607;5027;05;A;  52;100820; 5;u;13; 2995;s; 3212;s;  248;s;  242;s; 2715;s; 2511;s;  185;s;   19;s;   14;s;    9;s;   91;s;  148;s;  108;s;   18;s; 2941;s; 2720;s;  206;s;   15;s;   16;s;    4;s;   95;s;  143;s;  115;s;   13;s
4607;5027;05;A;  52;100820; 5;u;14; 2978;s; 3985;s;  205;s;  265;s; 2736;s; 2557;s;  156;s;   23;s;   15;s;    0;s;   67;s;  138;s;  109;s;   22;s; 3684;s; 3439;s;  224;s;   21;s;   20;s;    8;s;  104;s;  153;s;  118;s;   16;s
4607;5027;05;A;  52;100820; 5;u;15; 2767;s; 4608;s;  196;s;  233;s; 2540;s; 2375;s;  147;s;   18;s;   13;s;    3;s;   85;s;  108;s;   84;s;   18;s; 4338;s; 4094;s;  212;s;   32;s;   23;s;    4;s;   87;s;  142;s;  103;s;   14;s
4607;5027;05;A;  52;100820; 5;u;16; 2914;s; 4853;s;  159;s;  220;s; 2727;s; 2568;s;  135;s;   24;s;   15;s;    6;s;   69;s;   84;s;   58;s;   13;s; 4592;s; 4362;s;  193;s;   37;s;   23;s;    7;s;   73;s;  140;s;  104;s;   18;s
4607;5027;05;A;  52;100820; 5;u;17; 2820;s; 4659;s;  120;s;  146;s; 2673;s; 2526;s;  122;s;   25;s;   12;s;    3;s;   38;s;   79;s;   59;s;   15;s; 4476;s; 4264;s;  184;s;   28;s;   19;s;    6;s;   45;s;   95;s;   73;s;   18;s
4607;5027;05;A;  52;100820; 5;u;18; 2970;s; 4374;s;  109;s;  121;s; 2831;s; 2708;s;  112;s;   11;s;   14;s;    3;s;   40;s;   66;s;   47;s;   16;s; 4223;s; 4021;s;  179;s;   23;s;   16;s;    9;s;   33;s;   79;s;   62;s;   14;s
4607;5027;05;A;  52;100820; 5;u;19; 2813;s; 3782;s;   82;s;   94;s; 2713;s; 2591;s;  111;s;   11;s;    5;s;    6;s;   21;s;   55;s;   43;s;   13;s; 3656;s; 3473;s;  162;s;   21;s;   12;s;    6;s;   25;s;   63;s;   52;s;   20;s
4607;5027;05;A;  52;100820; 5;u;20; 2444;s; 2882;s;   59;s;   75;s; 2364;s; 2264;s;   83;s;   17;s;    5;s;    2;s;   17;s;   40;s;   30;s;   16;s; 2783;s; 2611;s;  150;s;   22;s;    5;s;    7;s;   16;s;   52;s;   41;s;   19;s
4607;5027;05;A;  52;100820; 5;u;21; 1786;s; 2236;s;   46;s;   63;s; 1718;s; 1628;s;   77;s;   13;s;    6;s;    3;s;   14;s;   29;s;   21;s;   16;s; 2152;s; 1996;s;  142;s;   14;s;   10;s;    5;s;   11;s;   47;s;   30;s;   11;s
4607;5027;05;A;  52;100820; 5;u;22; 1402;s; 1749;s;   44;s;   45;s; 1351;s; 1276;s;   68;s;    7;s;    4;s;    5;s;   13;s;   26;s;   22;s;    3;s; 1688;s; 1566;s;  103;s;   19;s;    7;s;    3;s;    9;s;   33;s;   23;s;    9;s
4607;5027;05;A;  52;100820; 5;u;23; 1086;s; 1440;s;   33;s;   40;s; 1050;s;  981;s;   62;s;    7;s;    2;s;    5;s;    9;s;   19;s;   16;s;    1;s; 1390;s; 1312;s;   64;s;   14;s;    5;s;    2;s;   10;s;   28;s;   21;s;    5;s
4607;5027;05;A;  52;100820; 5;u;24;  811;s; 1258;s;   30;s;   31;s;  775;s;  729;s;   41;s;    5;s;    3;s;    2;s;    9;s;   19;s;   16;s;    3;s; 1219;s; 1166;s;   48;s;    5;s;    2;s;    3;s;    6;s;   22;s;   18;s;    6;s
4607;5027;05;A;  52;100821; 6;u;01;  502;s;  651;s;   29;s;   36;s;  467;s;  428;s;   37;s;    2;s;    3;s;    2;s;    8;s;   19;s;   13;s;    3;s;  611;s;  576;s;   31;s;    4;s;    1;s;    3;s;    4;s;   29;s;   21;s;    3;s
4607;5027;05;A;  52;100821; 6;u;02;  337;s;  341;s;   28;s;   27;s;  304;s;  282;s;   21;s;    1;s;    2;s;    0;s;   10;s;   18;s;   13;s;    3;s;  314;s;  295;s;   18;s;    1;s;    0;s;    2;s;    8;s;   17;s;   12;s;    0;s
4607;5027;05;A;  52;100821; 6;u;03;  263;s;  221;s;   30;s;   26;s;  230;s;  205;s;   23;s;    2;s;    2;s;    0;s;    9;s;   21;s;   14;s;    1;s;  192;s;  175;s;   17;s;    0;s;    1;s;    2;s;    8;s;   16;s;   13;s;    2;s
4607;5027;05;A;  52;100821; 6;u;04;  393;s;  216;s;   27;s;   38;s;  362;s;  331;s;   29;s;    2;s;    1;s;    2;s;   10;s;   15;s;   10;s;    3;s;  175;s;  153;s;   22;s;    0;s;    3;s;    1;s;   18;s;   19;s;   13;s;    0;s
4607;5027;05;A;  52;100821; 6;u;05;  715;s;  399;s;   46;s;   56;s;  660;s;  608;s;   49;s;    3;s;    1;s;    5;s;   20;s;   21;s;   16;s;    8;s;  339;s;  302;s;   37;s;    0;s;    3;s;    0;s;   32;s;   24;s;   17;s;    1;s
4607;5027;05;A;  52;100821; 6;u;06;  984;s;  451;s;   69;s;   58;s;  903;s;  840;s;   57;s;    6;s;    5;s;   15;s;   28;s;   26;s;   23;s;    7;s;  386;s;  343;s;   40;s;    3;s;    5;s;    1;s;   27;s;   30;s;   21;s;    2;s
4607;5027;05;A;  52;100821; 6;u;07;  942;s;  692;s;   62;s;   52;s;  865;s;  768;s;   93;s;    4;s;    8;s;    4;s;   37;s;   21;s;   17;s;    7;s;  630;s;  565;s;   60;s;    5;s;    7;s;    3;s;   17;s;   32;s;   22;s;    3;s
4607;5027;05;A;  52;100821; 6;u;08; 1030;s;  825;s;   73;s;   64;s;  936;s;  835;s;   98;s;    3;s;   10;s;    6;s;   36;s;   31;s;   25;s;   11;s;  748;s;  665;s;   79;s;    4;s;    8;s;    7;s;   26;s;   31;s;   27;s;    5;s
4607;5027;05;A;  52;100821; 6;u;09; 1557;s; 1200;s;   69;s;   58;s; 1467;s; 1354;s;  111;s;    2;s;   12;s;    4;s;   36;s;   29;s;   23;s;    9;s; 1128;s; 1034;s;   89;s;    5;s;    9;s;    4;s;   28;s;   26;s;   21;s;    5;s
4607;5027;05;A;  52;100821; 6;u;10; 2006;s; 1714;s;   65;s;   64;s; 1915;s; 1787;s;  117;s;   11;s;   13;s;    3;s;   42;s;   20;s;   17;s;   13;s; 1631;s; 1503;s;  117;s;   11;s;   12;s;    5;s;   28;s;   31;s;   26;s;    7;s
4607;5027;05;A;  52;100821; 6;u;11; 2216;s; 2049;s;   60;s;   57;s; 2108;s; 1997;s;   95;s;   16;s;   13;s;    4;s;   34;s;   22;s;   15;s;   35;s; 1972;s; 1836;s;  117;s;   19;s;   12;s;    4;s;   23;s;   30;s;   22;s;    8;s
4607;5027;05;A;  52;100821; 6;u;12; 2343;s; 2267;s;   49;s;   49;s; 2274;s; 2161;s;  102;s;   11;s;    8;s;    3;s;   30;s;   16;s;   14;s;   12;s; 2186;s; 2049;s;  120;s;   17;s;   16;s;    2;s;   23;s;   24;s;   20;s;   16;s
4607;5027;05;A;  52;100821; 6;u;13; 2319;s; 2199;s;   46;s;   46;s; 2241;s; 2125;s;  101;s;   15;s;   14;s;    6;s;   29;s;   11;s;    9;s;   18;s; 2129;s; 2005;s;  113;s;   11;s;   13;s;    6;s;   20;s;   20;s;   16;s;   11;s
4607;5027;05;A;  52;100821; 6;u;14; 2253;s; 2435;s;   34;s;   36;s; 2183;s; 2062;s;  112;s;    9;s;   20;s;    3;s;   17;s;   14;s;   12;s;   16;s; 2376;s; 2242;s;  120;s;   14;s;   12;s;    3;s;   15;s;   18;s;   15;s;   11;s
4607;5027;05;A;  52;100821; 6;u;15; 2115;s; 2661;s;   37;s;   43;s; 2061;s; 1976;s;   78;s;    7;s;    7;s;    0;s;   21;s;   16;s;   13;s;   10;s; 2585;s; 2458;s;  111;s;   16;s;   18;s;    5;s;   20;s;   18;s;   14;s;   15;s
4607;5027;05;A;  52;100821; 6;u;16; 1960;s; 2363;s;   34;s;   31;s; 1901;s; 1796;s;   91;s;   14;s;   14;s;    6;s;   18;s;   10;s;    9;s;   11;s; 2307;s; 2176;s;  117;s;   14;s;   10;s;    2;s;   15;s;   14;s;   13;s;   15;s
4607;5027;05;A;  52;100821; 6;u;17; 1863;s; 1977;s;   23;s;   32;s; 1813;s; 1700;s;   94;s;   19;s;   10;s;    4;s;   15;s;    4;s;    3;s;   17;s; 1928;s; 1813;s;  106;s;    9;s;    6;s;    5;s;   17;s;   10;s;    7;s;   11;s
4607;5027;05;A;  52;100821; 6;u;18; 1869;s; 1912;s;   27;s;   31;s; 1820;s; 1711;s;   94;s;   15;s;    8;s;    8;s;   16;s;    3;s;    2;s;   14;s; 1864;s; 1762;s;   93;s;    9;s;    9;s;    9;s;   12;s;   10;s;   10;s;    8;s
4607;5027;05;A;  52;100821; 6;u;19; 1862;s; 2250;s;   20;s;   31;s; 1816;s; 1708;s;   99;s;    9;s;   11;s;    4;s;   11;s;    5;s;    5;s;   15;s; 2203;s; 2086;s;  105;s;   12;s;    8;s;   10;s;    9;s;   12;s;   11;s;    8;s
4607;5027;05;A;  52;100821; 6;u;20; 1602;s; 1723;s;   19;s;   22;s; 1568;s; 1479;s;   81;s;    8;s;    7;s;    6;s;   11;s;    2;s;    2;s;    8;s; 1687;s; 1588;s;   91;s;    8;s;    5;s;    6;s;    9;s;    7;s;    7;s;    9;s
4607;5027;05;A;  52;100821; 6;u;21; 1234;s; 1396;s;   16;s;   20;s; 1205;s; 1145;s;   55;s;    5;s;    3;s;    3;s;    7;s;    6;s;    4;s;   10;s; 1366;s; 1268;s;   90;s;    8;s;    2;s;    7;s;    8;s;    5;s;    3;s;    8;s
4607;5027;05;A;  52;100821; 6;u;22; 1046;s; 1080;s;   12;s;   10;s; 1020;s;  970;s;   48;s;    2;s;    5;s;    3;s;    6;s;    3;s;    2;s;    9;s; 1064;s;  999;s;   55;s;   10;s;    2;s;    1;s;    3;s;    6;s;    5;s;    4;s
4607;5027;05;A;  52;100821; 6;u;23; 1010;s; 1087;s;   13;s;   19;s;  989;s;  935;s;   50;s;    4;s;    2;s;    3;s;    8;s;    2;s;    0;s;    6;s; 1061;s; 1018;s;   35;s;    8;s;    2;s;    8;s;    9;s;    2;s;    1;s;    5;s
4607;5027;05;A;  52;100821; 6;u;24;  834;s; 1171;s;    9;s;   14;s;  820;s;  772;s;   44;s;    4;s;    2;s;    2;s;    3;s;    4;s;    4;s;    3;s; 1152;s; 1109;s;   39;s;    4;s;    2;s;    7;s;    6;s;    1;s;    1;s;    3;s
4607;5027;05;A;  52;100822; 7;s;01;  725;s;  690;s;    6;s;    8;s;  711;s;  681;s;   29;s;    1;s;    3;s;    1;s;    4;s;    1;s;    1;s;    5;s;  680;s;  651;s;   28;s;    1;s;    0;s;    3;s;    3;s;    2;s;    1;s;    2;s
4607;5027;05;A;  52;100822; 7;s;02;  479;s;  376;s;    7;s;    7;s;  468;s;  439;s;   27;s;    2;s;    1;s;    1;s;    5;s;    1;s;    1;s;    3;s;  368;s;  348;s;   19;s;    1;s;    0;s;    3;s;    4;s;    0;s;    0;s;    1;s
4607;5027;05;A;  52;100822; 7;s;03;  349;s;  299;s;    7;s;    6;s;  338;s;  318;s;   18;s;    2;s;    2;s;    1;s;    4;s;    2;s;    2;s;    2;s;  292;s;  277;s;   15;s;    0;s;    1;s;    2;s;    2;s;    2;s;    2;s;    0;s
4607;5027;05;A;  52;100822; 7;s;04;  484;s;  289;s;    5;s;    6;s;  477;s;  446;s;   29;s;    2;s;    1;s;    0;s;    2;s;    3;s;    2;s;    1;s;  283;s;  263;s;   20;s;    0;s;    0;s;    1;s;    1;s;    4;s;    3;s;    0;s
4607;5027;05;A;  52;100822; 7;s;05;  523;s;  359;s;    8;s;    6;s;  510;s;  485;s;   22;s;    3;s;    3;s;    4;s;    2;s;    2;s;    1;s;    2;s;  348;s;  322;s;   25;s;    1;s;    3;s;    2;s;    3;s;    1;s;    1;s;    2;s
4607;5027;05;A;  52;100822; 7;s;06;  693;s;  361;s;   11;s;    4;s;  669;s;  627;s;   38;s;    4;s;    9;s;    3;s;    5;s;    3;s;    2;s;    4;s;  354;s;  325;s;   28;s;    1;s;    2;s;    1;s;    3;s;    0;s;    0;s;    1;s
4607;5027;05;A;  52;100822; 7;s;07;  552;s;  453;s;   14;s;   11;s;  525;s;  474;s;   50;s;    1;s;    8;s;    3;s;    6;s;    5;s;    5;s;    5;s;  436;s;  394;s;   40;s;    2;s;    4;s;    6;s;    4;s;    1;s;    1;s;    2;s
4607;5027;05;A;  52;100822; 7;s;08;  604;s;  568;s;   11;s;    7;s;  586;s;  548;s;   35;s;    3;s;    5;s;    2;s;    4;s;    5;s;    5;s;    2;s;  551;s;  505;s;   40;s;    6;s;    7;s;    2;s;    2;s;    3;s;    3;s;    3;s
4607;5027;05;A;  52;100822; 7;s;09;  761;s;  635;s;   14;s;   10;s;  737;s;  692;s;   42;s;    3;s;    6;s;    5;s;    5;s;    4;s;    4;s;    4;s;  620;s;  576;s;   40;s;    4;s;    3;s;    4;s;    3;s;    3;s;    3;s;    2;s
4607;5027;05;A;  52;100822; 7;s;10; 1131;s;  978;s;   15;s;   13;s; 1108;s; 1050;s;   53;s;    5;s;    4;s;    5;s;    4;s;    6;s;    6;s;    4;s;  957;s;  889;s;   54;s;   14;s;    5;s;    5;s;    5;s;    3;s;    3;s;    3;s
4607;5027;05;A;  52;100822; 7;s;11; 1384;s; 1376;s;   15;s;   15;s; 1351;s; 1298;s;   48;s;    5;s;    7;s;    3;s;    8;s;    4;s;    4;s;   11;s; 1348;s; 1255;s;   73;s;   20;s;    6;s;    6;s;    4;s;    5;s;    5;s;    7;s
4607;5027;05;A;  52;100822; 7;s;12; 1790;s; 1556;s;   20;s;   13;s; 1752;s; 1670;s;   70;s;   12;s;    2;s;    5;s;   10;s;    5;s;    4;s;   16;s; 1532;s; 1425;s;   80;s;   27;s;    6;s;    2;s;    7;s;    4;s;    3;s;    5;s
4607;5027;05;A;  52;100822; 7;s;13; 2122;s; 1663;s;   19;s;   20;s; 2073;s; 1994;s;   64;s;   15;s;    8;s;    4;s;   10;s;    5;s;    5;s;   22;s; 1629;s; 1532;s;   77;s;   20;s;    7;s;    5;s;    9;s;    6;s;    4;s;    7;s
4607;5027;05;A;  52;100822; 7;s;14; 2258;s; 2001;s;   22;s;   21;s; 2217;s; 2118;s;   73;s;   26;s;    8;s;    8;s;    5;s;    9;s;    9;s;   11;s; 1961;s; 1859;s;   80;s;   22;s;    8;s;    5;s;    9;s;    7;s;    7;s;   11;s
4607;5027;05;A;  52;100822; 7;s;15; 2314;s; 2317;s;   14;s;   19;s; 2281;s; 2180;s;   80;s;   21;s;    8;s;    1;s;    5;s;    8;s;    7;s;   11;s; 2284;s; 2171;s;   93;s;   20;s;    8;s;    2;s;    9;s;    8;s;    4;s;    6;s
4607;5027;05;A;  52;100822; 7;s;16; 2154;s; 2129;s;   18;s;   15;s; 2122;s; 2022;s;   80;s;   20;s;    6;s;    5;s;    6;s;    7;s;    6;s;    8;s; 2091;s; 1976;s;   98;s;   17;s;   11;s;    2;s;    8;s;    5;s;    4;s;   12;s
4607;5027;05;A;  52;100822; 7;s;17; 2175;s; 1934;s;   16;s;   22;s; 2136;s; 2037;s;   84;s;   15;s;    8;s;    2;s;   10;s;    4;s;    4;s;   15;s; 1890;s; 1780;s;   93;s;   17;s;   14;s;    7;s;    5;s;   10;s;    9;s;    8;s
4607;5027;05;A;  52;100822; 7;s;18; 2312;s; 1790;s;   25;s;   20;s; 2264;s; 2165;s;   83;s;   16;s;    5;s;    7;s;   10;s;    8;s;    7;s;   18;s; 1747;s; 1643;s;   83;s;   21;s;   15;s;    4;s;    9;s;    7;s;    5;s;    8;s
4607;5027;05;A;  52;100822; 7;s;19; 2113;s; 1978;s;   26;s;   24;s; 2065;s; 1963;s;   87;s;   15;s;    8;s;    6;s;    9;s;   11;s;   11;s;   14;s; 1931;s; 1820;s;   98;s;   13;s;   13;s;    5;s;   11;s;    8;s;    6;s;   10;s
4607;5027;05;A;  52;100822; 7;s;20; 1870;s; 1713;s;   17;s;   29;s; 1824;s; 1730;s;   78;s;   16;s;    9;s;    1;s;    6;s;   10;s;    9;s;   20;s; 1664;s; 1570;s;   78;s;   16;s;   12;s;   10;s;    9;s;   10;s;    8;s;    8;s
4607;5027;05;A;  52;100822; 7;s;21; 1786;s; 1276;s;   25;s;   19;s; 1736;s; 1648;s;   73;s;   15;s;    8;s;    8;s;    5;s;   12;s;   11;s;   17;s; 1243;s; 1164;s;   70;s;    9;s;    6;s;    4;s;    8;s;    7;s;    6;s;    8;s
4607;5027;05;A;  52;100822; 7;s;22; 1681;s; 1054;s;   25;s;   30;s; 1638;s; 1554;s;   73;s;   11;s;    4;s;    4;s;   10;s;   11;s;    8;s;   14;s; 1017;s;  946;s;   62;s;    9;s;    3;s;   11;s;    6;s;   13;s;   12;s;    4;s
4607;5027;05;A;  52;100822; 7;s;23; 1187;s;  925;s;   38;s;   45;s; 1140;s; 1063;s;   73;s;    4;s;    4;s;    2;s;    9;s;   27;s;   24;s;    5;s;  873;s;  826;s;   38;s;    9;s;    4;s;    2;s;    5;s;   38;s;   29;s;    3;s
4607;5027;05;A;  52;100822; 7;s;24;  809;s;  804;s;   43;s;   36;s;  759;s;  703;s;   56;s;    0;s;    3;s;    2;s;    9;s;   32;s;   24;s;    4;s;  764;s;  718;s;   43;s;    3;s;    2;s;    2;s;   10;s;   24;s;   20;s;    2;s
4607;5027;05;A;  52;100823; 1;u;01;  367;s;  554;s;   36;s;   29;s;  327;s;  295;s;   32;s;    0;s;    2;s;    1;s;   11;s;   24;s;   18;s;    2;s;  525;s;  488;s;   35;s;    2;s;    0;s;    3;s;    3;s;   23;s;   20;s;    0;s
4607;5027;05;A;  52;100823; 1;u;02;  220;s;  223;s;   37;s;   26;s;  180;s;  154;s;   24;s;    2;s;    2;s;    2;s;    8;s;   27;s;   24;s;    1;s;  196;s;  168;s;   28;s;    0;s;    0;s;    0;s;    4;s;   22;s;   13;s;    1;s
4607;5027;05;A;  52;100823; 1;u;03;  174;s;  138;s;   35;s;   23;s;  139;s;  124;s;   15;s;    0;s;    0;s;    1;s;   10;s;   24;s;   22;s;    0;s;  114;s;   96;s;   18;s;    0;s;    0;s;    1;s;    5;s;   17;s;   15;s;    1;s
4607;5027;05;A;  52;100823; 1;u;04;  345;s;  161;s;   35;s;   39;s;  306;s;  277;s;   29;s;    0;s;    1;s;    0;s;   11;s;   24;s;   19;s;    3;s;  120;s;  100;s;   20;s;    0;s;    1;s;    1;s;   14;s;   24;s;   18;s;    1;s
4607;5027;05;A;  52;100823; 1;u;05;  861;s;  385;s;   95;s;   65;s;  761;s;  722;s;   35;s;    4;s;    1;s;   13;s;   33;s;   49;s;   39;s;    4;s;  316;s;  281;s;   35;s;    0;s;    3;s;    1;s;   33;s;   31;s;   23;s;    1;s
4607;5027;05;A;  52;100823; 1;u;06; 2129;s;  784;s;  156;s;   97;s; 1961;s; 1878;s;   76;s;    7;s;    1;s;    3;s;   62;s;   91;s;   73;s;   11;s;  684;s;  639;s;   41;s;    4;s;    0;s;    3;s;   27;s;   67;s;   53;s;    3;s
4607;5027;05;A;  52;100823; 1;u;07; 4965;s; 1631;s;  221;s;  151;s; 4700;s; 4453;s;  231;s;   16;s;   15;s;    3;s;   89;s;  129;s;  100;s;   29;s; 1474;s; 1369;s;   99;s;    6;s;    4;s;    2;s;   61;s;   88;s;   68;s;    2;s
4607;5027;05;A;  52;100823; 1;u;08; 6298;s; 2687;s;  218;s;  176;s; 6016;s; 5739;s;  260;s;   17;s;   26;s;    2;s;   88;s;  128;s;   93;s;   38;s; 2493;s; 2340;s;  148;s;    5;s;    6;s;    3;s;   77;s;   96;s;   80;s;   12;s
4607;5027;05;A;  52;100823; 1;u;09; 5802;s; 2859;s;  232;s;  209;s; 5500;s; 5263;s;  221;s;   16;s;   26;s;    5;s;   92;s;  135;s;  103;s;   44;s; 2632;s; 2431;s;  199;s;    2;s;   10;s;    3;s;   99;s;  107;s;   75;s;    8;s
4607;5027;05;A;  52;100823; 1;u;10; 3967;s; 2368;s;  248;s;  233;s; 3691;s; 3502;s;  181;s;    8;s;   15;s;    6;s;   94;s;  148;s;  116;s;   13;s; 2115;s; 1904;s;  206;s;    5;s;   10;s;    7;s;   94;s;  132;s;  104;s;   10;s
4607;5027;05;A;  52;100823; 1;u;11; 3068;s; 2214;s;  232;s;  239;s; 2803;s; 2616;s;  179;s;    8;s;   13;s;    4;s;   84;s;  144;s;  113;s;   20;s; 1940;s; 1753;s;  186;s;    1;s;   20;s;    8;s;   91;s;  140;s;  108;s;   15;s
4607;5027;05;A;  52;100823; 1;u;12; 2862;s; 2344;s;  247;s;  254;s; 2584;s; 2379;s;  195;s;   10;s;   13;s;    5;s;  107;s;  135;s;  108;s;   18;s; 2068;s; 1847;s;  214;s;    7;s;    8;s;    5;s;  106;s;  143;s;  113;s;   14;s
4607;5027;05;A;  52;100823; 1;u;13; 3007;s; 2638;s;  245;s;  242;s; 2727;s; 2536;s;  184;s;    7;s;   13;s;    6;s;   88;s;  151;s;  124;s;   22;s; 2370;s; 2170;s;  199;s;    1;s;   13;s;    1;s;   99;s;  142;s;   99;s;   13;s
4607;5027;05;A;  52;100823; 1;u;14; 2893;s; 3091;s;  235;s;  251;s; 2634;s; 2453;s;  171;s;   10;s;   10;s;    2;s;   96;s;  137;s;  107;s;   14;s; 2818;s; 2624;s;  186;s;    8;s;   10;s;    3;s;  106;s;  142;s;  113;s;   12;s
4607;5027;05;A;  52;100823; 1;u;15; 2479;s; 3669;s;  218;s;  241;s; 2238;s; 2054;s;  179;s;    5;s;    9;s;    3;s;   95;s;  120;s;   92;s;   14;s; 3408;s; 3178;s;  227;s;    3;s;   13;s;    6;s;  107;s;  128;s;   99;s;    7;s
4607;5027;05;A;  52;100823; 1;u;16; 2578;s; 4488;s;  184;s;  221;s; 2355;s; 2171;s;  175;s;    9;s;   13;s;    2;s;   80;s;  102;s;   80;s;   26;s; 4237;s; 3988;s;  239;s;   10;s;   14;s;    2;s;   93;s;  126;s;   99;s;   16;s
4607;5027;05;A;  52;100823; 1;u;17; 2781;s; 5508;s;  130;s;  178;s; 2619;s; 2455;s;  158;s;    6;s;   16;s;    2;s;   58;s;   70;s;   58;s;   16;s; 5295;s; 4986;s;  297;s;   12;s;   22;s;    3;s;   78;s;   97;s;   81;s;   13;s
4607;5027;05;A;  52;100823; 1;u;18; 3000;s; 5692;s;  102;s;  127;s; 2866;s; 2740;s;  118;s;    8;s;   10;s;    2;s;   38;s;   62;s;   50;s;   22;s; 5539;s; 5368;s;  160;s;   11;s;   18;s;    6;s;   45;s;   76;s;   61;s;    8;s
4607;5027;05;A;  52;100823; 1;u;19; 2602;s; 4524;s;   81;s;   93;s; 2498;s; 2374;s;  119;s;    5;s;    8;s;    3;s;   24;s;   54;s;   40;s;   15;s; 4404;s; 4209;s;  185;s;   10;s;   16;s;    2;s;   32;s;   59;s;   48;s;   11;s
4607;5027;05;A;  52;100823; 1;u;20; 1921;s; 2809;s;   55;s;   66;s; 1841;s; 1734;s;  100;s;    7;s;    7;s;    4;s;   15;s;   36;s;   26;s;   18;s; 2720;s; 2553;s;  162;s;    5;s;   15;s;    4;s;   21;s;   41;s;   28;s;    8;s
4607;5027;05;A;  52;100823; 1;u;21; 1408;s; 1865;s;   51;s;   62;s; 1337;s; 1238;s;   92;s;    7;s;    6;s;    2;s;   11;s;   38;s;   31;s;   14;s; 1788;s; 1676;s;  104;s;    8;s;    6;s;    4;s;   10;s;   48;s;   31;s;    9;s
4607;5027;05;A;  52;100823; 1;u;22; 1181;s; 1404;s;   47;s;   41;s; 1128;s; 1046;s;   80;s;    2;s;    3;s;    6;s;    8;s;   33;s;   21;s;    3;s; 1353;s; 1257;s;   89;s;    7;s;    8;s;    1;s;    8;s;   32;s;   23;s;    2;s
4607;5027;05;A;  52;100823; 1;u;23;  906;s; 1233;s;   39;s;   38;s;  860;s;  800;s;   57;s;    3;s;    1;s;    3;s;    6;s;   30;s;   24;s;    6;s; 1187;s; 1105;s;   77;s;    5;s;    2;s;    2;s;    7;s;   29;s;   20;s;    6;s
4607;5027;05;A;  52;100823; 1;u;24;  486;s;  957;s;   38;s;   37;s;  445;s;  400;s;   44;s;    1;s;    0;s;    2;s;    8;s;   28;s;   21;s;    3;s;  918;s;  865;s;   52;s;    1;s;    0;s;    6;s;    7;s;   24;s;   14;s;    2;s
4607;5027;05;A;  52;100824; 2;u;01;  301;s;  431;s;   36;s;   36;s;  263;s;  215;s;   48;s;    0;s;    0;s;    1;s;    4;s;   31;s;   25;s;    2;s;  391;s;  365;s;   25;s;    1;s;    1;s;    2;s;    7;s;   27;s;   19;s;    3;s
4607;5027;05;A;  52;100824; 2;u;02;  194;s;  189;s;   40;s;   27;s;  154;s;  140;s;   13;s;    1;s;    0;s;    1;s;   12;s;   27;s;   21;s;    0;s;  160;s;  146;s;   13;s;    1;s;    1;s;    0;s;    3;s;   24;s;   18;s;    1;s
4607;5027;05;A;  52;100824; 2;u;03;  164;s;  141;s;   39;s;   30;s;  122;s;  103;s;   19;s;    0;s;    2;s;    0;s;   14;s;   25;s;   18;s;    1;s;  110;s;   89;s;   21;s;    0;s;    1;s;    0;s;    9;s;   21;s;   16;s;    0;s
4607;5027;05;A;  52;100824; 2;u;04;  346;s;  157;s;   47;s;   43;s;  296;s;  274;s;   21;s;    1;s;    1;s;    2;s;   17;s;   28;s;   19;s;    2;s;  113;s;   88;s;   25;s;    0;s;    1;s;    1;s;   13;s;   29;s;   24;s;    0;s
4607;5027;05;A;  52;100824; 2;u;05;  861;s;  372;s;   94;s;   81;s;  763;s;  705;s;   54;s;    4;s;    0;s;    8;s;   26;s;   60;s;   44;s;    4;s;  287;s;  248;s;   38;s;    1;s;    2;s;    1;s;   34;s;   46;s;   38;s;    2;s
4607;5027;05;A;  52;100824; 2;u;06; 2103;s;  755;s;  164;s;  106;s; 1926;s; 1828;s;   83;s;   15;s;    2;s;    2;s;   55;s;  107;s;   84;s;   11;s;  642;s;  573;s;   62;s;    7;s;    3;s;    1;s;   38;s;   67;s;   49;s;    4;s
4607;5027;05;A;  52;100824; 2;u;07; 5185;s; 1549;s;  235;s;  155;s; 4901;s; 4562;s;  305;s;   34;s;   18;s;    4;s;   89;s;  142;s;  104;s;   31;s; 1381;s; 1262;s;  110;s;    9;s;    6;s;    6;s;   63;s;   86;s;   60;s;    7;s
4607;5027;05;A;  52;100824; 2;u;08; 6502;s; 2570;s;  229;s;  182;s; 6209;s; 5937;s;  246;s;   26;s;   32;s;    1;s;   89;s;  139;s;  104;s;   32;s; 2371;s; 2213;s;  149;s;    9;s;    8;s;    4;s;   83;s;   95;s;   71;s;    9;s
4607;5027;05;A;  52;100824; 2;u;09; 6020;s; 2930;s;  254;s;  238;s; 5717;s; 5501;s;  195;s;   21;s;   23;s;   12;s;   93;s;  149;s;  120;s;   26;s; 2674;s; 2497;s;  165;s;   12;s;    9;s;    9;s;  107;s;  122;s;   92;s;    9;s
4607;5027;05;A;  52;100824; 2;u;10; 3962;s; 2454;s;  246;s;  239;s; 3684;s; 3482;s;  190;s;   12;s;   15;s;    5;s;   82;s;  159;s;  123;s;   17;s; 2194;s; 1996;s;  188;s;   10;s;   12;s;    8;s;  101;s;  130;s;  103;s;    9;s
4607;5027;05;A;  52;100824; 2;u;11; 3145;s; 2358;s;  251;s;  248;s; 2867;s; 2706;s;  155;s;    6;s;   12;s;    5;s;   98;s;  148;s;  114;s;   15;s; 2087;s; 1892;s;  186;s;    9;s;   10;s;    6;s;   95;s;  147;s;  116;s;   13;s
4607;5027;05;A;  52;100824; 2;u;12; 2886;s; 2404;s;  259;s;  253;s; 2598;s; 2411;s;  179;s;    8;s;   10;s;    0;s;  105;s;  154;s;  128;s;   19;s; 2127;s; 1927;s;  192;s;    8;s;   11;s;    4;s;   93;s;  156;s;  124;s;   13;s
4607;5027;05;A;  52;100824; 2;u;13; 3018;s; 2620;s;  255;s;  239;s; 2734;s; 2559;s;  160;s;   15;s;   11;s;    4;s;   95;s;  156;s;  127;s;   18;s; 2357;s; 2179;s;  171;s;    7;s;   14;s;    4;s;   94;s;  141;s;  105;s;   10;s
4607;5027;05;A;  52;100824; 2;u;14; 2992;s; 3122;s;  242;s;  245;s; 2732;s; 2551;s;  170;s;   11;s;   13;s;    3;s;   86;s;  153;s;  118;s;    5;s; 2850;s; 2645;s;  194;s;   11;s;   12;s;    3;s;   97;s;  145;s;  112;s;   15;s
4607;5027;05;A;  52;100824; 2;u;15; 2663;s; 3744;s;  235;s;  252;s; 2401;s; 2235;s;  154;s;   12;s;   14;s;    4;s;   85;s;  146;s;  114;s;   13;s; 3455;s; 3218;s;  219;s;   18;s;   21;s;    8;s;  108;s;  136;s;  107;s;   16;s
4607;5027;05;A;  52;100824; 2;u;16; 2727;s; 4722;s;  191;s;  225;s; 2502;s; 2316;s;  173;s;   13;s;   14;s;    5;s;   65;s;  121;s;   96;s;   20;s; 4454;s; 4185;s;  242;s;   27;s;   26;s;    5;s;   86;s;  134;s;  102;s;   17;s
4607;5027;05;A;  52;100824; 2;u;17; 2965;s; 5636;s;  151;s;  178;s; 2788;s; 2608;s;  173;s;    7;s;   11;s;    3;s;   56;s;   92;s;   72;s;   15;s; 5424;s; 5168;s;  227;s;   29;s;   22;s;    3;s;   60;s;  115;s;   91;s;   12;s
4607;5027;05;A;  52;100824; 2;u;18; 3241;s; 5812;s;  112;s;  140;s; 3103;s; 2974;s;  115;s;   14;s;    9;s;    3;s;   32;s;   77;s;   62;s;   17;s; 5642;s; 5456;s;  159;s;   27;s;   21;s;    6;s;   43;s;   91;s;   71;s;    9;s
4607;5027;05;A;  52;100824; 2;u;19; 3003;s; 4868;s;   88;s;   97;s; 2885;s; 2761;s;  108;s;   16;s;    4;s;    3;s;   13;s;   72;s;   58;s;   26;s; 4749;s; 4589;s;  141;s;   19;s;   14;s;    5;s;   26;s;   66;s;   50;s;    8;s
4607;5027;05;A;  52;100824; 2;u;20; 2250;s; 3214;s;   72;s;   86;s; 2152;s; 2041;s;  100;s;   11;s;   10;s;    5;s;   18;s;   49;s;   39;s;   16;s; 3106;s; 2931;s;  158;s;   17;s;    8;s;    5;s;   18;s;   63;s;   51;s;   14;s
4607;5027;05;A;  52;100824; 2;u;21; 1588;s; 2181;s;   58;s;   71;s; 1520;s; 1421;s;   88;s;   11;s;    3;s;    4;s;   11;s;   43;s;   30;s;    7;s; 2089;s; 1910;s;  166;s;   13;s;    5;s;    5;s;   14;s;   52;s;   36;s;   16;s
4607;5027;05;A;  52;100824; 2;u;22; 1316;s; 1612;s;   47;s;   55;s; 1251;s; 1172;s;   76;s;    3;s;    5;s;    2;s;   14;s;   31;s;   22;s;   13;s; 1548;s; 1424;s;  111;s;   13;s;    2;s;    3;s;    5;s;   47;s;   36;s;    7;s
4607;5027;05;A;  52;100824; 2;u;23;  965;s; 1400;s;   49;s;   41;s;  905;s;  855;s;   47;s;    3;s;    4;s;    6;s;   11;s;   32;s;   24;s;    7;s; 1353;s; 1274;s;   66;s;   13;s;    1;s;    0;s;   10;s;   31;s;   20;s;    5;s
4607;5027;05;A;  52;100824; 2;u;24;  604;s; 1003;s;   37;s;   37;s;  564;s;  509;s;   52;s;    3;s;    1;s;    0;s;    8;s;   29;s;   25;s;    2;s;  960;s;  911;s;   47;s;    2;s;    2;s;    1;s;    4;s;   32;s;   24;s;    4;s
4607;5027;05;A;  52;100825; 3;u;01;  307;s;  487;s;   40;s;   32;s;  264;s;  234;s;   28;s;    2;s;    2;s;    1;s;   13;s;   26;s;   19;s;    1;s;  451;s;  416;s;   31;s;    4;s;    2;s;    1;s;    5;s;   26;s;   18;s;    2;s
4607;5027;05;A;  52;100825; 3;u;02;  197;s;  228;s;   39;s;   27;s;  158;s;  140;s;   17;s;    1;s;    0;s;    3;s;    7;s;   29;s;   22;s;    0;s;  197;s;  168;s;   29;s;    0;s;    2;s;    0;s;    5;s;   22;s;   17;s;    2;s
4607;5027;05;A;  52;100825; 3;u;03;  159;s;  165;s;   37;s;   29;s;  122;s;  109;s;   12;s;    1;s;    0;s;    1;s;   10;s;   26;s;   17;s;    0;s;  135;s;  114;s;   20;s;    1;s;    1;s;    0;s;    7;s;   22;s;   17;s;    0;s
4607;5027;05;A;  52;100825; 3;u;04;  319;s;  160;s;   37;s;   45;s;  281;s;  252;s;   28;s;    1;s;    0;s;    0;s;   10;s;   27;s;   18;s;    1;s;  115;s;   90;s;   25;s;    0;s;    0;s;    0;s;   11;s;   34;s;   20;s;    0;s
4607;5027;05;A;  52;100825; 3;u;05;  804;s;  362;s;   96;s;   75;s;  702;s;  657;s;   40;s;    5;s;    4;s;    5;s;   31;s;   60;s;   45;s;    2;s;  284;s;  257;s;   27;s;    0;s;    1;s;    0;s;   28;s;   47;s;   35;s;    2;s
4607;5027;05;A;  52;100825; 3;u;06; 2080;s;  744;s;  182;s;  118;s; 1887;s; 1797;s;   74;s;   16;s;    2;s;    4;s;   67;s;  111;s;   94;s;    9;s;  620;s;  551;s;   62;s;    7;s;    2;s;    2;s;   38;s;   78;s;   59;s;    4;s
4607;5027;05;A;  52;100825; 3;u;07; 5002;s; 1572;s;  226;s;  160;s; 4728;s; 4408;s;  295;s;   25;s;   21;s;    1;s;   91;s;  134;s;   96;s;   27;s; 1402;s; 1286;s;  106;s;   10;s;    6;s;    5;s;   72;s;   83;s;   60;s;    4;s
4607;5027;05;A;  52;100825; 3;u;08; 6378;s; 2603;s;  251;s;  180;s; 6088;s; 5824;s;  238;s;   26;s;   19;s;   10;s;  111;s;  130;s;  102;s;   20;s; 2407;s; 2252;s;  145;s;   10;s;    7;s;    5;s;   77;s;   98;s;   69;s;    9;s
4607;5027;05;A;  52;100825; 3;u;09; 5962;s; 2907;s;  241;s;  245;s; 5665;s; 5441;s;  208;s;   16;s;   25;s;    0;s;   98;s;  143;s;  103;s;   31;s; 2643;s; 2478;s;  160;s;    5;s;    8;s;    7;s;  114;s;  124;s;   93;s;   11;s
4607;5027;05;A;  52;100825; 3;u;10; 4072;s; 2453;s;  262;s;  254;s; 3793;s; 3621;s;  162;s;   10;s;    7;s;    8;s;   91;s;  163;s;  135;s;   10;s; 2181;s; 1973;s;  199;s;    9;s;    8;s;    8;s;  106;s;  140;s;  105;s;   10;s
4607;5027;05;A;  52;100825; 3;u;11; 3138;s; 2317;s;  253;s;  270;s; 2850;s; 2691;s;  151;s;    8;s;   15;s;    9;s;   94;s;  150;s;  116;s;   20;s; 2025;s; 1818;s;  202;s;    5;s;   13;s;    6;s;   95;s;  169;s;  136;s;    9;s
4607;5027;05;A;  52;100825; 3;u;12; 2881;s; 2473;s;  257;s;  270;s; 2607;s; 2432;s;  172;s;    3;s;    9;s;    3;s;  102;s;  152;s;  135;s;    8;s; 2177;s; 1968;s;  197;s;   12;s;   17;s;    4;s;  105;s;  161;s;  134;s;    9;s
4607;5027;05;A;  52;100825; 3;u;13; 3077;s; 2752;s;  247;s;  250;s; 2803;s; 2625;s;  167;s;   11;s;   12;s;    3;s;   94;s;  150;s;  127;s;   15;s; 2470;s; 2252;s;  207;s;   11;s;   18;s;    2;s;   93;s;  155;s;  116;s;   14;s
4607;5027;05;A;  52;100825; 3;u;14; 3064;s; 3280;s;  250;s;  261;s; 2795;s; 2643;s;  135;s;   17;s;   13;s;    2;s;   87;s;  161;s;  133;s;    6;s; 2990;s; 2751;s;  227;s;   12;s;   16;s;    3;s;  105;s;  153;s;  117;s;   13;s
4607;5027;05;A;  52;100825; 3;u;15; 2817;s; 3976;s;  243;s;  254;s; 2532;s; 2351;s;  169;s;   12;s;   14;s;   14;s;   84;s;  145;s;  114;s;   28;s; 3695;s; 3443;s;  226;s;   26;s;   17;s;    6;s;  104;s;  144;s;  109;s;   10;s
4607;5027;05;A;  52;100825; 3;u;16; 2867;s; 4824;s;  194;s;  238;s; 2651;s; 2471;s;  169;s;   11;s;   11;s;    7;s;   87;s;  100;s;   80;s;   11;s; 4549;s; 4264;s;  257;s;   28;s;   22;s;    4;s;   95;s;  139;s;  106;s;   15;s
4607;5027;05;A;  52;100825; 3;u;17; 3078;s; 5720;s;  148;s;  192;s; 2914;s; 2780;s;  124;s;   10;s;   10;s;   11;s;   46;s;   91;s;   65;s;    6;s; 5487;s; 5220;s;  231;s;   36;s;   29;s;    8;s;   63;s;  121;s;   93;s;   12;s
4607;5027;05;A;  52;100825; 3;u;18; 3289;s; 6070;s;  109;s;  143;s; 3159;s; 3065;s;   85;s;    9;s;    8;s;    4;s;   33;s;   72;s;   57;s;   13;s; 5895;s; 5727;s;  138;s;   30;s;   21;s;    7;s;   42;s;   94;s;   65;s;   11;s
4607;5027;05;A;  52;100825; 3;u;19; 2928;s; 5151;s;   92;s;  113;s; 2819;s; 2730;s;   84;s;    5;s;    5;s;    4;s;   19;s;   69;s;   54;s;   12;s; 5015;s; 4867;s;  126;s;   22;s;   14;s;    5;s;   23;s;   85;s;   67;s;    9;s
4607;5027;05;A;  52;100825; 3;u;20; 2328;s; 3311;s;   68;s;   82;s; 2240;s; 2137;s;   94;s;    9;s;    8;s;    3;s;   19;s;   46;s;   36;s;   12;s; 3200;s; 3035;s;  147;s;   18;s;   11;s;    2;s;   21;s;   59;s;   46;s;   18;s
4607;5027;05;A;  52;100825; 3;u;21; 1633;s; 2226;s;   55;s;   67;s; 1562;s; 1466;s;   84;s;   12;s;    3;s;    3;s;   13;s;   39;s;   26;s;   13;s; 2136;s; 1960;s;  164;s;   12;s;    7;s;    7;s;   11;s;   49;s;   35;s;   16;s
4607;5027;05;A;  52;100825; 3;u;22; 1392;s; 1638;s;   55;s;   52;s; 1328;s; 1262;s;   64;s;    2;s;    3;s;    2;s;    6;s;   47;s;   35;s;    6;s; 1574;s; 1437;s;  122;s;   15;s;    4;s;    2;s;    9;s;   41;s;   29;s;    8;s
4607;5027;05;A;  52;100825; 3;u;23; 1033;s; 1519;s;   39;s;   40;s;  985;s;  939;s;   44;s;    2;s;    1;s;    0;s;    8;s;   31;s;   28;s;    8;s; 1470;s; 1370;s;   86;s;   14;s;    2;s;    1;s;    8;s;   31;s;   23;s;    7;s
4607;5027;05;A;  52;100825; 3;u;24;  599;s; 1118;s;   38;s;   37;s;  560;s;  528;s;   31;s;    1;s;    0;s;    0;s;    8;s;   30;s;   25;s;    1;s; 1074;s; 1004;s;   65;s;    5;s;    2;s;    1;s;    7;s;   29;s;   20;s;    5;s
4607;5027;05;A;  52;100826; 4;u;01;  320;s;  513;s;   32;s;   36;s;  287;s;  259;s;   28;s;    0;s;    0;s;    1;s;    8;s;   23;s;   20;s;    1;s;  473;s;  432;s;   38;s;    3;s;    2;s;    3;s;    6;s;   27;s;   19;s;    2;s
4607;5027;05;A;  52;100826; 4;u;02;  194;s;  246;s;   35;s;   29;s;  158;s;  142;s;   15;s;    1;s;    1;s;    1;s;    8;s;   26;s;   19;s;    0;s;  216;s;  192;s;   23;s;    1;s;    0;s;    0;s;    6;s;   23;s;   18;s;    1;s
4607;5027;05;A;  52;100826; 4;u;03;  166;s;  164;s;   39;s;   32;s;  126;s;  119;s;    7;s;    0;s;    1;s;    1;s;   13;s;   25;s;   20;s;    0;s;  130;s;  111;s;   19;s;    0;s;    0;s;    0;s;    7;s;   25;s;   19;s;    2;s
4607;5027;05;A;  52;100826; 4;u;04;  313;s;  176;s;   40;s;   44;s;  271;s;  245;s;   23;s;    3;s;    1;s;    1;s;   12;s;   27;s;   17;s;    1;s;  132;s;  106;s;   26;s;    0;s;    0;s;    0;s;   13;s;   31;s;   23;s;    0;s
4607;5027;05;A;  52;100826; 4;u;05;  775;s;  354;s;   94;s;   78;s;  671;s;  621;s;   48;s;    2;s;    3;s;    6;s;   31;s;   57;s;   39;s;    7;s;  273;s;  235;s;   38;s;    0;s;    3;s;    2;s;   38;s;   38;s;   26;s;    0;s
4607;5027;05;A;  52;100826; 4;u;06; 2114;s;  748;s;  168;s;  110;s; 1935;s; 1825;s;  101;s;    9;s;    2;s;    2;s;   55;s;  111;s;   86;s;    9;s;  632;s;  555;s;   71;s;    6;s;    4;s;    1;s;   40;s;   69;s;   50;s;    2;s
4607;5027;05;A;  52;100826; 4;u;07; 5023;s; 1620;s;  235;s;  158;s; 4756;s; 4440;s;  291;s;   25;s;   19;s;    2;s;  104;s;  129;s;   97;s;   13;s; 1446;s; 1320;s;  116;s;   10;s;    9;s;    4;s;   65;s;   89;s;   62;s;    7;s
4607;5027;05;A;  52;100826; 4;u;08; 6340;s; 2762;s;  243;s;  204;s; 6040;s; 5768;s;  252;s;   20;s;   26;s;    6;s;  106;s;  131;s;  102;s;   31;s; 2538;s; 2354;s;  171;s;   13;s;    7;s;    5;s;   92;s;  107;s;   76;s;   13;s
4607;5027;05;A;  52;100826; 4;u;09; 5933;s; 2993;s;  264;s;  247;s; 5637;s; 5421;s;  201;s;   15;s;   12;s;    7;s;  107;s;  150;s;  113;s;   20;s; 2724;s; 2544;s;  170;s;   10;s;    9;s;   12;s;  109;s;  126;s;   94;s;   13;s
4607;5027;05;A;  52;100826; 4;u;10; 3938;s; 2618;s;  259;s;  253;s; 3634;s; 3474;s;  153;s;    7;s;   16;s;    6;s;  102;s;  151;s;  121;s;   29;s; 2345;s; 2120;s;  217;s;    8;s;   12;s;    9;s;  100;s;  144;s;  106;s;    8;s
4607;5027;05;A;  52;100826; 4;u;11; 3162;s; 2432;s;  255;s;  260;s; 2887;s; 2715;s;  165;s;    7;s;   10;s;    5;s;   96;s;  154;s;  125;s;   10;s; 2143;s; 1921;s;  209;s;   13;s;   20;s;    6;s;  105;s;  149;s;  123;s;    9;s
4607;5027;05;A;  52;100826; 4;u;12; 2906;s; 2514;s;  257;s;  256;s; 2619;s; 2440;s;  170;s;    9;s;   13;s;    3;s;  102;s;  152;s;  114;s;   17;s; 2227;s; 2006;s;  213;s;    8;s;   16;s;    4;s;   99;s;  153;s;  118;s;   15;s
4607;5027;05;A;  52;100826; 4;u;13; 3062;s; 2871;s;  253;s;  249;s; 2785;s; 2610;s;  162;s;   13;s;   16;s;   10;s;  102;s;  141;s;  105;s;    8;s; 2592;s; 2375;s;  204;s;   13;s;   15;s;    2;s;   93;s;  154;s;  116;s;   15;s
4607;5027;05;A;  52;100826; 4;u;14; 3008;s; 3306;s;  237;s;  254;s; 2731;s; 2580;s;  140;s;   11;s;   10;s;    2;s;   91;s;  144;s;  116;s;   30;s; 3022;s; 2777;s;  232;s;   13;s;   16;s;    4;s;   99;s;  151;s;  114;s;   14;s
4607;5027;05;A;  52;100826; 4;u;15; 2741;s; 3907;s;  235;s;  266;s; 2481;s; 2331;s;  142;s;    8;s;   12;s;    0;s;  102;s;  133;s;  110;s;   13;s; 3608;s; 3350;s;  238;s;   20;s;   17;s;    7;s;  107;s;  152;s;  119;s;   16;s
4607;5027;05;A;  52;100826; 4;u;16; 2841;s; 4897;s;  195;s;  243;s; 2619;s; 2457;s;  154;s;    8;s;   12;s;    5;s;   86;s;  104;s;   79;s;   15;s; 4618;s; 4315;s;  269;s;   34;s;   21;s;    4;s;   95;s;  144;s;  108;s;   15;s
4607;5027;05;A;  52;100826; 4;u;17; 3002;s; 5719;s;  150;s;  189;s; 2831;s; 2697;s;  124;s;   10;s;   14;s;    6;s;   54;s;   90;s;   70;s;    7;s; 5495;s; 5181;s;  277;s;   37;s;   18;s;    6;s;   68;s;  115;s;   86;s;   17;s
4607;5027;05;A;  52;100826; 4;u;18; 3250;s; 5879;s;  121;s;  140;s; 3103;s; 2980;s;  115;s;    8;s;   11;s;    4;s;   27;s;   90;s;   74;s;   15;s; 5703;s; 5507;s;  162;s;   34;s;   17;s;    6;s;   39;s;   95;s;   74;s;   19;s
4607;5027;05;A;  52;100826; 4;u;19; 3083;s; 5114;s;   88;s;  111;s; 2974;s; 2849;s;  111;s;   14;s;    7;s;    4;s;   22;s;   62;s;   47;s;   14;s; 4970;s; 4764;s;  177;s;   29;s;   17;s;    4;s;   33;s;   74;s;   53;s;   16;s
4607;5027;05;A;  52;100826; 4;u;20; 2419;s; 3368;s;   69;s;   83;s; 2329;s; 2213;s;  110;s;    6;s;    7;s;    3;s;   19;s;   47;s;   40;s;   14;s; 3254;s; 3041;s;  190;s;   23;s;   10;s;    2;s;   23;s;   58;s;   42;s;   21;s
4607;5027;05;A;  52;100826; 4;u;21; 1676;s; 2399;s;   60;s;   61;s; 1600;s; 1506;s;   82;s;   12;s;    2;s;    5;s;   20;s;   35;s;   25;s;   14;s; 2318;s; 2138;s;  161;s;   19;s;    6;s;    5;s;    9;s;   47;s;   32;s;   14;s
4607;5027;05;A;  52;100826; 4;u;22; 1390;s; 1837;s;   55;s;   50;s; 1318;s; 1237;s;   75;s;    6;s;    5;s;    4;s;   16;s;   35;s;   29;s;   12;s; 1774;s; 1635;s;  119;s;   20;s;    5;s;    2;s;    8;s;   40;s;   28;s;    8;s
4607;5027;05;A;  52;100826; 4;u;23; 1070;s; 1556;s;   42;s;   40;s; 1012;s;  950;s;   60;s;    2;s;    3;s;    0;s;    8;s;   34;s;   32;s;   13;s; 1508;s; 1420;s;   72;s;   16;s;    2;s;    2;s;    8;s;   30;s;   21;s;    6;s
4607;5027;05;A;  52;100826; 4;u;24;  704;s; 1205;s;   35;s;   35;s;  662;s;  614;s;   47;s;    1;s;    5;s;    0;s;    8;s;   27;s;   25;s;    2;s; 1164;s; 1091;s;   66;s;    7;s;    1;s;    2;s;    7;s;   26;s;   20;s;    5;s
4607;5027;05;A;  52;100827; 5;u;01;  324;s;  548;s;   32;s;   32;s;  287;s;  256;s;   29;s;    2;s;    2;s;    0;s;    9;s;   23;s;   15;s;    3;s;  511;s;  466;s;   41;s;    4;s;    2;s;    2;s;    4;s;   26;s;   19;s;    3;s
4607;5027;05;A;  52;100827; 5;u;02;  189;s;  285;s;   39;s;   30;s;  146;s;  131;s;   13;s;    2;s;    3;s;    3;s;   13;s;   23;s;   15;s;    1;s;  252;s;  217;s;   33;s;    2;s;    1;s;    0;s;    5;s;   25;s;   16;s;    2;s
4607;5027;05;A;  52;100827; 5;u;03;  175;s;  162;s;   48;s;   28;s;  125;s;   99;s;   25;s;    1;s;    1;s;    0;s;   12;s;   36;s;   27;s;    1;s;  131;s;  114;s;   17;s;    0;s;    2;s;    0;s;    7;s;   21;s;   15;s;    1;s
4607;5027;05;A;  52;100827; 5;u;04;  332;s;  198;s;   51;s;   49;s;  279;s;  247;s;   32;s;    0;s;    2;s;    0;s;   19;s;   32;s;   19;s;    0;s;  146;s;  120;s;   26;s;    0;s;    2;s;    1;s;   18;s;   30;s;   23;s;    1;s
4607;5027;05;A;  52;100827; 5;u;05;  827;s;  445;s;   91;s;   85;s;  728;s;  671;s;   49;s;    8;s;    3;s;    5;s;   26;s;   60;s;   49;s;    5;s;  358;s;  311;s;   44;s;    3;s;    2;s;    3;s;   31;s;   51;s;   36;s;    0;s
4607;5027;05;A;  52;100827; 5;u;06; 1752;s;  809;s;  180;s;  117;s; 1563;s; 1490;s;   59;s;   14;s;    2;s;    5;s;   58;s;  117;s;   99;s;    7;s;  684;s;  604;s;   72;s;    8;s;    4;s;    3;s;   35;s;   79;s;   51;s;    4;s
4607;5027;05;A;  52;100827; 5;u;07; 4283;s; 1538;s;  184;s;  171;s; 4047;s; 3759;s;  261;s;   27;s;   14;s;    1;s;   74;s;  109;s;   81;s;   38;s; 1349;s; 1222;s;  113;s;   14;s;   11;s;    5;s;   70;s;   96;s;   66;s;    7;s
4607;5027;05;A;  52;100827; 5;u;08; 5592;s; 2493;s;  201;s;  204;s; 5315;s; 5028;s;  252;s;   35;s;   25;s;    4;s;   99;s;   98;s;   60;s;   51;s; 2270;s; 2103;s;  153;s;   14;s;    9;s;    5;s;   85;s;  114;s;   85;s;   10;s
4607;5027;05;A;  52;100827; 5;u;09; 5033;s; 2792;s;  206;s;  252;s; 4785;s; 4573;s;  185;s;   27;s;   23;s;    3;s;   76;s;  127;s;  109;s;   19;s; 2516;s; 2328;s;  175;s;   13;s;   15;s;   11;s;  115;s;  126;s;  100;s;    9;s
4607;5027;05;A;  52;100827; 5;u;10; 3267;s; 2401;s;  199;s;  273;s; 3042;s; 2830;s;  199;s;   13;s;   10;s;    8;s;   88;s;  103;s;   75;s;   16;s; 2100;s; 1905;s;  186;s;    9;s;   17;s;    7;s;  112;s;  154;s;  113;s;   11;s
4607;5027;05;A;  52;100827; 5;u;11; 2612;s; 2437;s;  222;s;  278;s; 2374;s; 2228;s;  132;s;   14;s;   10;s;    8;s;   80;s;  134;s;  100;s;    6;s; 2132;s; 1909;s;  215;s;    8;s;   17;s;    7;s;  112;s;  159;s;  126;s;   10;s
4607;5027;05;A;  52;100827; 5;u;12; 2519;s; 2581;s;  232;s;  265;s; 2266;s; 2091;s;  156;s;   19;s;   13;s;    9;s;   95;s;  128;s;  104;s;    8;s; 2290;s; 2052;s;  223;s;   15;s;   14;s;    6;s;   94;s;  165;s;  130;s;   12;s
4607;5027;05;A;  52;100827; 5;u;13; 2899;s; 3449;s;  191;s;  250;s; 2676;s; 2473;s;  183;s;   20;s;   14;s;    6;s;   70;s;  115;s;   83;s;   18;s; 3168;s; 2932;s;  219;s;   17;s;   16;s;    4;s;   97;s;  149;s;  119;s;   15;s
4607;5027;05;A;  52;100827; 5;u;14; 2881;s; 4280;s;  174;s;  273;s; 2670;s; 2494;s;  153;s;   23;s;   15;s;    0;s;   57;s;  117;s;   93;s;   22;s; 3969;s; 3702;s;  243;s;   24;s;   21;s;    8;s;  107;s;  158;s;  122;s;   17;s
4607;5027;05;A;  52;100827; 5;u;15; 2679;s; 4949;s;  222;s;  241;s; 2428;s; 2270;s;  140;s;   18;s;   12;s;    4;s;   97;s;  121;s;   94;s;   17;s; 4669;s; 4410;s;  224;s;   35;s;   23;s;    4;s;   91;s;  146;s;  106;s;   16;s
4607;5027;05;A;  52;100827; 5;u;16; 2821;s; 5212;s;  166;s;  227;s; 2628;s; 2471;s;  134;s;   23;s;   16;s;    6;s;   72;s;   88;s;   60;s;   11;s; 4942;s; 4698;s;  205;s;   39;s;   24;s;    7;s;   76;s;  144;s;  107;s;   19;s
4607;5027;05;A;  52;100827; 5;u;17; 2730;s; 5003;s;  141;s;  151;s; 2562;s; 2423;s;  116;s;   23;s;   13;s;    3;s;   45;s;   93;s;   69;s;   14;s; 4812;s; 4586;s;  195;s;   31;s;   20;s;    6;s;   47;s;   98;s;   76;s;   20;s
4607;5027;05;A;  52;100827; 5;u;18; 2875;s; 4697;s;  113;s;  124;s; 2733;s; 2614;s;  108;s;   11;s;   13;s;    3;s;   41;s;   69;s;   50;s;   16;s; 4541;s; 4325;s;  192;s;   24;s;   17;s;    8;s;   35;s;   81;s;   64;s;   15;s
4607;5027;05;A;  52;100827; 5;u;19; 2723;s; 4061;s;   99;s;   97;s; 2608;s; 2491;s;  106;s;   11;s;    5;s;    7;s;   26;s;   66;s;   52;s;   11;s; 3930;s; 3732;s;  175;s;   23;s;   13;s;    6;s;   25;s;   66;s;   54;s;   21;s
4607;5027;05;A;  52;100827; 5;u;20; 2364;s; 3095;s;   90;s;   77;s; 2254;s; 2160;s;   79;s;   15;s;    5;s;    3;s;   26;s;   61;s;   45;s;   15;s; 2991;s; 2807;s;  160;s;   24;s;    7;s;    7;s;   18;s;   52;s;   42;s;   20;s
4607;5027;05;A;  52;100827; 5;u;21; 1729;s; 2401;s;   76;s;   65;s; 1631;s; 1546;s;   73;s;   12;s;    6;s;    5;s;   22;s;   49;s;   35;s;   16;s; 2315;s; 2145;s;  154;s;   16;s;   10;s;    5;s;   12;s;   48;s;   31;s;   11;s
4607;5027;05;A;  52;100827; 5;u;22; 1357;s; 1878;s;   68;s;   46;s; 1283;s; 1212;s;   64;s;    7;s;    4;s;    7;s;   20;s;   41;s;   37;s;    2;s; 1814;s; 1684;s;  110;s;   20;s;    8;s;    3;s;    9;s;   34;s;   23;s;   10;s
4607;5027;05;A;  52;100827; 5;u;23; 1051;s; 1547;s;   44;s;   41;s; 1004;s;  938;s;   60;s;    6;s;    2;s;    7;s;   12;s;   25;s;   22;s;    1;s; 1494;s; 1411;s;   69;s;   14;s;    5;s;    2;s;   11;s;   28;s;   21;s;    7;s
4607;5027;05;A;  52;100827; 5;u;24;  785;s; 1351;s;   30;s;   32;s;  749;s;  705;s;   40;s;    4;s;    3;s;    2;s;    9;s;   19;s;   16;s;    3;s; 1310;s; 1252;s;   53;s;    5;s;    2;s;    3;s;    6;s;   23;s;   19;s;    7;s
4607;5027;05;A;  52;100828; 6;u;01;  591;-;  729;s;   30;-;   35;s;  551;-;  508;-;   42;-;    1;-;    3;-;    3;-;   12;-;   15;-;    8;-;    7;-;  690;s;  652;s;   34;s;    4;s;    1;s;    3;s;    3;s;   29;s;   20;s;    3;s
4607;5027;05;A;  52;100828; 6;u;02;  373;-;  413;s;   23;-;   25;s;  344;-;  317;-;   26;-;    1;-;    2;-;    0;-;    7;-;   16;-;   12;-;    4;-;  387;s;  364;s;   22;s;    1;s;    0;s;    2;s;    7;s;   16;s;   11;s;    1;s
4607;5027;05;A;  52;100828; 6;u;03;  266;-;  296;s;   41;-;   25;s;  225;-;  202;-;   23;-;    0;-;    0;-;    0;-;   12;-;   29;-;   20;-;    0;-;  268;s;  244;s;   23;s;    1;s;    1;s;    2;s;    8;s;   15;s;   12;s;    2;s
4607;5027;05;A;  52;100828; 6;u;04;  534;-;  278;s;   33;-;   36;s;  497;-;  455;-;   41;-;    1;-;    2;-;    1;-;   13;-;   19;-;   11;-;    2;-;  239;s;  209;s;   29;s;    1;s;    3;s;    1;s;   17;s;   18;s;   13;s;    0;s
4607;5027;05;A;  52;100828; 6;u;05;  646;-;  476;s;   35;-;   52;s;  602;-;  555;-;   45;-;    2;-;    2;-;    4;-;   14;-;   17;-;   12;-;    7;-;  417;s;  373;s;   44;s;    0;s;    5;s;    0;s;   30;s;   22;s;   15;s;    2;s
4607;5027;05;A;  52;100828; 6;u;06;  998;-;  643;s;   55;-;   54;s;  928;-;  865;-;   60;-;    3;-;    6;-;    4;-;   21;-;   30;-;   26;-;    9;-;  579;s;  515;s;   61;s;    3;s;    7;s;    1;s;   25;s;   28;s;   19;s;    3;s
4607;5027;05;A;  52;100828; 6;u;07; 1010;-;  796;s;   57;-;   48;s;  939;-;  836;-;  101;-;    2;-;   11;-;    1;-;   40;-;   16;-;   13;-;    3;-;  736;s;  662;s;   69;s;    5;s;    8;s;    3;s;   17;s;   28;s;   20;s;    4;s
4607;5027;05;A;  52;100828; 6;u;08; 1234;-; 1025;s;   54;-;   60;s; 1153;-; 1028;-;  122;-;    3;-;   16;-;    6;-;   27;-;   21;-;   17;-;   11;-;  948;s;  844;s;  100;s;    4;s;   10;s;    7;s;   25;s;   28;s;   25;s;    7;s
4607;5027;05;A;  52;100828; 6;u;09; 1704;-; 1231;s;   48;-;   55;s; 1629;-; 1511;-;  117;-;    1;-;   17;-;    2;-;   22;-;   24;-;   19;-;   10;-; 1162;s; 1066;s;   91;s;    5;s;    9;s;    4;s;   26;s;   25;s;   21;s;    5;s
4607;5027;05;A;  52;100828; 6;u;10; 3143;-; 1706;s;   58;-;   60;s; 3048;-; 2843;-;  194;-;   11;-;   18;-;    2;-;   39;-;   17;-;   14;-;   19;-; 1628;s; 1500;s;  117;s;   11;s;   11;s;    5;s;   27;s;   28;s;   25;s;    7;s
4607;5027;05;A;  52;100828; 6;u;11; 3021;-; 2084;s;   53;-;   53;s; 2936;-; 2759;-;  164;-;   13;-;   18;-;    4;-;   30;-;   19;-;   13;-;   14;-; 2011;s; 1872;s;  119;s;   20;s;   12;s;    4;s;   22;s;   27;s;   20;s;    8;s
4607;5027;05;A;  52;100828; 6;u;12; 2801;-; 2227;s;   51;-;   46;s; 2727;-; 2588;-;  126;-;   13;-;    9;-;    3;-;   30;-;   18;-;   17;-;   14;-; 2148;s; 2014;s;  117;s;   17;s;   17;s;    2;s;   22;s;   22;s;   19;s;   16;s
4607;5027;05;A;  52;100828; 6;u;13; 2565;-; 2353;s;   22;-;   42;s; 2507;-; 2370;-;  121;-;   16;-;   17;-;    2;-;   15;-;    5;-;    5;-;   19;-; 2285;s; 2153;s;  120;s;   12;s;   15;s;    5;s;   18;s;   19;s;   15;s;   11;s
4607;5027;05;A;  52;100828; 6;u;14; 2669;-; 2592;s;   27;-;   34;s; 2598;-; 2449;-;  139;-;   10;-;   25;-;    2;-;   13;-;   12;-;   10;-;   19;-; 2533;s; 2391;s;  127;s;   15;s;   13;s;    3;s;   14;s;   17;s;   15;s;   12;s
4607;5027;05;A;  52;100828; 6;u;15; 2418;-; 2674;s;   35;-;   41;s; 2364;-; 2265;-;   91;-;    8;-;    8;-;    0;-;   20;-;   15;-;   12;-;   11;-; 2600;s; 2472;s;  112;s;   16;s;   18;s;    5;s;   19;s;   17;s;   13;s;   15;s
4607;5027;05;A;  52;100828; 6;u;16; 2024;-; 2282;s;   29;-;   29;s; 1968;-; 1875;-;   83;-;   10;-;   18;-;    2;-;   16;-;   11;-;   10;-;    9;-; 2229;s; 2102;s;  114;s;   13;s;   10;s;    2;s;   13;s;   14;s;   12;s;   14;s
4607;5027;05;A;  52;100828; 6;u;17; 1720;-; 2346;s;   22;-;   29;s; 1676;-; 1581;-;   92;-;    3;-;   12;-;    1;-;   19;-;    2;-;    2;-;   10;-; 2298;s; 2161;s;  125;s;   12;s;    6;s;    4;s;   16;s;    9;s;    6;s;   13;s
4607;5027;05;A;  52;100828; 6;u;18; 1765;-; 2122;s;   26;-;   27;s; 1720;-; 1617;-;   94;-;    9;-;   12;-;    6;-;   16;-;    4;-;    4;-;    7;-; 2076;s; 1962;s;  103;s;   11;s;   10;s;    8;s;   10;s;    9;s;    9;s;    9;s
4607;5027;05;A;  52;100828; 6;u;19; 1882;-; 2086;s;   21;-;   27;s; 1832;-; 1733;-;   98;-;    1;-;   11;-;    5;-;   12;-;    4;-;    3;-;   18;-; 2044;s; 1936;s;   97;s;   11;s;    8;s;    8;s;    9;s;   10;s;    9;s;    7;s
4607;5027;05;A;  52;100828; 6;u;20; 1716;-; 1657;s;   22;-;   21;s; 1678;-; 1563;-;  109;-;    6;-;    6;-;    7;-;   12;-;    3;-;    3;-;   10;-; 1622;s; 1527;s;   87;s;    8;s;    5;s;    6;s;    8;s;    7;s;    7;s;    9;s
4607;5027;05;A;  52;100828; 6;u;21; 1350;-; 1277;s;   24;-;   19;s; 1308;-; 1228;-;   75;-;    5;-;    4;-;    7;-;   13;-;    4;-;    4;-;   14;-; 1248;s; 1159;s;   82;s;    7;s;    2;s;    7;s;    8;s;    4;s;    3;s;    8;s
4607;5027;05;A;  52;100828; 6;u;22; 1126;-; 1066;s;   21;-;   10;s; 1090;-; 1034;-;   54;-;    2;-;    4;-;    2;-;   16;-;    3;-;    2;-;   11;-; 1050;s;  985;s;   55;s;   10;s;    2;s;    1;s;    3;s;    6;s;    5;s;    4;s
4607;5027;05;A;  52;100828; 6;u;23; 1187;-; 1088;s;   14;-;   17;s; 1159;-; 1095;-;   62;-;    2;-;    4;-;    2;-;    9;-;    3;-;    1;-;   10;-; 1064;s; 1021;s;   35;s;    8;s;    2;s;    7;s;    8;s;    2;s;    1;s;    5;s
4607;5027;05;A;  52;100828; 6;u;24;  997;-; 1171;s;   16;-;   13;s;  970;-;  909;-;   60;-;    1;-;    4;-;    3;-;    6;-;    7;-;    7;-;    7;-; 1153;s; 1110;s;   39;s;    4;s;    2;s;    7;s;    5;s;    1;s;    1;s;    3;s
4607;5027;05;A;  52;100829; 7;s;01;  793;s;  858;s;    7;s;    8;s;  777;s;  745;s;   31;s;    1;s;    4;s;    1;s;    5;s;    1;s;    1;s;    5;s;  847;s;  811;s;   34;s;    2;s;    1;s;    3;s;    3;s;    2;s;    1;s;    2;s
4607;5027;05;A;  52;100829; 7;s;02;  531;s;  431;s;    8;s;    7;s;  518;s;  489;s;   27;s;    2;s;    0;s;    1;s;    6;s;    1;s;    1;s;    5;s;  422;s;  400;s;   21;s;    1;s;    0;s;    3;s;    4;s;    0;s;    0;s;    2;s
4607;5027;05;A;  52;100829; 7;s;03;  361;s;  313;s;    8;s;    6;s;  349;s;  328;s;   19;s;    2;s;    2;s;    1;s;    4;s;    3;s;    2;s;    2;s;  306;s;  289;s;   17;s;    0;s;    1;s;    2;s;    2;s;    2;s;    2;s;    0;s
4607;5027;05;A;  52;100829; 7;s;04;  617;s;  304;s;    5;s;    6;s;  608;s;  571;s;   35;s;    2;s;    2;s;    0;s;    2;s;    3;s;    2;s;    2;s;  298;s;  276;s;   22;s;    0;s;    0;s;    1;s;    1;s;    4;s;    3;s;    0;s
4607;5027;05;A;  52;100829; 7;s;05;  601;s;  495;s;    9;s;    5;s;  587;s;  558;s;   25;s;    4;s;    3;s;    4;s;    2;s;    3;s;    1;s;    2;s;  484;s;  447;s;   36;s;    1;s;    3;s;    2;s;    2;s;    1;s;    1;s;    3;s
4607;5027;05;A;  52;100829; 7;s;06;  705;s;  459;s;   13;s;    4;s;  680;s;  636;s;   40;s;    4;s;    8;s;    4;s;    5;s;    4;s;    2;s;    4;s;  452;s;  414;s;   37;s;    1;s;    2;s;    1;s;    3;s;    0;s;    0;s;    1;s
4607;5027;05;A;  52;100829; 7;s;07;  575;s;  411;s;   16;s;   11;s;  545;s;  492;s;   52;s;    1;s;    8;s;    3;s;    7;s;    6;s;    6;s;    6;s;  395;s;  357;s;   35;s;    3;s;    3;s;    6;s;    4;s;    1;s;    1;s;    2;s
4607;5027;05;A;  52;100829; 7;s;08;  640;s;  606;s;   12;s;    7;s;  621;s;  580;s;   38;s;    3;s;    5;s;    2;s;    4;s;    6;s;    6;s;    2;s;  589;s;  539;s;   43;s;    7;s;    7;s;    2;s;    2;s;    3;s;    3;s;    3;s
4607;5027;05;A;  52;100829; 7;s;09;  985;s;  832;s;   17;s;   10;s;  957;s;  899;s;   54;s;    4;s;    7;s;    6;s;    6;s;    5;s;    4;s;    4;s;  815;s;  757;s;   52;s;    6;s;    4;s;    4;s;    3;s;    3;s;    3;s;    3;s
4607;5027;05;A;  52;100829; 7;s;10; 2005;s;  994;s;   17;s;   12;s; 1971;s; 1874;s;   90;s;    7;s;    8;s;    5;s;    5;s;    7;s;    7;s;    9;s;  973;s;  904;s;   55;s;   14;s;    5;s;    5;s;    4;s;    3;s;    3;s;    4;s
4607;5027;05;A;  52;100829; 7;s;11; 2157;s; 1320;s;   17;s;   13;s; 2111;s; 2029;s;   75;s;    7;s;   10;s;    3;s;    9;s;    5;s;    5;s;   19;s; 1296;s; 1205;s;   71;s;   20;s;    5;s;    5;s;    3;s;    5;s;    4;s;    6;s
4607;5027;05;A;  52;100829; 7;s;12; 2182;s; 1568;s;   22;s;   12;s; 2135;s; 2039;s;   82;s;   14;s;    3;s;    5;s;   11;s;    6;s;    4;s;   22;s; 1545;s; 1437;s;   81;s;   27;s;    6;s;    2;s;    6;s;    4;s;    3;s;    5;s
4607;5027;05;A;  52;100829; 7;s;13; 2109;s; 1752;s;   21;s;   18;s; 2058;s; 1981;s;   62;s;   15;s;    8;s;    4;s;   11;s;    6;s;    5;s;   22;s; 1719;s; 1616;s;   82;s;   21;s;    8;s;    4;s;    8;s;    6;s;    3;s;    7;s
4607;5027;05;A;  52;100829; 7;s;14; 2331;s; 2214;s;   25;s;   19;s; 2287;s; 2185;s;   75;s;   27;s;    8;s;    9;s;    6;s;   10;s;   10;s;   11;s; 2174;s; 2061;s;   88;s;   25;s;   10;s;    4;s;    8;s;    7;s;    7;s;   11;s
4607;5027;05;A;  52;100829; 7;s;15; 2217;s; 2639;s;   16;s;   18;s; 2182;s; 2086;s;   77;s;   19;s;    7;s;    1;s;    7;s;    8;s;    8;s;   12;s; 2605;s; 2476;s;  106;s;   23;s;    9;s;    2;s;    9;s;    7;s;    4;s;    7;s
4607;5027;05;A;  52;100829; 7;s;16; 2154;s; 2718;s;   22;s;   14;s; 2118;s; 2019;s;   79;s;   20;s;    6;s;    7;s;    7;s;    8;s;    7;s;    8;s; 2675;s; 2528;s;  125;s;   22;s;   14;s;    2;s;    7;s;    5;s;    4;s;   15;s
4607;5027;05;A;  52;100829; 7;s;17; 2116;s; 2618;s;   20;s;   20;s; 2074;s; 1978;s;   81;s;   15;s;    8;s;    2;s;   12;s;    6;s;    6;s;   14;s; 2567;s; 2421;s;  124;s;   22;s;   19;s;    6;s;    4;s;   10;s;    8;s;   12;s
4607;5027;05;A;  52;100829; 7;s;18; 2239;s; 2718;s;   30;s;   19;s; 2187;s; 2092;s;   79;s;   16;s;    5;s;    9;s;   12;s;    9;s;    9;s;   17;s; 2665;s; 2509;s;  125;s;   31;s;   21;s;    4;s;    9;s;    6;s;    5;s;   13;s
4607;5027;05;A;  52;100829; 7;s;19; 2147;s; 2834;s;   30;s;   23;s; 2096;s; 1993;s;   89;s;   14;s;    7;s;    7;s;   10;s;   13;s;   13;s;   14;s; 2778;s; 2620;s;  139;s;   19;s;   19;s;    5;s;   10;s;    8;s;    6;s;   14;s
4607;5027;05;A;  52;100829; 7;s;20; 1869;s; 1985;s;   19;s;   28;s; 1821;s; 1727;s;   78;s;   16;s;    9;s;    1;s;    7;s;   11;s;   10;s;   20;s; 1935;s; 1824;s;   92;s;   19;s;   13;s;   10;s;    8;s;   10;s;    8;s;    9;s
4607;5027;05;A;  52;100829; 7;s;21; 1623;s; 1328;s;   29;s;   18;s; 1572;s; 1492;s;   66;s;   14;s;    7;s;    9;s;    6;s;   14;s;   13;s;   15;s; 1296;s; 1213;s;   74;s;    9;s;    6;s;    4;s;    7;s;    7;s;    6;s;    8;s
4607;5027;05;A;  52;100829; 7;s;22; 1310;s; 1118;s;   31;s;   27;s; 1265;s; 1200;s;   56;s;    9;s;    3;s;    6;s;   12;s;   13;s;   10;s;   11;s; 1083;s; 1008;s;   66;s;    9;s;    4;s;   10;s;    6;s;   11;s;   11;s;    4;s
4607;5027;05;A;  52;100829; 7;s;23; 1053;s;  893;s;   44;s;   42;s; 1002;s;  932;s;   66;s;    4;s;    4;s;    2;s;   10;s;   32;s;   27;s;    3;s;  844;s;  798;s;   37;s;    9;s;    4;s;    2;s;    4;s;   36;s;   27;s;    3;s
4607;5027;05;A;  52;100829; 7;s;24;  625;s;  903;s;   49;s;   34;s;  571;s;  529;s;   42;s;    0;s;    2;s;    2;s;   11;s;   36;s;   28;s;    3;s;  865;s;  811;s;   48;s;    6;s;    2;s;    2;s;    9;s;   23;s;   18;s;    2;s
4607;5027;05;A;  52;100830; 1;w;01;  290;-;  471;-;   25;-;   27;-;  261;-;  233;-;   28;-;    0;-;    2;-;    0;-;    9;-;   16;-;   12;-;    2;-;  444;-;  412;-;   30;-;    2;-;    0;-;    2;-;    4;-;   21;-;   19;-;    0;-
4607;5027;05;A;  52;100830; 1;w;02;  162;-;  157;-;   26;-;   30;-;  133;-;  117;-;   15;-;    1;-;    1;-;    2;-;    4;-;   20;-;   16;-;    2;-;  126;-;  108;-;   18;-;    0;-;    0;-;    0;-;    5;-;   25;-;   15;-;    1;-
4607;5027;05;A;  52;100830; 1;w;03;  140;-;  103;-;   29;-;   23;-;  110;-;   99;-;   11;-;    0;-;    1;-;    1;-;    8;-;   20;-;   18;-;    0;-;   79;-;   66;-;   13;-;    0;-;    0;-;    1;-;    5;-;   17;-;   15;-;    1;-
4607;5027;05;A;  52;100830; 1;w;04;  477;-;  198;-;   61;-;   39;-;  413;-;  372;-;   41;-;    0;-;    1;-;    0;-;   17;-;   44;-;   31;-;    2;-;  157;-;  129;-;   28;-;    0;-;    1;-;    1;-;   14;-;   24;-;   19;-;    1;-
4607;5027;05;A;  52;100830; 1;w;05; 1011;-;  443;-;   88;-;   74;-;  917;-;  869;-;   43;-;    5;-;    1;-;    6;-;   34;-;   48;-;   39;-;    5;-;  365;-;  324;-;   41;-;    0;-;    3;-;    1;-;   37;-;   36;-;   27;-;    1;-
4607;5027;05;A;  52;100830; 1;w;06; 2587;-;  843;-;  173;-;  105;-; 2395;-; 2298;-;   90;-;    7;-;    3;-;    6;-;   64;-;  103;-;   85;-;   16;-;  735;-;  686;-;   44;-;    5;-;    0;-;    3;-;   30;-;   72;-;   58;-;    3;-
4607;5027;05;A;  52;100830; 1;w;07; 4143;-; 1855;-;  170;-;  127;-; 3935;-; 3734;-;  191;-;   10;-;   13;-;    2;-;   71;-;   97;-;   79;-;   25;-; 1722;-; 1603;-;  112;-;    7;-;    4;-;    2;-;   51;-;   74;-;   58;-;    2;-
4607;5027;05;A;  52;100830; 1;w;08; 5087;-; 3243;-;  241;-;  213;-; 4793;-; 4577;-;  202;-;   14;-;   20;-;    6;-;   96;-;  139;-;  105;-;   33;-; 3007;-; 2829;-;  172;-;    6;-;    7;-;    4;-;   94;-;  115;-;   94;-;   16;-
4607;5027;05;A;  52;100830; 1;w;09; 4798;-; 3606;-;  234;-;  257;-; 4483;-; 4272;-;  199;-;   12;-;   23;-;    6;-;   93;-;  135;-;   96;-;   58;-; 3328;-; 3092;-;  234;-;    2;-;   10;-;    4;-;  121;-;  132;-;   92;-;   11;-
4607;5027;05;A;  52;100830; 1;w;10; 4006;-; 2508;-;  245;-;  226;-; 3729;-; 3481;-;  241;-;    7;-;   15;-;    6;-;   85;-;  154;-;  121;-;   17;-; 2260;-; 2037;-;  218;-;    5;-;   11;-;    7;-;   90;-;  129;-;  101;-;   11;-
4607;5027;05;A;  52;100830; 1;w;11; 3300;-; 2279;-;  236;-;  269;-; 3026;-; 2794;-;  222;-;   10;-;   14;-;    4;-;   78;-;  154;-;  118;-;   24;-; 1975;-; 1786;-;  188;-;    1;-;   20;-;    8;-;  102;-;  159;-;  122;-;   15;-
4607;5027;05;A;  52;100830; 1;w;12; 2807;-; 2273;-;  246;-;  251;-; 2530;-; 2319;-;  202;-;    9;-;   12;-;    5;-;  110;-;  131;-;  104;-;   19;-; 2001;-; 1784;-;  210;-;    7;-;    8;-;    5;-;  105;-;  141;-;  112;-;   13;-
4607;5027;05;A;  52;100830; 1;w;13; 2806;-; 2739;-;  226;-;  236;-; 2534;-; 2323;-;  201;-;   10;-;   13;-;    3;-;   89;-;  134;-;  107;-;   33;-; 2477;-; 2263;-;  213;-;    1;-;   14;-;    1;-;   96;-;  139;-;   97;-;   12;-
4607;5027;05;A;  52;100830; 1;w;14; 2888;-; 3310;-;  222;-;  227;-; 2640;-; 2437;-;  197;-;    6;-;    7;-;    4;-;   79;-;  139;-;  105;-;   19;-; 3060;-; 2843;-;  208;-;    9;-;   12;-;    3;-;   95;-;  129;-;  104;-;   11;-
4607;5027;05;A;  52;100830; 1;w;15; 2485;-; 3744;-;  219;-;  214;-; 2246;-; 2059;-;  182;-;    5;-;   10;-;    4;-;  102;-;  113;-;   93;-;   10;-; 3509;-; 3263;-;  243;-;    3;-;   15;-;    6;-;   95;-;  113;-;   87;-;    6;-
4607;5027;05;A;  52;100830; 1;w;16; 2649;-; 4728;-;  193;-;  211;-; 2420;-; 2197;-;  209;-;   14;-;   16;-;    1;-;   92;-;  100;-;   78;-;   20;-; 4485;-; 4217;-;  258;-;   10;-;   16;-;    2;-;   88;-;  121;-;   95;-;   16;-
4607;5027;05;A;  52;100830; 1;w;17; 2956;-; 4936;-;  154;-;  145;-; 2760;-; 2558;-;  199;-;    3;-;   18;-;    2;-;   75;-;   77;-;   65;-;   24;-; 4758;-; 4476;-;  271;-;   11;-;   21;-;    3;-;   63;-;   79;-;   66;-;   12;-
4607;5027;05;A;  52;100830; 1;w;18; 3436;-; 4743;-;  143;-;  132;-; 3251;-; 3082;-;  158;-;   11;-;   11;-;    2;-;   59;-;   82;-;   66;-;   31;-; 4589;-; 4448;-;  132;-;    9;-;   15;-;    6;-;   47;-;   79;-;   62;-;    7;-
4607;5027;05;A;  52;100830; 1;w;19; 3175;-; 5020;-;   99;-;   95;-; 3047;-; 2888;-;  154;-;    5;-;   11;-;    4;-;   34;-;   61;-;   41;-;   18;-; 4895;-; 4686;-;  198;-;   11;-;   17;-;    2;-;   33;-;   60;-;   49;-;   13;-
4607;5027;05;A;  52;100830; 1;w;20; 2278;-; 2866;-;   67;-;   81;-; 2179;-; 2050;-;  123;-;    6;-;    9;-;    7;-;   17;-;   43;-;   32;-;   23;-; 2762;-; 2592;-;  165;-;    5;-;   15;-;    4;-;   27;-;   50;-;   36;-;    8;-
4607;5027;05;A;  52;100830; 1;w;21; 1422;-; 1769;-;   58;-;   76;-; 1341;-; 1228;-;  106;-;    7;-;   10;-;    3;-;   14;-;   41;-;   32;-;   13;-; 1679;-; 1573;-;   98;-;    8;-;    6;-;    5;-;   12;-;   59;-;   37;-;    8;-
4607;5027;05;A;  52;100830; 1;w;22; 1224;-; 1430;-;   53;-;   53;-; 1162;-; 1068;-;   93;-;    1;-;    5;-;    3;-;   10;-;   40;-;   25;-;    4;-; 1367;-; 1268;-;   91;-;    8;-;    8;-;    1;-;   10;-;   42;-;   30;-;    2;-
4607;5027;05;A;  52;100830; 1;w;23;  846;-; 1701;-;   39;-;   46;-;  802;-;  749;-;   52;-;    1;-;    1;-;    1;-;    9;-;   29;-;   19;-;    4;-; 1644;-; 1532;-;  106;-;    6;-;    3;-;    2;-;    8;-;   36;-;   24;-;    8;-
4607;5027;05;A;  52;100830; 1;w;24;  467;-; 1162;-;   41;-;   48;-;  423;-;  376;-;   47;-;    0;-;    0;-;    1;-;   10;-;   30;-;   25;-;    3;-; 1112;-; 1049;-;   62;-;    1;-;    0;-;    7;-;   10;-;   31;-;   18;-;    2;-
4607;5027;05;A;  52;100831; 2;w;01;  263;-;  559;-;   36;-;   42;-;  225;-;  182;-;   42;-;    1;-;    1;-;    0;-;    7;-;   29;-;   22;-;    1;-;  514;-;  465;-;   47;-;    2;-;    2;-;    3;-;    4;-;   35;-;   24;-;    1;-
4607;5027;05;A;  52;100831; 2;w;02;  166;-;  207;-;   46;-;   38;-;  117;-;  101;-;   15;-;    1;-;    1;-;    1;-;   10;-;   35;-;   24;-;    2;-;  169;-;  142;-;   27;-;    0;-;    0;-;    0;-;    8;-;   30;-;   25;-;    0;-
4607;5027;05;A;  52;100831; 2;w;03;  174;-;  134;-;   44;-;   40;-;  128;-;  101;-;   26;-;    1;-;    0;-;    1;-;    7;-;   36;-;   23;-;    2;-;   93;-;   76;-;   17;-;    0;-;    0;-;    1;-;    6;-;   33;-;   29;-;    1;-
4607;5027;05;A;  52;100831; 2;w;04;  472;-;  243;-;   57;-;   62;-;  408;-;  364;-;   44;-;    0;-;    3;-;    0;-;   21;-;   36;-;   17;-;    4;-;  181;-;  145;-;   36;-;    0;-;    0;-;    1;-;   23;-;   38;-;   24;-;    0;-
4607;5027;05;A;  52;100831; 2;w;05;  946;-;  474;-;   92;-;   82;-;  843;-;  786;-;   52;-;    5;-;    3;-;    4;-;   40;-;   48;-;   39;-;    8;-;  386;-;  341;-;   43;-;    2;-;    3;-;    0;-;   40;-;   42;-;   31;-;    3;-
4607;5027;05;A;  52;100831; 2;w;06; 2535;-;  770;-;  145;-;  120;-; 2364;-; 2245;-;  105;-;   14;-;    3;-;    4;-;   55;-;   86;-;   69;-;   23;-;  641;-;  568;-;   72;-;    1;-;    5;-;    0;-;   48;-;   72;-;   52;-;    4;-
4607;5027;05;A;  52;100831; 2;w;07; 4627;-; 1908;-;  224;-;  144;-; 4365;-; 4109;-;  241;-;   15;-;   13;-;    2;-;   79;-;  143;-;  100;-;   25;-; 1740;-; 1609;-;  126;-;    5;-;   11;-;    2;-;   59;-;   83;-;   65;-;   13;-
4607;5027;05;A;  52;100831; 2;w;08; 5344;-; 3348;-;  198;-;  217;-; 5082;-; 4841;-;  224;-;   17;-;   17;-;    4;-;   91;-;  103;-;   83;-;   47;-; 3112;-; 2918;-;  189;-;    5;-;    7;-;    6;-;   89;-;  122;-;   95;-;   12;-
4607;5027;05;A;  52;100831; 2;w;09; 5208;-; 3836;-;  230;-;  261;-; 4924;-; 4715;-;  192;-;   17;-;   18;-;    2;-;   94;-;  134;-;   97;-;   36;-; 3550;-; 3271;-;  266;-;   13;-;   15;-;    5;-;  120;-;  136;-;  100;-;   10;-
4607;5027;05;A;  52;100831; 2;w;10; 4110;-; 2745;-;  240;-;  275;-; 3794;-; 3581;-;  203;-;   10;-;   24;-;    8;-;   85;-;  147;-;  109;-;   52;-; 2448;-; 2207;-;  236;-;    5;-;   12;-;    9;-;  122;-;  144;-;  114;-;   10;-
4607;5027;05;A;  52;100831; 2;w;11; 3394;-; 2361;-;  252;-;  248;-; 3110;-; 2906;-;  196;-;    8;-;   10;-;    1;-;  105;-;  146;-;  116;-;   22;-; 2082;-; 1840;-;  229;-;   13;-;   23;-;    4;-;   96;-;  148;-;  116;-;    8;-
4607;5027;05;A;  52;100831; 2;w;12; 2851;-; 2283;-;  246;-;  270;-; 2571;-; 2331;-;  229;-;   11;-;   15;-;    4;-;   96;-;  146;-;  113;-;   19;-; 1990;-; 1774;-;  211;-;    5;-;   12;-;    3;-;  112;-;  155;-;  118;-;   11;-
4607;5027;05;A;  52;100831; 2;w;13; 2844;-; 2867;-;  219;-;  255;-; 2592;-; 2391;-;  192;-;    9;-;   20;-;    2;-;   87;-;  130;-;  101;-;   13;-; 2590;-; 2377;-;  210;-;    3;-;    9;-;    2;-;  107;-;  146;-;  109;-;   13;-
4607;5027;05;A;  52;100831; 2;w;14; 3070;-; 3159;-;  197;-;  259;-; 2839;-; 2594;-;  233;-;   12;-;   15;-;    5;-;   69;-;  123;-;   94;-;   19;-; 2869;-; 2652;-;  207;-;   10;-;   16;-;    4;-;  104;-;  151;-;  126;-;   15;-
4607;5027;05;A;  52;100831; 2;w;15; 2757;-; 4049;-;  245;-;  231;-; 2476;-; 2269;-;  200;-;    7;-;   14;-;    4;-;   99;-;  142;-;  112;-;   22;-; 3786;-; 3502;-;  264;-;   20;-;   18;-;    5;-;   91;-;  135;-;  102;-;   14;-
4607;5027;05;A;  52;100831; 2;w;16; 2849;-; 4921;-;  198;-;  218;-; 2611;-; 2387;-;  213;-;   11;-;   24;-;    4;-;   73;-;  121;-;   96;-;   16;-; 4671;-; 4384;-;  268;-;   19;-;   16;-;    1;-;   89;-;  128;-;   87;-;   16;-
4607;5027;05;A;  52;100831; 2;w;17; 3150;-; 5633;-;  189;-;  172;-; 2920;-; 2741;-;  172;-;    7;-;   20;-;    3;-;   75;-;  111;-;   89;-;   21;-; 5415;-; 5145;-;  251;-;   19;-;   32;-;    6;-;   62;-;  104;-;   79;-;   14;-
4607;5027;05;A;  52;100831; 2;w;18; 3337;-; 5696;-;  133;-;  125;-; 3150;-; 2979;-;  154;-;   17;-;   14;-;   11;-;   48;-;   74;-;   55;-;   40;-; 5535;-; 5299;-;  215;-;   21;-;   17;-;    4;-;   48;-;   73;-;   55;-;   19;-
4607;5027;05;A;  52;100831; 2;w;19; 3223;-; 5237;-;  119;-;  109;-; 3071;-; 2907;-;  153;-;   11;-;   11;-;    3;-;   39;-;   77;-;   57;-;   22;-; 5096;-; 4859;-;  212;-;   25;-;   13;-;    6;-;   41;-;   62;-;   41;-;   19;-
4607;5027;05;A;  52;100831; 2;w;20; 2507;-; 3284;-;  101;-;   73;-; 2382;-; 2210;-;  168;-;    4;-;    6;-;    5;-;   35;-;   61;-;   51;-;   18;-; 3185;-; 3003;-;  170;-;   12;-;   12;-;    0;-;   23;-;   50;-;   43;-;   14;-
4607;5027;05;A;  52;100831; 2;w;21; 1592;-; 2163;-;   66;-;   70;-; 1507;-; 1378;-;  121;-;    8;-;    4;-;    4;-;   24;-;   38;-;   31;-;   15;-; 2075;-; 1967;-;  103;-;    5;-;    8;-;    4;-;   15;-;   51;-;   30;-;   10;-
4607;5027;05;A;  52;100831; 2;w;22; 1350;-; 1517;-;   39;-;   43;-; 1301;-; 1217;-;   77;-;    7;-;    2;-;    2;-;   10;-;   27;-;   20;-;    8;-; 1462;-; 1376;-;   78;-;    8;-;    1;-;    0;-;    9;-;   34;-;   24;-;   11;-
4607;5027;05;A;  52;100831; 2;w;23;  939;-; 1267;-;   56;-;   46;-;  876;-;  806;-;   67;-;    3;-;    4;-;    2;-;   13;-;   41;-;   32;-;    3;-; 1218;-; 1141;-;   69;-;    8;-;    1;-;    1;-;   10;-;   35;-;   23;-;    2;-
4607;5027;05;A;  52;100831; 2;w;24;  492;-; 1002;-;   34;-;   40;-;  455;-;  405;-;   48;-;    2;-;    3;-;    2;-;    9;-;   23;-;   18;-;    0;-;  952;-;  878;-;   72;-;    2;-;    2;-;    1;-;    4;-;   35;-;   24;-;    8;-
4607;5027;05;A;  52;100901; 3;w;01;  275;-;  408;-;   34;-;   30;-;  238;-;  199;-;   38;-;    1;-;    1;-;    0;-;   10;-;   24;-;   19;-;    2;-;  375;-;  341;-;   34;-;    0;-;    1;-;    3;-;    5;-;   22;-;   14;-;    2;-
4607;5027;05;A;  52;100901; 3;w;02;  177;-;  199;-;   44;-;   29;-;  132;-;  111;-;   20;-;    1;-;    1;-;    1;-;   13;-;   30;-;   22;-;    0;-;  165;-;  138;-;   27;-;    0;-;    3;-;    0;-;    7;-;   22;-;   16;-;    2;-
4607;5027;05;A;  52;100901; 3;w;03;  173;-;  151;-;   51;-;   41;-;  121;-;  103;-;   18;-;    0;-;    0;-;    0;-;   12;-;   39;-;   30;-;    1;-;  110;-;   84;-;   26;-;    0;-;    0;-;    0;-;    7;-;   34;-;   26;-;    0;-
4607;5027;05;A;  52;100901; 3;w;04;  483;-;  238;-;   65;-;   56;-;  413;-;  379;-;   34;-;    0;-;    2;-;    1;-;   20;-;   44;-;   32;-;    3;-;  182;-;  155;-;   27;-;    0;-;    0;-;    0;-;   23;-;   33;-;   23;-;    0;-
4607;5027;05;A;  52;100901; 3;w;05;  996;-;  496;-;  117;-;  102;-;  874;-;  811;-;   52;-;   11;-;    1;-;    5;-;   50;-;   62;-;   42;-;    4;-;  394;-;  329;-;   64;-;    1;-;    0;-;    0;-;   45;-;   57;-;   35;-;    0;-
4607;5027;05;A;  52;100901; 3;w;06; 2544;-;  829;-;  171;-;  102;-; 2350;-; 2231;-;   98;-;   21;-;    3;-;    2;-;   57;-;  112;-;   86;-;   20;-;  718;-;  646;-;   68;-;    4;-;    4;-;    0;-;   31;-;   71;-;   51;-;    5;-
4607;5027;05;A;  52;100901; 3;w;07; 4904;-; 1858;-;  231;-;  143;-; 4623;-; 4339;-;  255;-;   29;-;   20;-;    3;-;   91;-;  137;-;  100;-;   30;-; 1695;-; 1550;-;  133;-;   12;-;    7;-;    3;-;   53;-;   87;-;   70;-;   13;-
4607;5027;05;A;  52;100901; 3;w;08; 5936;-; 3399;-;  232;-;  192;-; 5641;-; 5398;-;  225;-;   18;-;   17;-;    4;-;   95;-;  133;-;   96;-;   46;-; 3176;-; 2958;-;  208;-;   10;-;   12;-;    7;-;   84;-;  101;-;   74;-;   19;-
4607;5027;05;A;  52;100901; 3;w;09; 5605;-; 3942;-;  212;-;  256;-; 5340;-; 5095;-;  224;-;   21;-;   21;-;    5;-;   83;-;  124;-;   93;-;   32;-; 3659;-; 3379;-;  278;-;    2;-;   13;-;    3;-;  120;-;  133;-;   98;-;   14;-
4607;5027;05;A;  52;100901; 3;w;10; 4427;-; 2776;-;  277;-;  281;-; 4114;-; 3896;-;  206;-;   12;-;   17;-;    6;-;  111;-;  160;-;  121;-;   19;-; 2473;-; 2240;-;  228;-;    5;-;   16;-;    4;-;  120;-;  157;-;  116;-;    6;-
4607;5027;05;A;  52;100901; 3;w;11; 3608;-; 2353;-;  250;-;  251;-; 3302;-; 3004;-;  285;-;   13;-;   20;-;    3;-;   80;-;  167;-;  136;-;   36;-; 2083;-; 1875;-;  201;-;    7;-;   15;-;    3;-;   93;-;  155;-;  125;-;    4;-
4607;5027;05;A;  52;100901; 3;w;12; 2868;-; 2548;-;  235;-;  245;-; 2595;-; 2370;-;  214;-;   11;-;   19;-;    3;-;   88;-;  144;-;  110;-;   19;-; 2283;-; 2047;-;  233;-;    3;-;   17;-;    3;-;   94;-;  148;-;  121;-;    3;-
4607;5027;05;A;  52;100901; 3;w;13; 2991;-; 2987;-;  225;-;  255;-; 2744;-; 2506;-;  226;-;   12;-;    8;-;    2;-;   79;-;  144;-;  119;-;   14;-; 2714;-; 2516;-;  188;-;   10;-;   16;-;    1;-;   98;-;  156;-;  122;-;    2;-
4607;5027;05;A;  52;100901; 3;w;14; 3274;-; 3523;-;  214;-;  256;-; 3028;-; 2805;-;  209;-;   14;-;   13;-;    5;-;   79;-;  130;-;  103;-;   19;-; 3239;-; 2992;-;  234;-;   13;-;   16;-;    3;-;  103;-;  150;-;  110;-;   12;-
4607;5027;05;A;  52;100901; 3;w;15; 2869;-; 4182;-;  226;-;  214;-; 2598;-; 2372;-;  217;-;    9;-;   19;-;    2;-;   81;-;  143;-;  106;-;   26;-; 3931;-; 3650;-;  268;-;   13;-;   17;-;    6;-;   86;-;  122;-;   95;-;   20;-
4607;5027;05;A;  52;100901; 3;w;16; 3065;-; 4981;-;  215;-;  214;-; 2807;-; 2545;-;  252;-;   10;-;   18;-;    5;-;   93;-;  117;-;   98;-;   25;-; 4728;-; 4410;-;  303;-;   15;-;   23;-;    2;-;   89;-;  123;-;  100;-;   16;-
4607;5027;05;A;  52;100901; 3;w;17; 3225;-; 5816;-;  165;-;  168;-; 3023;-; 2798;-;  208;-;   17;-;   15;-;    3;-;   71;-;   91;-;   75;-;   22;-; 5607;-; 5326;-;  262;-;   19;-;   30;-;    4;-;   64;-;  100;-;   75;-;   11;-
4607;5027;05;A;  52;100901; 3;w;18; 3501;-; 5727;-;  135;-;  144;-; 3331;-; 3150;-;  169;-;   12;-;   12;-;    3;-;   46;-;   86;-;   60;-;   23;-; 5551;-; 5377;-;  161;-;   13;-;   26;-;    5;-;   52;-;   87;-;   68;-;    6;-
4607;5027;05;A;  52;100901; 3;w;19; 3398;-; 5499;-;  118;-;  116;-; 3242;-; 3067;-;  159;-;   16;-;   14;-;    4;-;   25;-;   89;-;   63;-;   24;-; 5351;-; 5145;-;  190;-;   16;-;   15;-;    4;-;   41;-;   71;-;   44;-;   17;-
4607;5027;05;A;  52;100901; 3;w;20; 2353;-; 3321;-;   81;-;   69;-; 2245;-; 2098;-;  128;-;   19;-;   10;-;    8;-;   22;-;   51;-;   37;-;   17;-; 3226;-; 3050;-;  164;-;   12;-;   10;-;    3;-;   15;-;   51;-;   39;-;   16;-
4607;5027;05;A;  52;100901; 3;w;21; 1571;-; 2241;-;   66;-;   81;-; 1490;-; 1349;-;  125;-;   16;-;    4;-;    4;-;   16;-;   46;-;   38;-;   11;-; 2139;-; 2002;-;  130;-;    7;-;    8;-;    5;-;   14;-;   62;-;   46;-;   13;-
4607;5027;05;A;  52;100901; 3;w;22; 1425;-; 1730;-;   56;-;   56;-; 1359;-; 1278;-;   75;-;    6;-;    5;-;    2;-;   18;-;   36;-;   28;-;    5;-; 1669;-; 1566;-;   95;-;    8;-;    0;-;    4;-;    4;-;   48;-;   35;-;    5;-
4607;5027;05;A;  52;100901; 3;w;23;  936;-; 1524;-;   46;-;   47;-;  887;-;  828;-;   55;-;    4;-;    0;-;    2;-;   15;-;   29;-;   22;-;    3;-; 1466;-; 1376;-;   81;-;    9;-;    4;-;    2;-;   12;-;   33;-;   21;-;    7;-
4607;5027;05;A;  52;100901; 3;w;24;  498;-;  954;-;   38;-;   52;-;  457;-;  412;-;   44;-;    1;-;    1;-;    1;-;    9;-;   28;-;   22;-;    2;-;  893;-;  847;-;   44;-;    2;-;    3;-;    1;-;   11;-;   40;-;   29;-;    6;-
4607;5027;05;A;  52;100902; 4;w;01;  301;-;  427;-;   37;-;   33;-;  260;-;  223;-;   34;-;    3;-;    0;-;    1;-;   11;-;   25;-;   17;-;    4;-;  389;-;  355;-;   33;-;    1;-;    2;-;    2;-;    6;-;   25;-;   19;-;    3;-
4607;5027;05;A;  52;100902; 4;w;02;  190;-;  186;-;   35;-;   34;-;  152;-;  129;-;   22;-;    1;-;    1;-;    1;-;    9;-;   25;-;   17;-;    2;-;  150;-;  129;-;   21;-;    0;-;    1;-;    0;-;    6;-;   28;-;   21;-;    1;-
4607;5027;05;A;  52;100902; 4;w;03;  148;-;  149;-;   52;-;   30;-;   94;-;   79;-;   15;-;    0;-;    1;-;    0;-;   15;-;   37;-;   24;-;    1;-;  118;-;   90;-;   28;-;    0;-;    0;-;    2;-;    7;-;   21;-;   16;-;    1;-
4607;5027;05;A;  52;100902; 4;w;04;  490;-;  237;-;   66;-;   62;-;  420;-;  366;-;   52;-;    2;-;    2;-;    2;-;   19;-;   45;-;   33;-;    2;-;  174;-;  127;-;   47;-;    0;-;    1;-;    0;-;   23;-;   39;-;   26;-;    0;-
4607;5027;05;A;  52;100902; 4;w;05; 1001;-;  468;-;  114;-;   88;-;  879;-;  803;-;   72;-;    4;-;    3;-;    7;-;   42;-;   65;-;   41;-;    5;-;  379;-;  317;-;   61;-;    1;-;    0;-;    0;-;   46;-;   42;-;   30;-;    1;-
4607;5027;05;A;  52;100902; 4;w;06; 2515;-;  781;-;  182;-;   96;-; 2314;-; 2167;-;  122;-;   25;-;    3;-;    2;-;   59;-;  121;-;  102;-;   16;-;  681;-;  603;-;   73;-;    5;-;    2;-;    3;-;   35;-;   58;-;   41;-;    2;-
4607;5027;05;A;  52;100902; 4;w;07; 4822;-; 1907;-;  206;-;  147;-; 4562;-; 4268;-;  267;-;   27;-;   17;-;    5;-;   83;-;  118;-;   89;-;   37;-; 1738;-; 1574;-;  151;-;   13;-;    7;-;    3;-;   60;-;   84;-;   67;-;   15;-
4607;5027;05;A;  52;100902; 4;w;08; 6051;-; 3463;-;  231;-;  205;-; 5732;-; 5469;-;  240;-;   23;-;   28;-;    8;-;   72;-;  151;-;  117;-;   60;-; 3230;-; 3009;-;  214;-;    7;-;   12;-;    8;-;   96;-;  101;-;   72;-;   16;-
4607;5027;05;A;  52;100902; 4;w;09; 5511;-; 3998;-;  230;-;  271;-; 5232;-; 5012;-;  202;-;   18;-;   15;-;    4;-;   86;-;  140;-;  107;-;   34;-; 3696;-; 3444;-;  244;-;    8;-;   17;-;   12;-;  139;-;  120;-;   94;-;   14;-
4607;5027;05;A;  52;100902; 4;w;10; 4499;-; 2863;-;  283;-;  295;-; 4164;-; 3916;-;  233;-;   15;-;   15;-;   11;-;  103;-;  169;-;  132;-;   37;-; 2536;-; 2272;-;  261;-;    3;-;   20;-;    7;-;  110;-;  178;-;  136;-;   12;-
4607;5027;05;A;  52;100902; 4;w;11; 3543;-; 2375;-;  255;-;  259;-; 3255;-; 3033;-;  211;-;   11;-;   20;-;    3;-;  110;-;  142;-;  109;-;   13;-; 2097;-; 1841;-;  249;-;    7;-;   12;-;    5;-;  106;-;  148;-;  110;-;    7;-
4607;5027;05;A;  52;100902; 4;w;12; 2895;-; 2483;-;  242;-;  255;-; 2615;-; 2391;-;  217;-;    7;-;   15;-;    3;-;   93;-;  146;-;  111;-;   23;-; 2185;-; 1953;-;  219;-;   13;-;   21;-;    1;-;   97;-;  157;-;  127;-;   22;-
4607;5027;05;A;  52;100902; 4;w;13; 2967;-; 2981;-;  260;-;  247;-; 2680;-; 2448;-;  214;-;   18;-;   11;-;    3;-;   94;-;  163;-;  127;-;   16;-; 2704;-; 2492;-;  204;-;    8;-;   10;-;    4;-;   89;-;  154;-;  109;-;   20;-
4607;5027;05;A;  52;100902; 4;w;14; 3050;-; 3531;-;  229;-;  257;-; 2778;-; 2552;-;  210;-;   16;-;   25;-;    6;-;   82;-;  141;-;  105;-;   18;-; 3239;-; 2973;-;  252;-;   14;-;   24;-;    3;-;  101;-;  153;-;  105;-;   11;-
4607;5027;05;A;  52;100902; 4;w;15; 2872;-; 4249;-;  225;-;  278;-; 2588;-; 2360;-;  210;-;   18;-;   27;-;    5;-;   82;-;  138;-;  103;-;   32;-; 3934;-; 3645;-;  271;-;   18;-;   21;-;    5;-;  116;-;  157;-;  123;-;   16;-
4607;5027;05;A;  52;100902; 4;w;16; 3076;-; 4906;-;  220;-;  215;-; 2814;-; 2554;-;  245;-;   15;-;   21;-;    3;-;   93;-;  124;-;   96;-;   21;-; 4652;-; 4358;-;  274;-;   20;-;   28;-;    4;-;   74;-;  137;-;  101;-;   11;-
4607;5027;05;A;  52;100902; 4;w;17; 3406;-; 5709;-;  179;-;  165;-; 3187;-; 2997;-;  180;-;   10;-;   15;-;    3;-;   79;-;   97;-;   77;-;   25;-; 5503;-; 5208;-;  276;-;   19;-;   31;-;    4;-;   62;-;   99;-;   78;-;   10;-
4607;5027;05;A;  52;100902; 4;w;18; 3665;-; 5705;-;  138;-;  130;-; 3492;-; 3320;-;  161;-;   11;-;   14;-;    5;-;   53;-;   80;-;   57;-;   21;-; 5544;-; 5343;-;  171;-;   30;-;   20;-;    7;-;   51;-;   72;-;   61;-;   11;-
4607;5027;05;A;  52;100902; 4;w;19; 3572;-; 5399;-;  137;-;  159;-; 3406;-; 3226;-;  171;-;    9;-;   12;-;    9;-;   43;-;   85;-;   71;-;   17;-; 5211;-; 5046;-;  142;-;   23;-;   18;-;    5;-;   45;-;  109;-;   83;-;   11;-
4607;5027;05;A;  52;100902; 4;w;20; 2385;-; 3506;-;   70;-;   88;-; 2292;-; 2107;-;  169;-;   16;-;    5;-;    5;-;   21;-;   44;-;   30;-;   18;-; 3390;-; 3202;-;  173;-;   15;-;    6;-;    3;-;   25;-;   60;-;   46;-;   22;-
4607;5027;05;A;  52;100902; 4;w;21; 1566;-; 2269;-;   49;-;   74;-; 1498;-; 1363;-;  126;-;    9;-;    9;-;    4;-;   15;-;   30;-;   23;-;   10;-; 2180;-; 2034;-;  138;-;    8;-;    3;-;    5;-;   17;-;   52;-;   35;-;   12;-
4607;5027;05;A;  52;100902; 4;w;22; 1442;-; 1774;-;   60;-;   50;-; 1369;-; 1273;-;   81;-;   15;-;    5;-;    3;-;   18;-;   39;-;   26;-;    8;-; 1710;-; 1617;-;   87;-;    6;-;    3;-;    1;-;    8;-;   41;-;   26;-;   11;-
4607;5027;05;A;  52;100902; 4;w;23;  965;-; 1676;-;   56;-;   45;-;  895;-;  828;-;   66;-;    1;-;    3;-;    4;-;   20;-;   32;-;   26;-;   11;-; 1624;-; 1535;-;   77;-;   12;-;    4;-;    3;-;    8;-;   34;-;   21;-;    3;-
4607;5027;05;A;  52;100902; 4;w;24;  544;-; 1049;-;   38;-;   48;-;  495;-;  438;-;   56;-;    1;-;    3;-;    2;-;   14;-;   22;-;   15;-;    8;-;  996;-;  925;-;   69;-;    2;-;    0;-;    4;-;    6;-;   38;-;   24;-;    5;-
4607;5027;05;A;  52;100903; 5;w;01;  296;-;  403;-;   42;-;   34;-;  252;-;  209;-;   43;-;    0;-;    1;-;    3;-;   10;-;   29;-;   24;-;    1;-;  364;-;  333;-;   31;-;    0;-;    1;-;    3;-;    7;-;   24;-;   16;-;    4;-
4607;5027;05;A;  52;100903; 5;w;02;  192;-;  226;-;   47;-;   38;-;  144;-;  121;-;   22;-;    1;-;    0;-;    2;-;   16;-;   29;-;   21;-;    1;-;  186;-;  160;-;   26;-;    0;-;    0;-;    1;-;    6;-;   31;-;   27;-;    2;-
4607;5027;05;A;  52;100903; 5;w;03;  173;-;  138;-;   54;-;   37;-;  119;-;   99;-;   20;-;    0;-;    0;-;    1;-;   15;-;   38;-;   23;-;    0;-;   97;-;   73;-;   24;-;    0;-;    1;-;    1;-;   10;-;   26;-;   20;-;    3;-
4607;5027;05;A;  52;100903; 5;w;04;  482;-;  223;-;   62;-;   50;-;  415;-;  362;-;   50;-;    3;-;    3;-;    1;-;   23;-;   38;-;   23;-;    2;-;  170;-;  139;-;   31;-;    0;-;    2;-;    1;-;   12;-;   37;-;   26;-;    1;-
4607;5027;05;A;  52;100903; 5;w;05;  992;-;  492;-;  104;-;   95;-;  881;-;  808;-;   70;-;    3;-;    1;-;    7;-;   40;-;   57;-;   41;-;    6;-;  394;-;  330;-;   62;-;    2;-;    1;-;    1;-;   43;-;   51;-;   39;-;    2;-
4607;5027;05;A;  52;100903; 5;w;06; 2341;-;  819;-;  175;-;  126;-; 2144;-; 2035;-;   97;-;   12;-;    5;-;    6;-;   62;-;  107;-;   84;-;   17;-;  685;-;  608;-;   75;-;    2;-;    4;-;    4;-;   38;-;   84;-;   57;-;    4;-
4607;5027;05;A;  52;100903; 5;w;07; 4603;-; 1887;-;  256;-;  185;-; 4292;-; 4009;-;  253;-;   30;-;   12;-;    9;-;  101;-;  146;-;  111;-;   43;-; 1681;-; 1538;-;  135;-;    8;-;   11;-;    6;-;   70;-;  109;-;   71;-;   10;-
4607;5027;05;A;  52;100903; 5;w;08; 5635;-; 3317;-;  235;-;  206;-; 5339;-; 5085;-;  228;-;   26;-;   29;-;    7;-;   94;-;  134;-;   95;-;   32;-; 3081;-; 2850;-;  206;-;   25;-;   10;-;    7;-;   89;-;  110;-;   85;-;   20;-
4607;5027;05;A;  52;100903; 5;w;09; 5253;-; 3688;-;  236;-;  286;-; 4951;-; 4684;-;  245;-;   22;-;   14;-;    6;-;   97;-;  133;-;  104;-;   52;-; 3368;-; 3079;-;  278;-;   11;-;   20;-;    5;-;  132;-;  149;-;  112;-;   14;-
4607;5027;05;A;  52;100903; 5;w;10; 3880;-; 2473;-;  265;-;  256;-; 3578;-; 3318;-;  242;-;   18;-;   18;-;   10;-;  114;-;  141;-;  115;-;   19;-; 2183;-; 1957;-;  219;-;    7;-;   21;-;    6;-;  100;-;  150;-;  122;-;   13;-
4607;5027;05;A;  52;100903; 5;w;11; 3024;-; 2472;-;  203;-;  265;-; 2781;-; 2552;-;  220;-;    9;-;   14;-;    4;-;   86;-;  113;-;   90;-;   26;-; 2187;-; 1946;-;  227;-;   14;-;   18;-;   13;-;  119;-;  133;-;  111;-;    2;-
4607;5027;05;A;  52;100903; 5;w;12; 2910;-; 2813;-;  261;-;  258;-; 2617;-; 2362;-;  248;-;    7;-;   12;-;   12;-;   99;-;  150;-;  109;-;   20;-; 2530;-; 2279;-;  240;-;   11;-;   16;-;    7;-;   96;-;  155;-;  119;-;    9;-
4607;5027;05;A;  52;100903; 5;w;13; 2958;-; 3678;-;  215;-;  263;-; 2707;-; 2487;-;  207;-;   13;-;   13;-;    2;-;   84;-;  129;-;  107;-;   23;-; 3387;-; 3089;-;  277;-;   21;-;   18;-;    1;-;  110;-;  152;-;  114;-;   10;-
4607;5027;05;A;  52;100903; 5;w;14; 3311;-; 4407;-;  210;-;  231;-; 3051;-; 2802;-;  222;-;   27;-;   27;-;    4;-;   89;-;  117;-;   93;-;   23;-; 4133;-; 3827;-;  286;-;   20;-;   24;-;    8;-;   97;-;  126;-;   98;-;   19;-
4607;5027;05;A;  52;100903; 5;w;15; 3290;-; 5399;-;  236;-;  259;-; 3013;-; 2789;-;  212;-;   12;-;   20;-;    7;-;  100;-;  129;-;  105;-;   21;-; 5092;-; 4794;-;  274;-;   24;-;   38;-;    6;-;  109;-;  144;-;  109;-;   10;-
4607;5027;05;A;  52;100903; 5;w;16; 3436;-; 5433;-;  191;-;  214;-; 3193;-; 2943;-;  218;-;   32;-;   24;-;    7;-;   84;-;  100;-;   80;-;   28;-; 5178;-; 4912;-;  235;-;   31;-;   30;-;    8;-;   88;-;  118;-;   91;-;   11;-
4607;5027;05;A;  52;100903; 5;w;17; 3431;-; 5618;-;  163;-;  165;-; 3215;-; 2977;-;  224;-;   14;-;   26;-;    5;-;   72;-;   86;-;   65;-;   27;-; 5407;-; 5191;-;  191;-;   25;-;   33;-;    9;-;   62;-;   94;-;   72;-;   13;-
4607;5027;05;A;  52;100903; 5;w;18; 3613;-; 5125;-;  158;-;  129;-; 3404;-; 3190;-;  201;-;   13;-;   31;-;    8;-;   68;-;   82;-;   69;-;   20;-; 4964;-; 4748;-;  186;-;   30;-;   22;-;    7;-;   42;-;   80;-;   65;-;   10;-
4607;5027;05;A;  52;100903; 5;w;19; 3192;-; 4632;-;  118;-;   89;-; 3018;-; 2809;-;  192;-;   17;-;   33;-;    7;-;   53;-;   58;-;   45;-;   23;-; 4515;-; 4280;-;  220;-;   15;-;   14;-;    3;-;   32;-;   54;-;   45;-;   14;-
4607;5027;05;A;  52;100903; 5;w;20; 2590;-; 3355;-;   94;-;   88;-; 2455;-; 2248;-;  190;-;   17;-;   20;-;    4;-;   43;-;   47;-;   35;-;   21;-; 3222;-; 3030;-;  178;-;   14;-;   21;-;    3;-;   33;-;   52;-;   42;-;   24;-
4607;5027;05;A;  52;100903; 5;w;21; 1847;-; 2335;-;   68;-;   68;-; 1757;-; 1578;-;  169;-;   10;-;   11;-;    3;-;   33;-;   32;-;   27;-;   11;-; 2243;-; 2090;-;  143;-;   10;-;   12;-;    7;-;   11;-;   50;-;   38;-;   12;-
4607;5027;05;A;  52;100903; 5;w;22; 1426;-; 1697;-;   53;-;   55;-; 1353;-; 1236;-;  107;-;   10;-;    5;-;    6;-;   19;-;   28;-;   19;-;   15;-; 1628;-; 1554;-;   62;-;   12;-;    5;-;    1;-;   15;-;   39;-;   24;-;    9;-
4607;5027;05;A;  52;100903; 5;w;23; 1238;-; 1521;-;   52;-;   44;-; 1164;-; 1091;-;   67;-;    6;-;    7;-;    7;-;   20;-;   25;-;   21;-;   15;-; 1467;-; 1369;-;   83;-;   15;-;    3;-;    5;-;    9;-;   30;-;   20;-;    7;-
4607;5027;05;A;  52;100903; 5;w;24;  893;-; 1347;-;   34;-;   48;-;  852;-;  794;-;   55;-;    3;-;    3;-;    4;-;    8;-;   22;-;   16;-;    4;-; 1295;-; 1214;-;   75;-;    6;-;    0;-;    4;-;   10;-;   34;-;   27;-;    4;-
4607;5027;05;A;  52;100904; 6;w;01;  613;-;  736;-;   32;-;   42;-;  573;-;  527;-;   44;-;    2;-;    2;-;    2;-;   11;-;   19;-;   13;-;    6;-;  690;-;  639;-;   45;-;    6;-;    2;-;    4;-;    4;-;   34;-;   28;-;    2;-
4607;5027;05;A;  52;100904; 6;w;02;  362;-;  427;-;   31;-;   20;-;  328;-;  291;-;   34;-;    3;-;    2;-;    2;-;   10;-;   19;-;   12;-;    1;-;  406;-;  383;-;   22;-;    1;-;    1;-;    0;-;    2;-;   18;-;   12;-;    0;-
4607;5027;05;A;  52;100904; 6;w;03;  260;-;  304;-;   40;-;   32;-;  216;-;  188;-;   28;-;    0;-;    0;-;    0;-;   13;-;   27;-;   21;-;    4;-;  267;-;  240;-;   26;-;    1;-;    1;-;    1;-;    8;-;   23;-;   18;-;    4;-
4607;5027;05;A;  52;100904; 6;w;04;  576;-;  353;-;   42;-;   34;-;  530;-;  465;-;   63;-;    2;-;    2;-;    3;-;   17;-;   22;-;   10;-;    2;-;  317;-;  268;-;   48;-;    1;-;    0;-;    2;-;   19;-;   13;-;    9;-;    2;-
4607;5027;05;A;  52;100904; 6;w;05;  754;-;  576;-;   46;-;   50;-;  700;-;  631;-;   68;-;    1;-;    5;-;    3;-;   22;-;   21;-;   15;-;    3;-;  521;-;  442;-;   77;-;    2;-;    3;-;    3;-;   30;-;   17;-;   10;-;    2;-
4607;5027;05;A;  52;100904; 6;w;06;  991;-;  539;-;   58;-;   35;-;  918;-;  843;-;   68;-;    7;-;    7;-;    6;-;   29;-;   23;-;   17;-;    8;-;  498;-;  430;-;   67;-;    1;-;    4;-;    2;-;   22;-;   11;-;    7;-;    2;-
4607;5027;05;A;  52;100904; 6;w;07; 1070;-;  848;-;   59;-;   44;-;  990;-;  848;-;  133;-;    9;-;   10;-;    6;-;   29;-;   24;-;   21;-;   11;-;  787;-;  676;-;  107;-;    4;-;   10;-;    4;-;   18;-;   22;-;   16;-;    7;-
4607;5027;05;A;  52;100904; 6;w;08; 1254;-; 1047;-;   61;-;   63;-; 1163;-; 1006;-;  151;-;    6;-;   21;-;    9;-;   22;-;   30;-;   23;-;    9;-;  969;-;  853;-;  108;-;    8;-;   13;-;    4;-;   31;-;   28;-;   18;-;    2;-
4607;5027;05;A;  52;100904; 6;w;09; 1818;-; 1552;-;   53;-;   87;-; 1744;-; 1557;-;  175;-;   12;-;   10;-;    7;-;   30;-;   16;-;   10;-;   11;-; 1441;-; 1256;-;  176;-;    9;-;   16;-;    2;-;   60;-;   25;-;   20;-;    8;-
4607;5027;05;A;  52;100904; 6;w;10; 3177;-; 2011;-;   77;-;   71;-; 3036;-; 2825;-;  196;-;   15;-;   29;-;    5;-;   42;-;   30;-;   25;-;   35;-; 1921;-; 1729;-;  176;-;   16;-;   12;-;    1;-;   44;-;   26;-;   21;-;    7;-
4607;5027;05;A;  52;100904; 6;w;11; 3376;-; 2149;-;   66;-;   53;-; 3266;-; 3081;-;  175;-;   10;-;   23;-;    5;-;   40;-;   21;-;   16;-;   21;-; 2069;-; 1900;-;  154;-;   15;-;   17;-;    7;-;   23;-;   23;-;   18;-;   10;-
4607;5027;05;A;  52;100904; 6;w;12; 3291;-; 2418;-;   45;-;   44;-; 3195;-; 3010;-;  162;-;   23;-;   22;-;    1;-;   21;-;   23;-;   19;-;   29;-; 2345;-; 2188;-;  143;-;   14;-;   21;-;    4;-;   24;-;   16;-;   13;-;    8;-
4607;5027;05;A;  52;100904; 6;w;13; 3078;-; 2702;-;   45;-;   33;-; 2987;-; 2827;-;  140;-;   20;-;   24;-;    3;-;   29;-;   13;-;   12;-;   22;-; 2648;-; 2466;-;  166;-;   16;-;   13;-;    3;-;   17;-;   13;-;   11;-;    8;-
4607;5027;05;A;  52;100904; 6;w;14; 3205;-; 3317;-;   40;-;   32;-; 3123;-; 2928;-;  158;-;   37;-;   17;-;    2;-;   22;-;   16;-;   11;-;   25;-; 3253;-; 3059;-;  167;-;   27;-;   17;-;    2;-;   14;-;   16;-;   13;-;   15;-
4607;5027;05;A;  52;100904; 6;w;15; 2854;-; 3794;-;   36;-;   49;-; 2791;-; 2642;-;  127;-;   22;-;   13;-;    2;-;   21;-;   13;-;   11;-;   14;-; 3706;-; 3529;-;  159;-;   18;-;   28;-;    5;-;   30;-;   14;-;   12;-;   11;-
4607;5027;05;A;  52;100904; 6;w;16; 2658;-; 3462;-;   19;-;   31;-; 2609;-; 2436;-;  147;-;   26;-;   15;-;    2;-;   10;-;    7;-;    6;-;   15;-; 3401;-; 3207;-;  176;-;   18;-;   18;-;    4;-;   17;-;   10;-;    8;-;   12;-
4607;5027;05;A;  52;100904; 6;w;17; 2431;-; 3232;-;   38;-;   35;-; 2362;-; 2177;-;  152;-;   33;-;   12;-;    5;-;   21;-;   12;-;    8;-;   19;-; 3170;-; 2972;-;  178;-;   20;-;   12;-;    2;-;   21;-;   12;-;    9;-;   15;-
4607;5027;05;A;  52;100904; 6;w;18; 2407;-; 3123;-;   31;-;   26;-; 2355;-; 2189;-;  139;-;   27;-;    6;-;   11;-;   11;-;    9;-;    9;-;   15;-; 3070;-; 2869;-;  177;-;   24;-;   12;-;    3;-;   12;-;   11;-;   10;-;   15;-
4607;5027;05;A;  52;100904; 6;w;19; 2365;-; 3184;-;   20;-;   24;-; 2312;-; 2184;-;  114;-;   14;-;   16;-;    2;-;   12;-;    6;-;    6;-;   17;-; 3136;-; 2910;-;  195;-;   31;-;   15;-;    7;-;   13;-;    4;-;    3;-;    9;-
4607;5027;05;A;  52;100904; 6;w;20; 1970;-; 2329;-;   27;-;   21;-; 1916;-; 1800;-;   96;-;   20;-;    7;-;    6;-;   13;-;    8;-;    6;-;   20;-; 2291;-; 2106;-;  164;-;   21;-;   13;-;    1;-;   18;-;    2;-;    2;-;    4;-
4607;5027;05;A;  52;100904; 6;w;21; 1441;-; 1711;-;   20;-;   21;-; 1398;-; 1300;-;   81;-;   17;-;    9;-;    5;-;    7;-;    8;-;    6;-;   14;-; 1674;-; 1578;-;   84;-;   12;-;    9;-;    8;-;    8;-;    5;-;    5;-;    7;-
4607;5027;05;A;  52;100904; 6;w;22; 1180;-; 1306;-;   13;-;   14;-; 1157;-; 1093;-;   60;-;    4;-;    3;-;    1;-;    9;-;    3;-;    2;-;    7;-; 1284;-; 1212;-;   59;-;   13;-;    2;-;    4;-;    7;-;    3;-;    2;-;    6;-
4607;5027;05;A;  52;100904; 6;w;23; 1075;-; 1216;-;   14;-;   13;-; 1054;-; 1005;-;   48;-;    1;-;    1;-;    1;-;   11;-;    2;-;    1;-;    6;-; 1196;-; 1133;-;   55;-;    8;-;    2;-;    4;-;    9;-;    0;-;    0;-;    5;-
4607;5027;05;A;  52;100904; 6;w;24; 1056;-; 1355;-;    4;-;    9;-; 1044;-;  984;-;   54;-;    6;-;    1;-;    1;-;    2;-;    1;-;    1;-;    7;-; 1340;-; 1290;-;   48;-;    2;-;    2;-;    2;-;    5;-;    2;-;    1;-;    4;-
4607;5027;05;A;  52;100905; 7;s;01;  967;-;  984;-;    6;-;    6;-;  954;-;  916;-;   36;-;    2;-;    2;-;    1;-;    4;-;    1;-;    1;-;    5;-;  972;-;  913;-;   55;-;    4;-;    1;-;    4;-;    1;-;    1;-;    0;-;    5;-
4607;5027;05;A;  52;100905; 7;s;02;  577;-;  537;-;    7;-;    7;-;  563;-;  534;-;   26;-;    3;-;    2;-;    0;-;    5;-;    2;-;    1;-;    5;-;  524;-;  495;-;   28;-;    1;-;    4;-;    2;-;    2;-;    3;-;    2;-;    2;-
4607;5027;05;A;  52;100905; 7;s;03;  399;-;  372;-;    4;-;    2;-;  393;-;  345;-;   48;-;    0;-;    0;-;    0;-;    2;-;    2;-;    1;-;    2;-;  368;-;  342;-;   26;-;    0;-;    0;-;    2;-;    0;-;    0;-;    0;-;    2;-
4607;5027;05;A;  52;100905; 7;s;04;  617;-;  374;-;    9;-;    6;-;  601;-;  554;-;   43;-;    4;-;    1;-;    0;-;    6;-;    3;-;    3;-;    6;-;  366;-;  335;-;   31;-;    0;-;    0;-;    0;-;    5;-;    1;-;    1;-;    2;-
4607;5027;05;A;  52;100905; 7;s;05;  690;-;  545;-;    5;-;    3;-;  681;-;  637;-;   41;-;    3;-;    1;-;    1;-;    2;-;    2;-;    2;-;    3;-;  537;-;  478;-;   58;-;    1;-;    2;-;    2;-;    1;-;    0;-;    0;-;    3;-
4607;5027;05;A;  52;100905; 7;s;06;  801;-;  480;-;   19;-;    3;-;  778;-;  730;-;   44;-;    4;-;    2;-;    4;-;    7;-;    8;-;    4;-;    2;-;  473;-;  438;-;   35;-;    0;-;    3;-;    0;-;    3;-;    0;-;    0;-;    1;-
4607;5027;05;A;  52;100905; 7;s;07;  629;-;  548;-;   14;-;   15;-;  602;-;  548;-;   51;-;    3;-;    7;-;    2;-;    6;-;    6;-;    6;-;    6;-;  532;-;  474;-;   55;-;    3;-;    1;-;    7;-;    5;-;    3;-;    0;-;    0;-
4607;5027;05;A;  52;100905; 7;s;08;  732;-;  682;-;   15;-;   12;-;  692;-;  620;-;   67;-;    5;-;   16;-;    5;-;    5;-;    5;-;    5;-;    9;-;  661;-;  590;-;   66;-;    5;-;    5;-;    6;-;    4;-;    2;-;    2;-;    4;-
4607;5027;05;A;  52;100905; 7;s;09; 1095;-; 1032;-;   16;-;   40;-; 1065;-;  949;-;  110;-;    6;-;    8;-;    6;-;    7;-;    3;-;    2;-;    6;-;  965;-;  805;-;  155;-;    5;-;   23;-;    4;-;   30;-;    6;-;    6;-;    4;-
4607;5027;05;A;  52;100905; 7;s;10; 1903;-; 1355;-;   25;-;   46;-; 1856;-; 1702;-;  133;-;   21;-;   14;-;    4;-;   16;-;    5;-;    5;-;    8;-; 1291;-; 1112;-;  150;-;   29;-;   14;-;    6;-;   39;-;    1;-;    1;-;    4;-
4607;5027;05;A;  52;100905; 7;s;11; 2053;-; 1832;-;   11;-;   54;-; 2021;-; 1877;-;  107;-;   37;-;    7;-;    1;-;    8;-;    2;-;    2;-;   14;-; 1759;-; 1577;-;  134;-;   48;-;   16;-;    4;-;   44;-;    6;-;    5;-;    3;-
4607;5027;05;A;  52;100905; 7;s;12; 2344;-; 1852;-;   17;-;   18;-; 2309;-; 2177;-;  106;-;   26;-;    6;-;    1;-;    9;-;    7;-;    4;-;   12;-; 1805;-; 1646;-;  111;-;   48;-;   18;-;    3;-;   12;-;    3;-;    3;-;   11;-
4607;5027;05;A;  52;100905; 7;s;13; 2570;-; 2175;-;   20;-;   30;-; 2524;-; 2373;-;  109;-;   42;-;   11;-;    1;-;   15;-;    4;-;    4;-;   15;-; 2123;-; 1937;-;  143;-;   43;-;   14;-;    6;-;   20;-;    4;-;    3;-;    8;-
4607;5027;05;A;  52;100905; 7;s;14; 2926;-; 2544;-;   19;-;   18;-; 2881;-; 2713;-;  121;-;   47;-;   10;-;    2;-;   14;-;    3;-;    2;-;   16;-; 2496;-; 2343;-;  113;-;   40;-;   22;-;    2;-;   14;-;    2;-;    2;-;    8;-
4607;5027;05;A;  52;100905; 7;s;15; 2712;-; 2991;-;   23;-;   33;-; 2652;-; 2505;-;  103;-;   44;-;   16;-;    5;-;    6;-;   12;-;   11;-;   21;-; 2935;-; 2748;-;  145;-;   42;-;   17;-;    0;-;   21;-;   12;-;    6;-;    6;-
4607;5027;05;A;  52;100905; 7;s;16; 2633;-; 2996;-;   36;-;   35;-; 2562;-; 2399;-;  110;-;   53;-;   11;-;    6;-;   15;-;   15;-;   12;-;   24;-; 2936;-; 2732;-;  165;-;   39;-;   18;-;    6;-;   26;-;    3;-;    2;-;    7;-
4607;5027;05;A;  52;100905; 7;s;17; 2623;-; 2954;-;   25;-;   44;-; 2564;-; 2408;-;  104;-;   52;-;   18;-;    7;-;   13;-;    5;-;    3;-;   16;-; 2883;-; 2656;-;  187;-;   40;-;   20;-;    2;-;   34;-;    8;-;    6;-;    7;-
4607;5027;05;A;  52;100905; 7;s;18; 3022;-; 3225;-;   39;-;   53;-; 2938;-; 2779;-;  116;-;   43;-;   14;-;    8;-;   20;-;   11;-;    8;-;   31;-; 3127;-; 2927;-;  157;-;   43;-;   35;-;    7;-;   42;-;    4;-;    3;-;   10;-
4607;5027;05;A;  52;100905; 7;s;19; 2908;-; 3045;-;   28;-;   47;-; 2838;-; 2655;-;  139;-;   44;-;   21;-;    6;-;   18;-;    4;-;    4;-;   21;-; 2941;-; 2689;-;  214;-;   38;-;   47;-;    4;-;   33;-;   10;-;    7;-;   10;-
4607;5027;05;A;  52;100905; 7;s;20; 2373;-; 2532;-;   25;-;   59;-; 2318;-; 2197;-;  103;-;   18;-;   13;-;    2;-;   13;-;   10;-;    7;-;   17;-; 2421;-; 2221;-;  175;-;   25;-;   42;-;    8;-;   38;-;   13;-;   11;-;   10;-
4607;5027;05;A;  52;100905; 7;s;21; 1816;-; 1931;-;   24;-;   56;-; 1775;-; 1656;-;   96;-;   23;-;    8;-;    6;-;    8;-;   10;-;    6;-;    9;-; 1830;-; 1699;-;  110;-;   21;-;   37;-;   12;-;   30;-;   14;-;   13;-;    8;-
4607;5027;05;A;  52;100905; 7;s;22; 1549;-; 1400;-;   27;-;   35;-; 1510;-; 1429;-;   70;-;   11;-;    2;-;    5;-;   11;-;   11;-;    9;-;   10;-; 1341;-; 1272;-;   61;-;    8;-;   18;-;    7;-;   19;-;    9;-;    8;-;    6;-
4607;5027;05;A;  52;100905; 7;s;23; 1115;-; 1062;-;   54;-;   59;-; 1049;-;  960;-;   87;-;    2;-;    2;-;    3;-;   15;-;   36;-;   28;-;   10;-;  992;-;  919;-;   67;-;    6;-;    6;-;    4;-;   24;-;   31;-;   23;-;    5;-
4607;5027;05;A;  52;100905; 7;s;24;  661;-; 1183;-;   37;-;   49;-;  617;-;  545;-;   69;-;    3;-;    2;-;    1;-;   10;-;   26;-;   21;-;    5;-; 1122;-; 1036;-;   83;-;    3;-;    7;-;    5;-;   21;-;   23;-;   19;-;    5;-
4607;5027;05;A;  52;100906; 1;w;01;  269;-;  418;-;   24;-;   23;-;  240;-;  200;-;   40;-;    0;-;    1;-;    1;-;    6;-;   17;-;   14;-;    4;-;  391;-;  351;-;   38;-;    2;-;    4;-;    3;-;    4;-;   16;-;   13;-;    0;-
4607;5027;05;A;  52;100906; 1;w;02;  163;-;  169;-;   36;-;   31;-;  125;-;  108;-;   16;-;    1;-;    1;-;    0;-;    7;-;   29;-;   20;-;    1;-;  136;-;  113;-;   22;-;    1;-;    0;-;    0;-;    7;-;   24;-;   21;-;    2;-
4607;5027;05;A;  52;100906; 1;w;03;  150;-;  139;-;   34;-;   38;-;  114;-;   93;-;   21;-;    0;-;    0;-;    0;-;   11;-;   23;-;   18;-;    2;-;   98;-;   76;-;   21;-;    1;-;    3;-;    0;-;    9;-;   29;-;   21;-;    0;-
4607;5027;05;A;  52;100906; 1;w;04;  529;-;  240;-;   51;-;   47;-;  472;-;  416;-;   53;-;    3;-;    2;-;    3;-;   12;-;   36;-;   29;-;    4;-;  190;-;  155;-;   35;-;    0;-;    1;-;    0;-;   19;-;   28;-;   22;-;    2;-
4607;5027;05;A;  52;100906; 1;w;05; 1063;-;  515;-;  100;-;   90;-;  953;-;  894;-;   56;-;    3;-;    2;-;    8;-;   39;-;   53;-;   39;-;    8;-;  423;-;  366;-;   55;-;    2;-;    0;-;    4;-;   35;-;   51;-;   45;-;    2;-
4607;5027;05;A;  52;100906; 1;w;06; 2848;-;  991;-;  209;-;  136;-; 2609;-; 2486;-;   99;-;   24;-;    4;-;    9;-;   74;-;  126;-;  107;-;   26;-;  850;-;  778;-;   67;-;    5;-;    1;-;    3;-;   38;-;   95;-;   68;-;    4;-
4607;5027;05;A;  52;100906; 1;w;07; 4900;-; 2064;-;  226;-;  174;-; 4633;-; 4355;-;  240;-;   38;-;   15;-;    2;-;   86;-;  138;-;  112;-;   26;-; 1868;-; 1721;-;  138;-;    9;-;    7;-;    2;-;   63;-;  109;-;   90;-;   15;-
4607;5027;05;A;  52;100906; 1;w;08; 6037;-; 3428;-;  262;-;  229;-; 5714;-; 5464;-;  229;-;   21;-;   25;-;    9;-;   92;-;  161;-;  118;-;   36;-; 3175;-; 2993;-;  169;-;   13;-;    8;-;    6;-;  103;-;  120;-;   91;-;   16;-
4607;5027;05;A;  52;100906; 1;w;09; 5297;-; 3781;-;  237;-;  241;-; 4990;-; 4779;-;  186;-;   25;-;   10;-;    5;-;  106;-;  126;-;   94;-;   60;-; 3509;-; 3315;-;  189;-;    5;-;   17;-;    8;-;  118;-;  115;-;   80;-;   14;-
4607;5027;05;A;  52;100906; 1;w;10; 4128;-; 2755;-;  245;-;  275;-; 3825;-; 3547;-;  264;-;   14;-;   22;-;    6;-;   96;-;  143;-;  109;-;   36;-; 2458;-; 2208;-;  243;-;    7;-;   17;-;    7;-;   97;-;  171;-;  136;-;    5;-
4607;5027;05;A;  52;100906; 1;w;11; 3589;-; 2328;-;  290;-;  254;-; 3256;-; 3016;-;  224;-;   16;-;   17;-;    7;-;  113;-;  170;-;  143;-;   26;-; 2044;-; 1813;-;  220;-;   11;-;   23;-;    5;-;  119;-;  130;-;  104;-;    7;-
4607;5027;05;A;  52;100906; 1;w;12; 2970;-; 2471;-;  254;-;  242;-; 2681;-; 2460;-;  211;-;   10;-;   17;-;    4;-;   84;-;  166;-;  130;-;   18;-; 2197;-; 1947;-;  245;-;    5;-;   26;-;    3;-;   99;-;  140;-;  121;-;    6;-
4607;5027;05;A;  52;100906; 1;w;13; 2967;-; 2933;-;  256;-;  249;-; 2679;-; 2484;-;  174;-;   21;-;   18;-;    4;-;   81;-;  171;-;  134;-;   14;-; 2654;-; 2424;-;  210;-;   20;-;   20;-;    3;-;   97;-;  149;-;  118;-;   10;-
4607;5027;05;A;  52;100906; 1;w;14; 3038;-; 3342;-;  254;-;  251;-; 2750;-; 2511;-;  211;-;   28;-;   17;-;    6;-;   95;-;  153;-;  124;-;   17;-; 3062;-; 2817;-;  223;-;   22;-;   21;-;    4;-;   92;-;  155;-;  120;-;    8;-
4607;5027;05;A;  52;100906; 1;w;15; 2766;-; 3728;-;  263;-;  263;-; 2472;-; 2267;-;  186;-;   19;-;   16;-;    0;-;   99;-;  164;-;  122;-;   15;-; 3428;-; 3175;-;  233;-;   20;-;   27;-;    6;-;   90;-;  167;-;  131;-;   10;-
4607;5027;05;A;  52;100906; 1;w;16; 2871;-; 4572;-;  201;-;  237;-; 2640;-; 2415;-;  204;-;   21;-;   10;-;    4;-;   72;-;  125;-;   98;-;   20;-; 4311;-; 4033;-;  251;-;   27;-;   12;-;    3;-;  100;-;  134;-;  103;-;   12;-
4607;5027;05;A;  52;100906; 1;w;17; 3172;-; 5373;-;  158;-;  210;-; 2988;-; 2799;-;  175;-;   14;-;   15;-;   12;-;   49;-;   97;-;   69;-;   11;-; 5114;-; 4820;-;  265;-;   29;-;   38;-;    4;-;   77;-;  129;-;   90;-;   11;-
4607;5027;05;A;  52;100906; 1;w;18; 3467;-; 5550;-;  151;-;  128;-; 3290;-; 3133;-;  146;-;   11;-;   13;-;    3;-;   46;-;  102;-;   82;-;   13;-; 5385;-; 5140;-;  211;-;   34;-;   13;-;   11;-;   44;-;   73;-;   55;-;   24;-
4607;5027;05;A;  52;100906; 1;w;19; 3067;-; 4821;-;  105;-;  109;-; 2937;-; 2788;-;  134;-;   15;-;    4;-;    2;-;   29;-;   74;-;   59;-;   21;-; 4685;-; 4456;-;  202;-;   27;-;   12;-;    1;-;   38;-;   70;-;   52;-;   15;-
4607;5027;05;A;  52;100906; 1;w;20; 2193;-; 2995;-;   69;-;   73;-; 2097;-; 1930;-;  146;-;   21;-;    6;-;    4;-;   15;-;   50;-;   37;-;   21;-; 2901;-; 2694;-;  191;-;   16;-;    6;-;    2;-;   15;-;   56;-;   42;-;   15;-
4607;5027;05;A;  52;100906; 1;w;21; 1411;-; 1984;-;   55;-;   76;-; 1338;-; 1259;-;   71;-;    8;-;    4;-;    7;-;   11;-;   37;-;   30;-;   14;-; 1890;-; 1764;-;  115;-;   11;-;    5;-;    4;-;   12;-;   60;-;   35;-;   13;-
4607;5027;05;A;  52;100906; 1;w;22; 1354;-; 1628;-;   57;-;   66;-; 1283;-; 1203;-;   69;-;   11;-;    6;-;    1;-;   11;-;   45;-;   33;-;    8;-; 1547;-; 1439;-;   92;-;   16;-;    3;-;    0;-;   13;-;   53;-;   31;-;   12;-
4607;5027;05;A;  52;100906; 1;w;23;  876;-; 1308;-;   45;-;   48;-;  823;-;  758;-;   63;-;    2;-;    2;-;    1;-;    8;-;   36;-;   30;-;    6;-; 1246;-; 1142;-;   88;-;   16;-;    6;-;    1;-;   10;-;   37;-;   25;-;    8;-
4607;5027;05;A;  52;100906; 1;w;24;  453;-;  934;-;   47;-;   51;-;  400;-;  358;-;   41;-;    1;-;    0;-;    2;-;   10;-;   35;-;   27;-;    6;-;  880;-;  822;-;   57;-;    1;-;    1;-;    2;-;    7;-;   42;-;   28;-;    2;-
4607;5027;05;A;  52;100907; 2;w;01;  220;-;  394;-;   42;-;   38;-;  176;-;  139;-;   37;-;    0;-;    1;-;    0;-;    8;-;   34;-;   24;-;    1;-;  356;-;  323;-;   32;-;    1;-;    0;-;    2;-;    8;-;   28;-;   18;-;    0;-
4607;5027;05;A;  52;100907; 2;w;02;  156;-;  181;-;   42;-;   33;-;  112;-;   95;-;   17;-;    0;-;    0;-;    1;-;   11;-;   30;-;   18;-;    2;-;  145;-;  122;-;   23;-;    0;-;    2;-;    1;-;    7;-;   25;-;   20;-;    1;-
4607;5027;05;A;  52;100907; 2;w;03;  151;-;  139;-;   46;-;   39;-;  101;-;   82;-;   19;-;    0;-;    2;-;    0;-;   10;-;   36;-;   28;-;    2;-;   99;-;   82;-;   17;-;    0;-;    1;-;    0;-;   11;-;   28;-;   18;-;    0;-
4607;5027;05;A;  52;100907; 2;w;04;  493;-;  270;-;   49;-;   65;-;  441;-;  382;-;   59;-;    0;-;    2;-;    0;-;   18;-;   31;-;   20;-;    1;-;  202;-;  170;-;   32;-;    0;-;    1;-;    3;-;   27;-;   35;-;   30;-;    2;-
4607;5027;05;A;  52;100907; 2;w;05;  968;-;  430;-;  109;-;   80;-;  855;-;  801;-;   50;-;    4;-;    1;-;    5;-;   43;-;   61;-;   43;-;    3;-;  350;-;  302;-;   47;-;    1;-;    0;-;    0;-;   35;-;   45;-;   32;-;    0;-
4607;5027;05;A;  52;100907; 2;w;06; 2706;-;  868;-;  165;-;  123;-; 2517;-; 2392;-;  117;-;    8;-;    4;-;    1;-;   61;-;  103;-;   85;-;   20;-;  740;-;  658;-;   79;-;    3;-;    2;-;    1;-;   39;-;   83;-;   52;-;    3;-
4607;5027;05;A;  52;100907; 2;w;07; 4817;-; 1901;-;  222;-;  149;-; 4536;-; 4284;-;  240;-;   12;-;   21;-;    6;-;   86;-;  130;-;  100;-;   38;-; 1735;-; 1601;-;  128;-;    6;-;    4;-;    5;-;   59;-;   85;-;   65;-;   13;-
4607;5027;05;A;  52;100907; 2;w;08; 5920;-; 3366;-;  210;-;  184;-; 5646;-; 5401;-;  234;-;   11;-;   32;-;    8;-;   90;-;  112;-;   78;-;   32;-; 3159;-; 2997;-;  157;-;    5;-;   10;-;    4;-;   86;-;   94;-;   74;-;   13;-
4607;5027;05;A;  52;100907; 2;w;09; 5602;-; 3746;-;  229;-;  256;-; 5305;-; 5093;-;  201;-;   11;-;   23;-;    4;-;  100;-;  125;-;   99;-;   45;-; 3469;-; 3301;-;  165;-;    3;-;   11;-;    3;-;  126;-;  127;-;   95;-;   10;-
4607;5027;05;A;  52;100907; 2;w;10; 4206;-; 2613;-;  294;-;  237;-; 3858;-; 3686;-;  168;-;    4;-;   10;-;    6;-;  105;-;  183;-;  140;-;   44;-; 2362;-; 2126;-;  189;-;   47;-;    6;-;    4;-;   94;-;  139;-;  105;-;    8;-
4607;5027;05;A;  52;100907; 2;w;11; 3140;-; 2408;-;  291;-;  256;-; 2812;-; 2626;-;  180;-;    6;-;   20;-;    1;-;   98;-;  192;-;  158;-;   17;-; 2130;-; 1930;-;  191;-;    9;-;   14;-;    6;-;   91;-;  159;-;  121;-;    8;-
4607;5027;05;A;  52;100907; 2;w;12; 2638;-; 2390;-;  256;-;  266;-; 2360;-; 2199;-;  158;-;    3;-;   12;-;    2;-;  100;-;  154;-;  121;-;   10;-; 2103;-; 1923;-;  180;-;    0;-;   12;-;    1;-;  117;-;  148;-;  115;-;    9;-
4607;5027;05;A;  52;100907; 2;w;13; 2858;-; 2779;-;  226;-;  257;-; 2604;-; 2425;-;  176;-;    3;-;   13;-;    2;-;   77;-;  147;-;  118;-;   15;-; 2501;-; 2263;-;  237;-;    1;-;   13;-;    2;-;   82;-;  173;-;  141;-;    8;-
4607;5027;05;A;  52;100907; 2;w;14; 2949;-; 3367;-;  207;-;  249;-; 2715;-; 2544;-;  166;-;    5;-;    9;-;    1;-;   90;-;  116;-;   84;-;   18;-; 3100;-; 2852;-;  243;-;    5;-;    7;-;    2;-;   90;-;  157;-;  120;-;   11;-
4607;5027;05;A;  52;100907; 2;w;15; 2695;-; 3834;-;  235;-;  244;-; 2430;-; 2244;-;  180;-;    6;-;   15;-;    4;-;   86;-;  145;-;  116;-;   15;-; 3561;-; 3312;-;  241;-;    8;-;   15;-;    8;-;   97;-;  139;-;  108;-;   14;-
4607;5027;05;A;  52;100907; 2;w;16; 2807;-; 4758;-;  200;-;  235;-; 2572;-; 2359;-;  207;-;    6;-;   13;-;    0;-;   79;-;  121;-;   91;-;   22;-; 4494;-; 4230;-;  258;-;    6;-;   18;-;    7;-;   93;-;  135;-;  110;-;   11;-
4607;5027;05;A;  52;100907; 2;w;17; 3230;-; 5403;-;  180;-;  184;-; 3003;-; 2819;-;  176;-;    8;-;   16;-;    3;-;   73;-;  104;-;   77;-;   31;-; 5185;-; 4926;-;  248;-;   11;-;   21;-;    7;-;   70;-;  107;-;   90;-;   13;-
4607;5027;05;A;  52;100907; 2;w;18; 3507;-; 5526;-;  111;-;  122;-; 3365;-; 3216;-;  140;-;    9;-;    8;-;    7;-;   26;-;   78;-;   56;-;   23;-; 5379;-; 5170;-;  198;-;   11;-;   10;-;    2;-;   41;-;   79;-;   63;-;   15;-
4607;5027;05;A;  52;100907; 2;w;19; 3239;-; 4805;-;  107;-;   93;-; 3098;-; 2940;-;  152;-;    6;-;    7;-;    4;-;   23;-;   80;-;   60;-;   27;-; 4689;-; 4506;-;  173;-;   10;-;    6;-;    1;-;   35;-;   57;-;   45;-;   17;-
4607;5027;05;A;  52;100907; 2;w;20; 2274;-; 3091;-;   72;-;   80;-; 2175;-; 2043;-;  123;-;    9;-;    8;-;    2;-;   18;-;   52;-;   42;-;   19;-; 2990;-; 2808;-;  174;-;    8;-;    8;-;    3;-;   16;-;   61;-;   47;-;   13;-
4607;5027;05;A;  52;100907; 2;w;21; 1455;-; 1965;-;   61;-;   62;-; 1381;-; 1295;-;   86;-;    0;-;    6;-;    5;-;   14;-;   42;-;   32;-;    7;-; 1889;-; 1766;-;  117;-;    6;-;    4;-;    6;-;   11;-;   45;-;   34;-;   10;-
4607;5027;05;A;  52;100907; 2;w;22; 1188;-; 1504;-;   43;-;   64;-; 1135;-; 1059;-;   73;-;    3;-;    4;-;    2;-;   10;-;   31;-;   23;-;    6;-; 1426;-; 1335;-;   84;-;    7;-;    5;-;    2;-;   11;-;   51;-;   36;-;    9;-
4607;5027;05;A;  52;100907; 2;w;23;  909;-; 1456;-;   48;-;   50;-;  857;-;  805;-;   51;-;    1;-;    0;-;    3;-;   11;-;   34;-;   29;-;    4;-; 1394;-; 1306;-;   84;-;    4;-;    3;-;    2;-;    9;-;   39;-;   24;-;    9;-
4607;5027;05;A;  52;100907; 2;w;24;  522;-;  906;-;   40;-;   40;-;  479;-;  433;-;   44;-;    2;-;    1;-;    2;-;   11;-;   27;-;   24;-;    2;-;  860;-;  806;-;   54;-;    0;-;    0;-;    4;-;    7;-;   29;-;   19;-;    6;-
4607;5027;05;A;  52;100908; 3;w;01;  241;-;  449;-;   29;-;   38;-;  207;-;  171;-;   36;-;    0;-;    1;-;    0;-;    5;-;   24;-;   18;-;    4;-;  410;-;  373;-;   37;-;    0;-;    0;-;    2;-;    6;-;   30;-;   26;-;    1;-
4607;5027;05;A;  52;100908; 3;w;02;  196;-;  198;-;   46;-;   34;-;  146;-;  125;-;   20;-;    1;-;    1;-;    1;-;    9;-;   36;-;   22;-;    3;-;  162;-;  137;-;   25;-;    0;-;    2;-;    0;-;    5;-;   29;-;   15;-;    0;-
4607;5027;05;A;  52;100908; 3;w;03;  167;-;  191;-;   47;-;   39;-;  119;-;  105;-;   14;-;    0;-;    0;-;    1;-;    9;-;   37;-;   26;-;    1;-;  151;-;  124;-;   26;-;    1;-;    0;-;    0;-;    7;-;   32;-;   18;-;    1;-
4607;5027;05;A;  52;100908; 3;w;04;  543;-;  296;-;   54;-;   64;-;  486;-;  422;-;   64;-;    0;-;    1;-;    1;-;   18;-;   35;-;   26;-;    2;-;  232;-;  195;-;   37;-;    0;-;    0;-;    0;-;   25;-;   39;-;   24;-;    0;-
4607;5027;05;A;  52;100908; 3;w;05;  912;-;  526;-;  107;-;   84;-;  801;-;  742;-;   55;-;    4;-;    2;-;    6;-;   34;-;   67;-;   42;-;    2;-;  440;-;  379;-;   60;-;    1;-;    0;-;    2;-;   37;-;   45;-;   32;-;    2;-
4607;5027;05;A;  52;100908; 3;w;06; 2540;-;  807;-;  184;-;  103;-; 2333;-; 2217;-;  103;-;   13;-;    2;-;    5;-;   70;-;  109;-;   88;-;   21;-;  697;-;  636;-;   55;-;    6;-;    2;-;    2;-;   29;-;   72;-;   54;-;    5;-
4607;5027;05;A;  52;100908; 3;w;07; 4855;-; 1888;-;  235;-;  155;-; 4567;-; 4304;-;  251;-;   12;-;   15;-;    2;-;  100;-;  133;-;   96;-;   38;-; 1715;-; 1588;-;  118;-;    9;-;    7;-;    5;-;   58;-;   92;-;   66;-;   11;-
4607;5027;05;A;  52;100908; 3;w;08; 5998;-; 3280;-;  244;-;  198;-; 5678;-; 5424;-;  240;-;   14;-;   25;-;   10;-;  103;-;  131;-;   97;-;   51;-; 3052;-; 2830;-;  215;-;    7;-;   10;-;   10;-;   96;-;   92;-;   73;-;   20;-
4607;5027;05;A;  52;100908; 3;w;09; 5527;-; 3727;-;  239;-;  258;-; 5251;-; 5058;-;  187;-;    6;-;   10;-;    7;-;   94;-;  138;-;  109;-;   27;-; 3435;-; 3267;-;  168;-;    0;-;   11;-;    7;-;  120;-;  131;-;   88;-;   23;-
4607;5027;05;A;  52;100908; 3;w;10; 4239;-; 2739;-;  311;-;  239;-; 3870;-; 3635;-;  224;-;   11;-;   18;-;    4;-;  118;-;  189;-;  148;-;   40;-; 2473;-; 2241;-;  229;-;    3;-;   11;-;    7;-;   89;-;  143;-;  111;-;   16;-
4607;5027;05;A;  52;100908; 3;w;11; 3051;-; 2355;-;  276;-;  230;-; 2740;-; 2532;-;  202;-;    6;-;   14;-;    3;-;  105;-;  168;-;  124;-;   21;-; 2099;-; 1873;-;  222;-;    4;-;   17;-;    6;-;   87;-;  137;-;  116;-;    9;-
4607;5027;05;A;  52;100908; 3;w;12; 2793;-; 2470;-;  285;-;  242;-; 2481;-; 2283;-;  193;-;    5;-;   12;-;    4;-;  107;-;  174;-;  136;-;   15;-; 2201;-; 1951;-;  247;-;    3;-;   15;-;    6;-;   80;-;  156;-;  115;-;   12;-
4607;5027;05;A;  52;100908; 3;w;13; 3001;-; 3037;-;  222;-;  266;-; 2745;-; 2509;-;  227;-;    9;-;   15;-;    6;-;   73;-;  143;-;  110;-;   19;-; 2744;-; 2513;-;  225;-;    6;-;   15;-;    1;-;   98;-;  167;-;  129;-;   12;-
4607;5027;05;A;  52;100908; 3;w;14; 3167;-; 3495;-;  217;-;  245;-; 2904;-; 2702;-;  189;-;   13;-;   19;-;    5;-;   85;-;  127;-;  100;-;   27;-; 3214;-; 2973;-;  235;-;    6;-;   23;-;    6;-;   99;-;  140;-;  107;-;   13;-
4607;5027;05;A;  52;100908; 3;w;15; 2896;-; 3920;-;  217;-;  248;-; 2634;-; 2435;-;  184;-;   15;-;   19;-;    3;-;   83;-;  131;-;   97;-;   26;-; 3634;-; 3351;-;  277;-;    6;-;   20;-;    4;-;   98;-;  146;-;  120;-;   18;-
4607;5027;05;A;  52;100908; 3;w;16; 3106;-; 4705;-;  218;-;  197;-; 2844;-; 2608;-;  222;-;   14;-;   21;-;    0;-;   85;-;  133;-;  100;-;   23;-; 4482;-; 4154;-;  316;-;   12;-;   15;-;    6;-;   74;-;  117;-;   91;-;   11;-
4607;5027;05;A;  52;100908; 3;w;17; 3432;-; 5448;-;  179;-;  174;-; 3216;-; 3012;-;  189;-;   15;-;   12;-;    3;-;   64;-;  112;-;   80;-;   25;-; 5240;-; 4966;-;  261;-;   13;-;   22;-;    5;-;   69;-;  100;-;   74;-;   12;-
4607;5027;05;A;  52;100908; 3;w;18; 3644;-; 5824;-;  149;-;  150;-; 3467;-; 3319;-;  133;-;   15;-;   15;-;    3;-;   39;-;  107;-;   78;-;   13;-; 5637;-; 5419;-;  203;-;   15;-;   19;-;    3;-;   40;-;  107;-;   85;-;   18;-
4607;5027;05;A;  52;100908; 3;w;19; 3396;-; 5334;-;  119;-;  106;-; 3240;-; 3092;-;  138;-;   10;-;    7;-;   10;-;   34;-;   75;-;   55;-;   30;-; 5200;-; 4982;-;  205;-;   13;-;   15;-;    3;-;   31;-;   72;-;   57;-;   13;-
4607;5027;05;A;  52;100908; 3;w;20; 2361;-; 3471;-;   73;-;   90;-; 2250;-; 2073;-;  154;-;   23;-;    7;-;    7;-;   14;-;   52;-;   41;-;   31;-; 3354;-; 3183;-;  153;-;   18;-;   10;-;    4;-;   18;-;   68;-;   49;-;   17;-
4607;5027;05;A;  52;100908; 3;w;21; 1609;-; 2094;-;   65;-;   72;-; 1512;-; 1387;-;  106;-;   19;-;    5;-;    3;-;   25;-;   37;-;   30;-;   27;-; 2005;-; 1874;-;  125;-;    6;-;    5;-;    4;-;   14;-;   54;-;   42;-;   12;-
4607;5027;05;A;  52;100908; 3;w;22; 1408;-; 1859;-;   54;-;   67;-; 1346;-; 1259;-;   82;-;    5;-;    3;-;    5;-;   12;-;   37;-;   28;-;    5;-; 1776;-; 1652;-;  122;-;    2;-;    4;-;    5;-;   12;-;   50;-;   29;-;   12;-
4607;5027;05;A;  52;100908; 3;w;23; 1082;-; 1610;-;   45;-;   51;-; 1027;-;  965;-;   61;-;    1;-;    0;-;    2;-;    9;-;   34;-;   29;-;   10;-; 1549;-; 1448;-;   94;-;    7;-;    2;-;    3;-;   11;-;   37;-;   27;-;    8;-
4607;5027;05;A;  52;100908; 3;w;24;  544;-; 1110;-;   42;-;   53;-;  498;-;  454;-;   40;-;    4;-;    1;-;    0;-;   12;-;   30;-;   25;-;    3;-; 1050;-;  974;-;   75;-;    1;-;    2;-;    2;-;    8;-;   43;-;   29;-;    5;-
4607;5027;05;A;  52;100909; 4;w;01;  289;-;  454;-;   37;-;   51;-;  249;-;  208;-;   41;-;    0;-;    0;-;    4;-;    9;-;   24;-;   16;-;    3;-;  399;-;  359;-;   40;-;    0;-;    1;-;    2;-;    8;-;   41;-;   27;-;    3;-
4607;5027;05;A;  52;100909; 4;w;02;  167;-;  243;-;   41;-;   21;-;  121;-;  101;-;   19;-;    1;-;    3;-;    1;-;   10;-;   30;-;   21;-;    2;-;  218;-;  189;-;   29;-;    0;-;    2;-;    2;-;    6;-;   13;-;   10;-;    2;-
4607;5027;05;A;  52;100909; 4;w;03;  169;-;  143;-;   50;-;   39;-;  116;-;  100;-;   16;-;    0;-;    2;-;    0;-;   14;-;   36;-;   26;-;    1;-;  103;-;   80;-;   23;-;    0;-;    0;-;    0;-;   13;-;   26;-;   19;-;    1;-
4607;5027;05;A;  52;100909; 4;w;04;  462;-;  232;-;   54;-;   54;-;  404;-;  341;-;   61;-;    2;-;    1;-;    2;-;   23;-;   29;-;   20;-;    3;-;  177;-;  129;-;   47;-;    1;-;    0;-;    0;-;   24;-;   30;-;   22;-;    1;-
4607;5027;05;A;  52;100909; 4;w;05;  969;-;  467;-;  120;-;   88;-;  838;-;  775;-;   59;-;    4;-;    5;-;    7;-;   41;-;   72;-;   47;-;    6;-;  378;-;  316;-;   60;-;    2;-;    1;-;    1;-;   43;-;   44;-;   38;-;    0;-
4607;5027;05;A;  52;100909; 4;w;06; 2471;-;  830;-;  181;-;  109;-; 2265;-; 2153;-;  100;-;   12;-;    4;-;    2;-;   70;-;  109;-;   83;-;   21;-;  713;-;  633;-;   74;-;    6;-;    2;-;    1;-;   30;-;   78;-;   53;-;    6;-
4607;5027;05;A;  52;100909; 4;w;07; 4837;-; 1888;-;  230;-;  142;-; 4553;-; 4259;-;  272;-;   22;-;   16;-;    4;-;   87;-;  139;-;  106;-;   38;-; 1724;-; 1581;-;  133;-;   10;-;   11;-;    4;-;   57;-;   81;-;   65;-;   11;-
4607;5027;05;A;  52;100909; 4;w;08; 5930;-; 3285;-;  256;-;  203;-; 5624;-; 5352;-;  251;-;   21;-;   22;-;   14;-;   96;-;  146;-;  112;-;   28;-; 3055;-; 2861;-;  186;-;    8;-;   15;-;    3;-;   97;-;  103;-;   79;-;   12;-
4607;5027;05;A;  52;100909; 4;w;09; 5564;-; 3778;-;  265;-;  245;-; 5257;-; 5072;-;  176;-;    9;-;   15;-;    8;-;   98;-;  159;-;  126;-;   27;-; 3520;-; 3334;-;  184;-;    2;-;    6;-;    6;-;  114;-;  125;-;   93;-;    7;-
4607;5027;05;A;  52;100909; 4;w;10; 4338;-; 2851;-;  267;-;  289;-; 4021;-; 3819;-;  192;-;   10;-;   18;-;   15;-;   94;-;  158;-;  127;-;   32;-; 2533;-; 2312;-;  218;-;    3;-;   20;-;   10;-;  111;-;  168;-;  123;-;    9;-
4607;5027;05;A;  52;100909; 4;w;11; 3111;-; 2362;-;  260;-;  261;-; 2797;-; 2558;-;  226;-;   13;-;   19;-;    0;-;  101;-;  159;-;  126;-;   35;-; 2078;-; 1886;-;  190;-;    2;-;   10;-;    9;-;   91;-;  161;-;  125;-;   13;-
4607;5027;05;A;  52;100909; 4;w;12; 2725;-; 2607;-;  259;-;  278;-; 2434;-; 2226;-;  204;-;    4;-;   17;-;    4;-;  104;-;  151;-;  126;-;   15;-; 2300;-; 2075;-;  222;-;    3;-;   17;-;    5;-;   95;-;  178;-;  138;-;   12;-
4607;5027;05;A;  52;100909; 4;w;13; 2822;-; 2971;-;  237;-;  240;-; 2540;-; 2354;-;  176;-;   10;-;   20;-;    5;-;   84;-;  148;-;  110;-;   25;-; 2696;-; 2474;-;  218;-;    4;-;   18;-;    4;-;   99;-;  137;-;  104;-;   17;-
4607;5027;05;A;  52;100909; 4;w;14; 3102;-; 3455;-;  227;-;  262;-; 2832;-; 2606;-;  217;-;    9;-;   20;-;    3;-;   80;-;  144;-;  103;-;   23;-; 3166;-; 2940;-;  219;-;    7;-;   12;-;    6;-;  111;-;  145;-;  115;-;   15;-
4607;5027;05;A;  52;100909; 4;w;15; 2931;-; 3925;-;  239;-;  263;-; 2648;-; 2430;-;  211;-;    7;-;   25;-;    3;-;  104;-;  132;-;   98;-;   19;-; 3624;-; 3356;-;  255;-;   13;-;   24;-;    9;-;  105;-;  149;-;  108;-;   14;-
4607;5027;05;A;  52;100909; 4;w;16; 3224;-; 4871;-;  213;-;  243;-; 2963;-; 2766;-;  188;-;    9;-;   21;-;    8;-;   84;-;  121;-;   90;-;   27;-; 4595;-; 4305;-;  280;-;   10;-;   19;-;    4;-;   93;-;  146;-;  108;-;   14;-
4607;5027;05;A;  52;100909; 4;w;17; 3567;-; 5510;-;  186;-;  204;-; 3330;-; 3122;-;  199;-;    9;-;   21;-;    2;-;   65;-;  119;-;   97;-;   30;-; 5271;-; 4978;-;  282;-;   11;-;   18;-;    6;-;   76;-;  122;-;   86;-;   17;-
4607;5027;05;A;  52;100909; 4;w;18; 3802;-; 5730;-;  127;-;  138;-; 3634;-; 3473;-;  155;-;    6;-;   14;-;    1;-;   50;-;   76;-;   55;-;   27;-; 5562;-; 5334;-;  217;-;   11;-;   13;-;    3;-;   41;-;   94;-;   73;-;   17;-
4607;5027;05;A;  52;100909; 4;w;19; 3321;-; 5313;-;  104;-;  119;-; 3183;-; 3044;-;  135;-;    4;-;    5;-;    4;-;   27;-;   73;-;   51;-;   29;-; 5157;-; 4970;-;  175;-;   12;-;   19;-;   10;-;   44;-;   65;-;   51;-;   18;-
4607;5027;05;A;  52;100909; 4;w;20; 2426;-; 3419;-;   77;-;  102;-; 2317;-; 2165;-;  145;-;    7;-;    2;-;    3;-;   16;-;   58;-;   42;-;   30;-; 3287;-; 3109;-;  167;-;   11;-;    9;-;    5;-;   39;-;   58;-;   46;-;   21;-
4607;5027;05;A;  52;100909; 4;w;21; 1647;-; 2468;-;   71;-;   90;-; 1561;-; 1451;-;  100;-;   10;-;    2;-;    5;-;   20;-;   46;-;   34;-;   13;-; 2371;-; 2223;-;  137;-;   11;-;    2;-;    9;-;   23;-;   58;-;   37;-;    5;-
4607;5027;05;A;  52;100909; 4;w;22; 1418;-; 1838;-;   53;-;   67;-; 1355;-; 1270;-;   79;-;    6;-;    1;-;    3;-;   11;-;   39;-;   31;-;    9;-; 1755;-; 1634;-;  110;-;   11;-;    5;-;    5;-;   25;-;   37;-;   24;-;   11;-
4607;5027;05;A;  52;100909; 4;w;23; 1037;-; 1675;-;   53;-;   57;-;  975;-;  910;-;   63;-;    2;-;    2;-;    4;-;   17;-;   32;-;   24;-;    7;-; 1610;-; 1495;-;  111;-;    4;-;    1;-;    2;-;   13;-;   42;-;   30;-;    7;-
4607;5027;05;A;  52;100909; 4;w;24;  570;-; 1224;-;   44;-;   47;-;  519;-;  457;-;   58;-;    4;-;    2;-;    0;-;    9;-;   35;-;   30;-;    5;-; 1169;-; 1096;-;   72;-;    1;-;    1;-;    2;-;   10;-;   35;-;   23;-;    7;-
4607;5027;05;A;  52;100910; 5;w;01;  312;-;  418;-;   43;-;   41;-;  265;-;  230;-;   35;-;    0;-;    0;-;    0;-;    6;-;   37;-;   23;-;    4;-;  374;-;  344;-;   29;-;    1;-;    1;-;    3;-;    4;-;   34;-;   25;-;    2;-
4607;5027;05;A;  52;100910; 5;w;02;  169;-;  222;-;   35;-;   38;-;  132;-;  112;-;   19;-;    1;-;    1;-;    2;-;   11;-;   22;-;   15;-;    1;-;  182;-;  155;-;   27;-;    0;-;    1;-;    1;-;    8;-;   29;-;   21;-;    1;-
4607;5027;05;A;  52;100910; 5;w;03;  187;-;  159;-;   63;-;   41;-;  120;-;   96;-;   23;-;    1;-;    2;-;    1;-;   16;-;   46;-;   31;-;    2;-;  118;-;   99;-;   19;-;    0;-;    0;-;    1;-;    8;-;   32;-;   24;-;    0;-
4607;5027;05;A;  52;100910; 5;w;04;  519;-;  250;-;   69;-;   55;-;  442;-;  391;-;   50;-;    1;-;    3;-;    1;-;   21;-;   47;-;   33;-;    5;-;  188;-;  140;-;   48;-;    0;-;    4;-;    1;-;   19;-;   35;-;   24;-;    3;-
4607;5027;05;A;  52;100910; 5;w;05;  958;-;  507;-;  130;-;  109;-;  820;-;  742;-;   64;-;   14;-;    2;-;    7;-;   40;-;   83;-;   64;-;    6;-;  394;-;  336;-;   54;-;    4;-;    2;-;    1;-;   52;-;   56;-;   39;-;    2;-
4607;5027;05;A;  52;100910; 5;w;06; 2286;-;  875;-;  199;-;  137;-; 2062;-; 1937;-;  111;-;   14;-;    5;-;    4;-;   67;-;  128;-;   99;-;   20;-;  729;-;  644;-;   80;-;    5;-;    5;-;    4;-;   37;-;   96;-;   60;-;    4;-
4607;5027;05;A;  52;100910; 5;w;07; 4596;-; 1843;-;  267;-;  185;-; 4286;-; 4021;-;  255;-;   10;-;   18;-;    8;-;  119;-;  140;-;  104;-;   25;-; 1643;-; 1509;-;  126;-;    8;-;    8;-;    4;-;   62;-;  119;-;   89;-;    7;-
4607;5027;05;A;  52;100910; 5;w;08; 5935;-; 3352;-;  248;-;  218;-; 5637;-; 5364;-;  256;-;   17;-;   21;-;   16;-;   95;-;  137;-;   91;-;   29;-; 3110;-; 2888;-;  211;-;   11;-;    9;-;    9;-;   88;-;  121;-;   82;-;   15;-
4607;5027;05;A;  52;100910; 5;w;09; 5327;-; 3431;-;  228;-;  264;-; 5044;-; 4805;-;  223;-;   16;-;   20;-;    5;-;   90;-;  133;-;  101;-;   35;-; 3150;-; 2901;-;  240;-;    9;-;    8;-;    6;-;  115;-;  143;-;  108;-;    9;-
4607;5027;05;A;  52;100910; 5;w;10; 3873;-; 2402;-;  285;-;  252;-; 3549;-; 3336;-;  198;-;   15;-;   18;-;    8;-;  113;-;  164;-;  126;-;   21;-; 2119;-; 1894;-;  221;-;    4;-;   19;-;    7;-;  108;-;  137;-;  105;-;   12;-
4607;5027;05;A;  52;100910; 5;w;11; 3048;-; 2475;-;  279;-;  274;-; 2732;-; 2520;-;  203;-;    9;-;   21;-;    6;-;  117;-;  156;-;  122;-;   16;-; 2171;-; 1913;-;  248;-;   10;-;   14;-;    7;-;   98;-;  169;-;  136;-;   16;-
4607;5027;05;A;  52;100910; 5;w;12; 2756;-; 2725;-;  237;-;  290;-; 2486;-; 2277;-;  200;-;    9;-;   12;-;    4;-;  102;-;  131;-;  113;-;   21;-; 2415;-; 2151;-;  250;-;   14;-;   11;-;    7;-;  113;-;  170;-;  126;-;    9;-
4607;5027;05;A;  52;100910; 5;w;13; 3132;-; 3684;-;  229;-;  262;-; 2863;-; 2652;-;  199;-;   12;-;   17;-;    6;-;   86;-;  137;-;  106;-;   23;-; 3384;-; 3113;-;  260;-;   11;-;   23;-;    9;-;  102;-;  151;-;  113;-;   15;-
4607;5027;05;A;  52;100910; 5;w;14; 3475;-; 4407;-;  234;-;  209;-; 3204;-; 2999;-;  191;-;   14;-;   14;-;   11;-;   80;-;  143;-;  109;-;   23;-; 4165;-; 3867;-;  284;-;   14;-;   14;-;    4;-;   88;-;  117;-;   90;-;   19;-
4607;5027;05;A;  52;100910; 5;w;15; 3482;-; 5015;-;  251;-;  244;-; 3189;-; 2955;-;  220;-;   14;-;   20;-;    4;-;   89;-;  158;-;  118;-;   22;-; 4726;-; 4460;-;  250;-;   16;-;   28;-;    9;-;   92;-;  143;-;  105;-;   17;-
4607;5027;05;A;  52;100910; 5;w;16; 3597;-; 5282;-;  218;-;  226;-; 3333;-; 3125;-;  193;-;   15;-;   23;-;    9;-;   74;-;  135;-;  101;-;   23;-; 5018;-; 4742;-;  256;-;   20;-;   22;-;   15;-;   77;-;  134;-;  109;-;   16;-
4607;5027;05;A;  52;100910; 5;w;17; 3357;-; 5224;-;  149;-;  197;-; 3168;-; 2983;-;  170;-;   15;-;   18;-;    7;-;   51;-;   91;-;   70;-;   22;-; 4991;-; 4754;-;  217;-;   20;-;   20;-;    9;-;   69;-;  119;-;   94;-;   16;-
4607;5027;05;A;  52;100910; 5;w;18; 3452;-; 4929;-;  138;-;  159;-; 3276;-; 3140;-;  124;-;   12;-;   11;-;   11;-;   45;-;   82;-;   55;-;   27;-; 4738;-; 4585;-;  148;-;    5;-;   25;-;    8;-;   57;-;   94;-;   75;-;    7;-
4607;5027;05;A;  52;100910; 5;w;19; 3149;-; 4469;-;  100;-;  104;-; 3000;-; 2863;-;  126;-;   11;-;   13;-;    7;-;   33;-;   60;-;   46;-;   36;-; 4334;-; 4118;-;  201;-;   15;-;   14;-;   12;-;   27;-;   65;-;   42;-;   17;-
4607;5027;05;A;  52;100910; 5;w;20; 2593;-; 3578;-;   77;-;  103;-; 2488;-; 2379;-;  101;-;    8;-;    6;-;    5;-;   22;-;   50;-;   40;-;   22;-; 3442;-; 3271;-;  159;-;   12;-;   15;-;    6;-;   36;-;   61;-;   49;-;   18;-
4607;5027;05;A;  52;100910; 5;w;21; 1742;-; 2379;-;   51;-;   87;-; 1663;-; 1570;-;   90;-;    3;-;   10;-;    5;-;   12;-;   34;-;   23;-;   18;-; 2280;-; 2138;-;  134;-;    8;-;    5;-;    9;-;   18;-;   60;-;   39;-;    7;-
4607;5027;05;A;  52;100910; 5;w;22; 1414;-; 1753;-;   49;-;   64;-; 1356;-; 1277;-;   74;-;    5;-;    4;-;    7;-;   18;-;   24;-;   17;-;    5;-; 1674;-; 1576;-;   91;-;    7;-;    5;-;    5;-;   11;-;   48;-;   30;-;   10;-
4607;5027;05;A;  52;100910; 5;w;23; 1206;-; 1649;-;   41;-;   50;-; 1155;-; 1087;-;   64;-;    4;-;    3;-;    5;-;   10;-;   26;-;   23;-;    7;-; 1583;-; 1490;-;   89;-;    4;-;    6;-;    4;-;   13;-;   33;-;   25;-;   10;-
4607;5027;05;A;  52;100910; 5;w;24;  830;-; 1586;-;   36;-;   39;-;  785;-;  725;-;   55;-;    5;-;    1;-;    6;-;   10;-;   20;-;   16;-;    8;-; 1538;-; 1448;-;   89;-;    1;-;    2;-;    5;-;    3;-;   31;-;   24;-;    7;-
4607;5027;05;A;  52;100911; 6;w;01;  580;-;  861;-;   26;-;   35;-;  548;-;  512;-;   36;-;    0;-;    1;-;    4;-;    5;-;   17;-;   11;-;    5;-;  821;-;  770;-;   48;-;    3;-;    1;-;    3;-;    7;-;   25;-;   19;-;    4;-
4607;5027;05;A;  52;100911; 6;w;02;  380;-;  409;-;   28;-;   24;-;  348;-;  320;-;   28;-;    0;-;    2;-;    1;-;    8;-;   19;-;    9;-;    2;-;  380;-;  350;-;   30;-;    0;-;    1;-;    1;-;    3;-;   20;-;   10;-;    4;-
4607;5027;05;A;  52;100911; 6;w;03;  285;-;  279;-;   35;-;   22;-;  246;-;  222;-;   24;-;    0;-;    2;-;    1;-;    8;-;   26;-;   17;-;    2;-;  256;-;  217;-;   39;-;    0;-;    1;-;    0;-;    8;-;   14;-;   10;-;    0;-
4607;5027;05;A;  52;100911; 6;w;04;  571;-;  345;-;   35;-;   33;-;  527;-;  479;-;   47;-;    1;-;    2;-;    1;-;   14;-;   20;-;   13;-;    7;-;  309;-;  268;-;   41;-;    0;-;    2;-;    1;-;   12;-;   20;-;   12;-;    1;-
4607;5027;05;A;  52;100911; 6;w;05;  698;-;  589;-;   48;-;   41;-;  645;-;  585;-;   54;-;    6;-;    2;-;    2;-;   18;-;   28;-;   19;-;    3;-;  543;-;  481;-;   61;-;    1;-;    4;-;    1;-;   27;-;   13;-;    9;-;    1;-
4607;5027;05;A;  52;100911; 6;w;06; 1032;-;  609;-;   64;-;   28;-;  953;-;  877;-;   72;-;    4;-;   10;-;    4;-;   29;-;   31;-;   24;-;    5;-;  574;-;  503;-;   69;-;    2;-;    5;-;    1;-;   18;-;    9;-;    7;-;    2;-
4607;5027;05;A;  52;100911; 6;w;07; 1108;-;  801;-;   71;-;   30;-; 1021;-;  897;-;  121;-;    3;-;    6;-;    4;-;   44;-;   23;-;   19;-;   10;-;  763;-;  677;-;   85;-;    1;-;    5;-;    1;-;   10;-;   19;-;   13;-;    3;-
4607;5027;05;A;  52;100911; 6;w;08; 1291;-; 1063;-;   69;-;   61;-; 1199;-; 1050;-;  145;-;    4;-;   15;-;    8;-;   33;-;   28;-;   20;-;    8;-;  985;-;  863;-;  119;-;    3;-;   14;-;    6;-;   31;-;   24;-;   20;-;    3;-
4607;5027;05;A;  52;100911; 6;w;09; 1952;-; 1512;-;   66;-;   78;-; 1860;-; 1685;-;  161;-;   14;-;   11;-;   10;-;   36;-;   20;-;   16;-;   15;-; 1416;-; 1299;-;  105;-;   12;-;    7;-;    8;-;   46;-;   24;-;   20;-;   11;-
4607;5027;05;A;  52;100911; 6;w;10; 2444;-; 1956;-;   78;-;   63;-; 2326;-; 2154;-;  158;-;   14;-;   20;-;    5;-;   50;-;   23;-;   20;-;   20;-; 1873;-; 1733;-;  127;-;   13;-;   13;-;    9;-;   35;-;   19;-;   16;-;    7;-
4607;5027;05;A;  52;100911; 6;w;11; 2809;-; 2353;-;   60;-;   39;-; 2708;-; 2541;-;  148;-;   19;-;   20;-;    4;-;   35;-;   21;-;   18;-;   21;-; 2291;-; 2130;-;  138;-;   23;-;   16;-;    0;-;   26;-;   13;-;   10;-;    7;-
4607;5027;05;A;  52;100911; 6;w;12; 2846;-; 2748;-;   46;-;   52;-; 2769;-; 2609;-;  141;-;   19;-;   15;-;    2;-;   24;-;   20;-;   16;-;   16;-; 2662;-; 2473;-;  169;-;   20;-;   22;-;    5;-;   27;-;   20;-;   14;-;   12;-
4607;5027;05;A;  52;100911; 6;w;13; 3077;-; 3024;-;   42;-;   54;-; 2994;-; 2836;-;  137;-;   21;-;   17;-;    5;-;   20;-;   17;-;   16;-;   24;-; 2938;-; 2719;-;  192;-;   27;-;   20;-;    5;-;   32;-;   17;-;   11;-;   12;-
4607;5027;05;A;  52;100911; 6;w;14; 3363;-; 3393;-;   40;-;   43;-; 3275;-; 3080;-;  167;-;   28;-;   21;-;    5;-;   21;-;   14;-;   14;-;   27;-; 3324;-; 3144;-;  165;-;   15;-;   15;-;    4;-;   26;-;   13;-;   11;-;   11;-
4607;5027;05;A;  52;100911; 6;w;15; 2990;-; 3340;-;   37;-;   47;-; 2921;-; 2753;-;  140;-;   28;-;   20;-;    3;-;   19;-;   15;-;   15;-;   12;-; 3264;-; 3075;-;  171;-;   18;-;   22;-;    5;-;   28;-;   14;-;    9;-;    7;-
4607;5027;05;A;  52;100911; 6;w;16; 2589;-; 3218;-;   35;-;   42;-; 2516;-; 2339;-;  150;-;   27;-;   15;-;    5;-;   21;-;    9;-;    7;-;   23;-; 3143;-; 2933;-;  190;-;   20;-;   19;-;    4;-;   24;-;   14;-;   10;-;   14;-
4607;5027;05;A;  52;100911; 6;w;17; 2400;-; 2735;-;   41;-;   36;-; 2320;-; 2174;-;  125;-;   21;-;   18;-;    4;-;   23;-;   14;-;   11;-;   21;-; 2680;-; 2470;-;  186;-;   24;-;    7;-;    4;-;   20;-;   12;-;    8;-;   12;-
4607;5027;05;A;  52;100911; 6;w;18; 2488;-; 2847;-;   28;-;   37;-; 2421;-; 2269;-;  124;-;   28;-;   10;-;    4;-;   20;-;    4;-;    2;-;   29;-; 2782;-; 2604;-;  150;-;   28;-;   15;-;    3;-;   22;-;   12;-;   11;-;   13;-
4607;5027;05;A;  52;100911; 6;w;19; 2293;-; 3098;-;   20;-;   35;-; 2247;-; 2111;-;  114;-;   22;-;    6;-;    7;-;    7;-;    6;-;    6;-;   20;-; 3034;-; 2861;-;  141;-;   32;-;   14;-;   15;-;   15;-;    5;-;    5;-;   15;-
4607;5027;05;A;  52;100911; 6;w;20; 2115;-; 2284;-;   25;-;   23;-; 2064;-; 1925;-;  106;-;   33;-;    9;-;    6;-;   13;-;    6;-;    4;-;   17;-; 2246;-; 2083;-;  144;-;   19;-;    6;-;    6;-;   13;-;    4;-;    4;-;    9;-
4607;5027;05;A;  52;100911; 6;w;21; 1634;-; 1889;-;   16;-;   25;-; 1595;-; 1501;-;   80;-;   14;-;    6;-;    4;-;    8;-;    4;-;    2;-;   17;-; 1843;-; 1716;-;  108;-;   19;-;   11;-;    3;-;   15;-;    7;-;    6;-;   10;-
4607;5027;05;A;  52;100911; 6;w;22; 1320;-; 1348;-;   15;-;   17;-; 1296;-; 1217;-;   73;-;    6;-;    3;-;    2;-;   11;-;    2;-;    2;-;    6;-; 1325;-; 1245;-;   73;-;    7;-;    2;-;    7;-;    9;-;    1;-;    1;-;    4;-
4607;5027;05;A;  52;100911; 6;w;23; 1337;-; 1349;-;   10;-;    9;-; 1313;-; 1249;-;   59;-;    5;-;    2;-;    3;-;    5;-;    2;-;    1;-;   12;-; 1326;-; 1249;-;   70;-;    7;-;    4;-;    4;-;    4;-;    1;-;    0;-;   10;-
4607;5027;05;A;  52;100911; 6;w;24; 1066;-; 1410;-;    7;-;    8;-; 1045;-;  988;-;   48;-;    9;-;    4;-;    1;-;    4;-;    2;-;    2;-;   10;-; 1395;-; 1315;-;   69;-;   11;-;    1;-;    2;-;    6;-;    0;-;    0;-;    6;-
4607;5027;05;A;  52;100912; 7;s;01;  839;-;  998;-;   10;-;    8;-;  820;-;  770;-;   45;-;    5;-;    0;-;    0;-;    8;-;    2;-;    2;-;    9;-;  982;-;  931;-;   45;-;    6;-;    0;-;    1;-;    7;-;    0;-;    0;-;    8;-
4607;5027;05;A;  52;100912; 7;s;02;  628;-;  579;-;    5;-;    5;-;  618;-;  582;-;   33;-;    3;-;    3;-;    1;-;    2;-;    2;-;    1;-;    2;-;  571;-;  536;-;   34;-;    1;-;    0;-;    1;-;    4;-;    0;-;    0;-;    3;-
4607;5027;05;A;  52;100912; 7;s;03;  364;-;  349;-;    5;-;    4;-;  354;-;  324;-;   30;-;    0;-;    2;-;    2;-;    2;-;    1;-;    1;-;    3;-;  344;-;  316;-;   28;-;    0;-;    0;-;    2;-;    2;-;    0;-;    0;-;    1;-
4607;5027;05;A;  52;100912; 7;s;04;  729;-;  434;-;    8;-;    6;-;  713;-;  651;-;   61;-;    1;-;    6;-;    0;-;    6;-;    2;-;    0;-;    2;-;  426;-;  380;-;   44;-;    2;-;    1;-;    3;-;    1;-;    2;-;    2;-;    1;-
4607;5027;05;A;  52;100912; 7;s;05;  740;-;  650;-;   10;-;   10;-;  721;-;  669;-;   46;-;    6;-;    4;-;    2;-;    5;-;    3;-;    2;-;    5;-;  636;-;  570;-;   62;-;    4;-;    2;-;    2;-;    6;-;    2;-;    2;-;    2;-
4607;5027;05;A;  52;100912; 7;s;06;  864;-;  544;-;   14;-;   12;-;  836;-;  776;-;   56;-;    4;-;   13;-;    2;-;    6;-;    6;-;    4;-;    1;-;  523;-;  481;-;   41;-;    1;-;    6;-;    0;-;   10;-;    2;-;    2;-;    3;-
4607;5027;05;A;  52;100912; 7;s;07;  745;-;  598;-;   11;-;   14;-;  721;-;  667;-;   53;-;    1;-;    8;-;    1;-;    6;-;    4;-;    3;-;    5;-;  579;-;  525;-;   50;-;    4;-;    4;-;    6;-;    5;-;    3;-;    3;-;    1;-
4607;5027;05;A;  52;100912; 7;s;08;  985;-;  628;-;    9;-;   17;-;  962;-;  860;-;   99;-;    3;-;    7;-;    4;-;    4;-;    1;-;    1;-;    7;-;  601;-;  543;-;   55;-;    3;-;    7;-;    5;-;   10;-;    2;-;    2;-;    3;-
4607;5027;05;A;  52;100912; 7;s;09; 1686;-;  910;-;   19;-;   17;-; 1636;-; 1496;-;  135;-;    5;-;   11;-;    3;-;   12;-;    4;-;    3;-;   20;-;  885;-;  809;-;   70;-;    6;-;    5;-;    4;-;   11;-;    2;-;    2;-;    3;-
4607;5027;05;A;  52;100912; 7;s;10; 2538;-; 1532;-;   15;-;   20;-; 2497;-; 2366;-;  124;-;    7;-;    8;-;    5;-;    3;-;    7;-;    4;-;   18;-; 1497;-; 1370;-;  105;-;   22;-;    8;-;    2;-;   16;-;    2;-;    1;-;    7;-
4607;5027;05;A;  52;100912; 7;s;11; 2687;-; 1922;-;   15;-;   34;-; 2657;-; 2515;-;  132;-;   10;-;    2;-;    6;-;    7;-;    2;-;    2;-;   13;-; 1869;-; 1711;-;  133;-;   25;-;    7;-;   10;-;   10;-;   14;-;   13;-;   12;-
4607;5027;05;A;  52;100912; 7;s;12; 2756;-; 2244;-;   16;-;   19;-; 2714;-; 2547;-;  141;-;   26;-;    5;-;    2;-;    8;-;    6;-;    6;-;   21;-; 2211;-; 2055;-;  117;-;   39;-;    5;-;    3;-;   13;-;    3;-;    3;-;    9;-
4607;5027;05;A;  52;100912; 7;s;13; 2697;-; 2686;-;   22;-;   23;-; 2652;-; 2536;-;   93;-;   23;-;   13;-;    4;-;   15;-;    3;-;    3;-;   10;-; 2639;-; 2512;-;  113;-;   14;-;   13;-;    5;-;   15;-;    3;-;    2;-;   11;-
4607;5027;05;A;  52;100912; 7;s;14; 2755;-; 2762;-;   21;-;   16;-; 2708;-; 2591;-;   93;-;   24;-;   12;-;    3;-;   11;-;    7;-;    5;-;   14;-; 2721;-; 2581;-;  132;-;    8;-;   15;-;    4;-;   11;-;    1;-;    0;-;   10;-
4607;5027;05;A;  52;100912; 7;s;15; 2535;-; 2969;-;   16;-;   25;-; 2485;-; 2374;-;   95;-;   16;-;   17;-;    3;-;    7;-;    6;-;    6;-;   17;-; 2919;-; 2807;-;   97;-;   15;-;   15;-;    4;-;   10;-;   11;-;    8;-;   10;-
4607;5027;05;A;  52;100912; 7;s;16; 2343;-; 2753;-;   35;-;   18;-; 2280;-; 2184;-;   87;-;    9;-;    9;-;    4;-;   25;-;    6;-;    5;-;   19;-; 2710;-; 2587;-;  113;-;   10;-;   17;-;    5;-;    7;-;    6;-;    4;-;    8;-
4607;5027;05;A;  52;100912; 7;s;17; 2387;-; 2905;-;   35;-;   22;-; 2315;-; 2193;-;  109;-;   13;-;   16;-;    6;-;   21;-;    8;-;    8;-;   21;-; 2860;-; 2725;-;  122;-;   13;-;   18;-;    4;-;   13;-;    5;-;    4;-;    5;-
4607;5027;05;A;  52;100912; 7;s;18; 2563;-; 2849;-;   29;-;   20;-; 2503;-; 2384;-;  112;-;    7;-;    8;-;    5;-;   15;-;    9;-;    8;-;   23;-; 2799;-; 2668;-;  119;-;   12;-;   19;-;    2;-;   16;-;    2;-;    2;-;   11;-
4607;5027;05;A;  52;100912; 7;s;19; 2422;-; 2887;-;   28;-;   25;-; 2356;-; 2242;-;   95;-;   19;-;   19;-;    6;-;   11;-;   11;-;    8;-;   19;-; 2839;-; 2700;-;  135;-;    4;-;   19;-;   10;-;    8;-;    7;-;    7;-;    4;-
4607;5027;05;A;  52;100912; 7;s;20; 2195;-; 1994;-;   33;-;   33;-; 2141;-; 2047;-;   89;-;    5;-;    6;-;    4;-;   24;-;    5;-;    5;-;   15;-; 1939;-; 1829;-;  104;-;    6;-;   14;-;   10;-;   13;-;   10;-;    9;-;    8;-
4607;5027;05;A;  52;100912; 7;s;21; 1827;-; 1453;-;   31;-;   26;-; 1779;-; 1699;-;   68;-;   12;-;    3;-;    4;-;    9;-;   18;-;   15;-;   14;-; 1414;-; 1333;-;   77;-;    4;-;    8;-;   10;-;   10;-;    6;-;    5;-;    5;-
4607;5027;05;A;  52;100912; 7;s;22; 1492;-; 1160;-;   35;-;   30;-; 1438;-; 1374;-;   63;-;    1;-;    5;-;    5;-;   18;-;   12;-;   11;-;   14;-; 1123;-; 1062;-;   57;-;    4;-;    2;-;    5;-;   15;-;   10;-;    8;-;    5;-
4607;5027;05;A;  52;100912; 7;s;23; 1065;-; 1077;-;   35;-;   36;-; 1020;-;  938;-;   81;-;    1;-;    6;-;    3;-;   10;-;   22;-;   20;-;    4;-; 1035;-;  959;-;   72;-;    4;-;    4;-;    5;-;   11;-;   20;-;   19;-;    2;-
4607;5027;05;A;  52;100912; 7;s;24;  554;-;  970;-;   24;-;   38;-;  525;-;  470;-;   51;-;    4;-;    1;-;    0;-;    8;-;   16;-;   14;-;    4;-;  924;-;  851;-;   72;-;    1;-;    2;-;    2;-;   11;-;   25;-;   19;-;    6;-
4607;5027;05;A;  52;100913; 1;w;01;  281;-;  420;-;   29;-;   20;-;  246;-;  217;-;   28;-;    1;-;    4;-;    0;-;   13;-;   16;-;   10;-;    2;-;  397;-;  366;-;   31;-;    0;-;    1;-;    2;-;    3;-;   15;-;   14;-;    2;-
4607;5027;05;A;  52;100913; 1;w;02;  168;-;  159;-;   32;-;   26;-;  135;-;  122;-;   12;-;    1;-;    0;-;    3;-;    6;-;   23;-;   18;-;    1;-;  131;-;  110;-;   20;-;    1;-;    0;-;    0;-;    6;-;   20;-;   15;-;    2;-
4607;5027;05;A;  52;100913; 1;w;03;  182;-;  112;-;   42;-;   21;-;  138;-;  119;-;   19;-;    0;-;    0;-;    0;-;    9;-;   33;-;   27;-;    2;-;   89;-;   75;-;   14;-;    0;-;    1;-;    0;-;    5;-;   16;-;    8;-;    1;-
4607;5027;05;A;  52;100913; 1;w;04;  558;-;  246;-;   52;-;   38;-;  500;-;  452;-;   47;-;    1;-;    2;-;    0;-;   21;-;   31;-;   25;-;    4;-;  207;-;  175;-;   32;-;    0;-;    0;-;    1;-;   14;-;   23;-;   22;-;    1;-
4607;5027;05;A;  52;100913; 1;w;05; 1008;-;  477;-;  106;-;   73;-;  890;-;  839;-;   49;-;    2;-;    2;-;    4;-;   37;-;   65;-;   52;-;   10;-;  402;-;  351;-;   51;-;    0;-;    0;-;    1;-;   32;-;   40;-;   32;-;    2;-
4607;5027;05;A;  52;100913; 1;w;06; 2771;-;  931;-;  183;-;  113;-; 2561;-; 2438;-;  114;-;    9;-;    4;-;    3;-;   61;-;  119;-;   99;-;   23;-;  811;-;  734;-;   71;-;    6;-;    3;-;    6;-;   31;-;   76;-;   62;-;    4;-
4607;5027;05;A;  52;100913; 1;w;07; 4953;-; 2048;-;  227;-;  152;-; 4666;-; 4422;-;  221;-;   23;-;   21;-;    3;-;   82;-;  142;-;  114;-;   39;-; 1873;-; 1739;-;  126;-;    8;-;    7;-;    2;-;   53;-;   97;-;   80;-;   16;-
4607;5027;05;A;  52;100913; 1;w;08; 6213;-; 3590;-;  242;-;  178;-; 5922;-; 5626;-;  274;-;   22;-;   17;-;   14;-;   92;-;  136;-;  108;-;   32;-; 3387;-; 3188;-;  194;-;    5;-;   10;-;    6;-;   88;-;   84;-;   67;-;   15;-
4607;5027;05;A;  52;100913; 1;w;09; 5822;-; 3887;-;  254;-;  246;-; 5499;-; 5282;-;  197;-;   20;-;   17;-;    8;-;  103;-;  143;-;  112;-;   52;-; 3610;-; 3394;-;  208;-;    8;-;   14;-;   12;-;  112;-;  122;-;   89;-;   17;-
4607;5027;05;A;  52;100913; 1;w;10; 4469;-; 2698;-;  239;-;  260;-; 4197;-; 3972;-;  221;-;    4;-;   13;-;   10;-;   80;-;  149;-;  112;-;   20;-; 2417;-; 2175;-;  238;-;    4;-;   11;-;   10;-;   94;-;  156;-;  121;-;   10;-
4607;5027;05;A;  52;100913; 1;w;11; 3482;-; 2485;-;  214;-;  243;-; 3229;-; 3004;-;  215;-;   10;-;   15;-;    8;-;   78;-;  128;-;  107;-;   24;-; 2212;-; 1969;-;  237;-;    6;-;   17;-;    6;-;   87;-;  150;-;  124;-;   13;-
4607;5027;05;A;  52;100913; 1;w;12; 3129;-; 2523;-;  263;-;  260;-; 2824;-; 2595;-;  220;-;    9;-;   10;-;    4;-;   90;-;  169;-;  141;-;   32;-; 2242;-; 2007;-;  230;-;    5;-;    9;-;    8;-;   94;-;  158;-;  121;-;   12;-
4607;5027;05;A;  52;100913; 1;w;13; 2999;-; 2967;-;  239;-;  254;-; 2738;-; 2505;-;  215;-;   18;-;    9;-;   10;-;   89;-;  140;-;  106;-;   13;-; 2681;-; 2466;-;  211;-;    4;-;   18;-;    6;-;   94;-;  154;-;  119;-;   14;-
4607;5027;05;A;  52;100913; 1;w;14; 3093;-; 3391;-;  226;-;  247;-; 2830;-; 2604;-;  209;-;   17;-;   11;-;    6;-;   83;-;  137;-;  108;-;   26;-; 3120;-; 2880;-;  228;-;   12;-;   14;-;    6;-;  100;-;  141;-;  109;-;   10;-
4607;5027;05;A;  52;100913; 1;w;15; 2838;-; 3893;-;  235;-;  220;-; 2570;-; 2351;-;  206;-;   13;-;   18;-;    4;-;   89;-;  142;-;  114;-;   15;-; 3643;-; 3384;-;  243;-;   16;-;   13;-;    7;-;   97;-;  116;-;   91;-;   17;-
4607;5027;05;A;  52;100913; 1;w;16; 2885;-; 4936;-;  204;-;  217;-; 2657;-; 2463;-;  184;-;   10;-;   12;-;    4;-;   90;-;  110;-;   79;-;   12;-; 4692;-; 4365;-;  311;-;   16;-;   18;-;   10;-;   92;-;  115;-;   90;-;    9;-
4607;5027;05;A;  52;100913; 1;w;17; 3282;-; 5421;-;  183;-;  174;-; 3062;-; 2862;-;  187;-;   13;-;    8;-;   11;-;   59;-;  113;-;   87;-;   29;-; 5205;-; 4909;-;  271;-;   25;-;   25;-;   14;-;   61;-;   99;-;   76;-;   17;-
4607;5027;05;A;  52;100913; 1;w;18; 3618;-; 5669;-;  146;-;  129;-; 3437;-; 3256;-;  171;-;   10;-;   13;-;    7;-;   51;-;   88;-;   66;-;   22;-; 5508;-; 5279;-;  215;-;   14;-;   13;-;    8;-;   56;-;   65;-;   52;-;   19;-
4607;5027;05;A;  52;100913; 1;w;19; 3219;-; 5279;-;  103;-;   94;-; 3078;-; 2913;-;  152;-;   13;-;    9;-;    4;-;   24;-;   75;-;   55;-;   29;-; 5160;-; 4958;-;  182;-;   20;-;   11;-;   11;-;   28;-;   55;-;   41;-;   14;-
4607;5027;05;A;  52;100913; 1;w;20; 2344;-; 3138;-;   95;-;   83;-; 2225;-; 2094;-;  120;-;   11;-;    7;-;    3;-;   27;-;   65;-;   55;-;   17;-; 3028;-; 2835;-;  182;-;   11;-;    7;-;    2;-;   22;-;   59;-;   44;-;   20;-
4607;5027;05;A;  52;100913; 1;w;21; 1627;-; 2134;-;   68;-;   69;-; 1546;-; 1437;-;  102;-;    7;-;    2;-;    4;-;   16;-;   48;-;   38;-;   11;-; 2048;-; 1911;-;  127;-;   10;-;    7;-;    6;-;   10;-;   53;-;   35;-;   10;-
4607;5027;05;A;  52;100913; 1;w;22; 1323;-; 1556;-;   51;-;   55;-; 1258;-; 1167;-;   88;-;    3;-;    4;-;    3;-;   11;-;   37;-;   25;-;   10;-; 1489;-; 1394;-;   82;-;   13;-;    6;-;    1;-;   12;-;   42;-;   31;-;    6;-
4607;5027;05;A;  52;100913; 1;w;23;  959;-; 1538;-;   54;-;   42;-;  891;-;  814;-;   71;-;    6;-;    1;-;    2;-;   16;-;   36;-;   30;-;   13;-; 1489;-; 1399;-;   77;-;   13;-;    1;-;    1;-;   12;-;   29;-;   24;-;    6;-
4607;5027;05;A;  52;100913; 1;w;24;  509;-; 1053;-;   44;-;   42;-;  461;-;  400;-;   60;-;    1;-;    2;-;    2;-;   10;-;   32;-;   28;-;    2;-; 1005;-;  927;-;   75;-;    3;-;    3;-;    4;-;    5;-;   33;-;   21;-;    3;-
4607;5027;05;A;  52;100914; 2;w;01;  268;-;  469;-;   41;-;   46;-;  225;-;  181;-;   44;-;    0;-;    1;-;    0;-;    8;-;   33;-;   26;-;    1;-;  421;-;  387;-;   34;-;    0;-;    0;-;    2;-;   10;-;   34;-;   24;-;    2;-
4607;5027;05;A;  52;100914; 2;w;02;  156;-;  255;-;   32;-;   45;-;  122;-;  109;-;   12;-;    1;-;    0;-;    2;-;   10;-;   20;-;   14;-;    2;-;  208;-;  185;-;   21;-;    2;-;    2;-;    0;-;    3;-;   42;-;   29;-;    0;-
4607;5027;05;A;  52;100914; 2;w;03;  156;-;  121;-;   51;-;   33;-;  105;-;   92;-;   13;-;    0;-;    0;-;    0;-;    7;-;   44;-;   32;-;    0;-;   88;-;   69;-;   19;-;    0;-;    0;-;    2;-;    9;-;   22;-;   17;-;    0;-
4607;5027;05;A;  52;100914; 2;w;04;  492;-;  211;-;   67;-;   53;-;  415;-;  378;-;   35;-;    2;-;    4;-;    1;-;   16;-;   50;-;   28;-;    6;-;  157;-;  128;-;   29;-;    0;-;    0;-;    0;-;   27;-;   26;-;   18;-;    1;-
4607;5027;05;A;  52;100914; 2;w;05; 1026;-;  454;-;   95;-;   92;-;  925;-;  875;-;   47;-;    3;-;    2;-;    7;-;   39;-;   49;-;   36;-;    4;-;  358;-;  307;-;   51;-;    0;-;    2;-;    1;-;   39;-;   52;-;   39;-;    2;-
4607;5027;05;A;  52;100914; 2;w;06; 2631;-;  854;-;  170;-;  105;-; 2438;-; 2330;-;   92;-;   16;-;    2;-;    4;-;   49;-;  117;-;  101;-;   21;-;  748;-;  671;-;   71;-;    6;-;    1;-;    3;-;   31;-;   71;-;   50;-;    0;-
4607;5027;05;A;  52;100914; 2;w;07; 4871;-; 1947;-;  233;-;  151;-; 4576;-; 4313;-;  249;-;   14;-;   22;-;    3;-;  103;-;  127;-;   94;-;   40;-; 1784;-; 1650;-;  127;-;    7;-;    7;-;    2;-;   55;-;   94;-;   72;-;    5;-
4607;5027;05;A;  52;100914; 2;w;08; 6100;-; 3512;-;  230;-;  197;-; 5826;-; 5572;-;  239;-;   15;-;   15;-;   13;-;  106;-;  111;-;   94;-;   29;-; 3290;-; 3103;-;  184;-;    3;-;    8;-;   10;-;   83;-;  104;-;   77;-;   17;-
4607;5027;05;A;  52;100914; 2;w;09; 5894;-; 4205;-;  239;-;  264;-; 5609;-; 5363;-;  235;-;   11;-;   14;-;    5;-;  107;-;  127;-;  102;-;   32;-; 3923;-; 3699;-;  215;-;    9;-;    5;-;   10;-;  115;-;  139;-;  102;-;   13;-
4607;5027;05;A;  52;100914; 2;w;10; 4617;-; 3088;-;  264;-;  273;-; 4311;-; 4084;-;  216;-;   11;-;   14;-;   11;-;  115;-;  138;-;  104;-;   28;-; 2793;-; 2563;-;  204;-;   26;-;   11;-;    4;-;  120;-;  149;-;  102;-;   11;-
4607;5027;05;A;  52;100914; 2;w;11; 3632;-; 2685;-;  297;-;  256;-; 3289;-; 3082;-;  199;-;    8;-;   10;-;   13;-;  101;-;  183;-;  150;-;   36;-; 2412;-; 2192;-;  215;-;    5;-;   12;-;    8;-;   92;-;  156;-;  126;-;    5;-
4607;5027;05;A;  52;100914; 2;w;12; 3047;-; 2653;-;  275;-;  271;-; 2753;-; 2573;-;  174;-;    6;-;   15;-;    8;-;  108;-;  159;-;  118;-;    4;-; 2361;-; 2101;-;  246;-;   14;-;   11;-;    5;-;  100;-;  166;-;  129;-;   10;-
4607;5027;05;A;  52;100914; 2;w;13; 3119;-; 2896;-;  249;-;  225;-; 2848;-; 2674;-;  164;-;   10;-;   12;-;    6;-;   86;-;  157;-;  124;-;   10;-; 2650;-; 2391;-;  256;-;    3;-;   13;-;    4;-;   91;-;  130;-;  102;-;    8;-
4607;5027;05;A;  52;100914; 2;w;14; 3449;-; 3411;-;  233;-;  256;-; 3197;-; 3032;-;  158;-;    7;-;   15;-;    8;-;   75;-;  150;-;  115;-;    4;-; 3124;-; 2864;-;  250;-;   10;-;   15;-;    9;-;   97;-;  150;-;  120;-;   16;-
4607;5027;05;A;  52;100914; 2;w;15; 3035;-; 4297;-;  260;-;  282;-; 2749;-; 2558;-;  181;-;   10;-;   14;-;    3;-;   98;-;  159;-;  123;-;   12;-; 3977;-; 3693;-;  270;-;   14;-;   26;-;    9;-;  115;-;  158;-;  121;-;   12;-
4607;5027;05;A;  52;100914; 2;w;16; 3105;-; 5178;-;  212;-;  243;-; 2835;-; 2636;-;  189;-;   10;-;   13;-;    6;-;   82;-;  124;-;   99;-;   45;-; 4905;-; 4620;-;  274;-;   11;-;   15;-;    9;-;   86;-;  148;-;  113;-;   15;-
4607;5027;05;A;  52;100914; 2;w;17; 3400;-; 5671;-;  187;-;  180;-; 3186;-; 2993;-;  182;-;   11;-;   11;-;    7;-;   73;-;  107;-;   83;-;   16;-; 5460;-; 5227;-;  221;-;   12;-;   19;-;   14;-;   55;-;  111;-;   93;-;   12;-
4607;5027;05;A;  52;100914; 2;w;18; 3648;-; 5907;-;  156;-;  132;-; 3454;-; 3335;-;  114;-;    5;-;   18;-;    4;-;   43;-;  109;-;   87;-;   20;-; 5740;-; 5527;-;  203;-;   10;-;   16;-;    9;-;   42;-;   81;-;   61;-;   19;-
4607;5027;05;A;  52;100914; 2;w;19; 3541;-; 5481;-;  102;-;   93;-; 3413;-; 3261;-;  148;-;    4;-;    6;-;    6;-;   23;-;   73;-;   58;-;   20;-; 5355;-; 5169;-;  177;-;    9;-;   11;-;    8;-;   25;-;   60;-;   50;-;   22;-
4607;5027;05;A;  52;100914; 2;w;20; 2413;-; 3273;-;   69;-;   88;-; 2319;-; 2174;-;  136;-;    9;-;    1;-;    2;-;   14;-;   53;-;   36;-;   24;-; 3164;-; 2992;-;  163;-;    9;-;   10;-;    2;-;   20;-;   66;-;   53;-;   11;-
4607;5027;05;A;  52;100914; 2;w;21; 1706;-; 2127;-;   69;-;   62;-; 1625;-; 1524;-;   96;-;    5;-;    1;-;    5;-;   16;-;   48;-;   38;-;   11;-; 2054;-; 1903;-;  142;-;    9;-;    5;-;    6;-;   14;-;   42;-;   24;-;    6;-
4607;5027;05;A;  52;100914; 2;w;22; 1217;-; 1574;-;   50;-;   63;-; 1157;-; 1090;-;   65;-;    2;-;    2;-;    4;-;   10;-;   36;-;   29;-;    8;-; 1508;-; 1403;-;   95;-;   10;-;    2;-;    3;-;   12;-;   48;-;   34;-;    1;-
4607;5027;05;A;  52;100914; 2;w;23; 1162;-; 1557;-;   52;-;   52;-; 1095;-; 1017;-;   74;-;    4;-;    3;-;    7;-;   11;-;   34;-;   26;-;   12;-; 1499;-; 1422;-;   72;-;    5;-;    3;-;    2;-;    7;-;   43;-;   30;-;    3;-
4607;5027;05;A;  52;100914; 2;w;24;  596;-;  979;-;   32;-;   39;-;  555;-;  507;-;   46;-;    2;-;    2;-;    2;-;    7;-;   23;-;   16;-;    7;-;  934;-;  863;-;   67;-;    4;-;    1;-;    4;-;    6;-;   29;-;   20;-;    5;-
4607;5027;05;A;  52;100915; 3;w;01;  261;-;  596;-;   37;-;   42;-;  222;-;  198;-;   24;-;    0;-;    0;-;    2;-;    7;-;   28;-;   23;-;    2;-;  550;-;  519;-;   30;-;    1;-;    3;-;    4;-;    3;-;   35;-;   26;-;    1;-
4607;5027;05;A;  52;100915; 3;w;02;  184;-;  196;-;   47;-;   29;-;  137;-;  117;-;   20;-;    0;-;    0;-;    1;-;   14;-;   32;-;   24;-;    0;-;  165;-;  143;-;   21;-;    1;-;    2;-;    0;-;    7;-;   22;-;   13;-;    0;-
4607;5027;05;A;  52;100915; 3;w;03;  159;-;  133;-;   48;-;   40;-;  110;-;  100;-;   10;-;    0;-;    0;-;    1;-;    9;-;   38;-;   28;-;    1;-;   93;-;   82;-;   11;-;    0;-;    0;-;    1;-;    8;-;   31;-;   16;-;    0;-
4607;5027;05;A;  52;100915; 3;w;04;  480;-;  251;-;   63;-;   73;-;  415;-;  365;-;   48;-;    2;-;    1;-;    0;-;   20;-;   43;-;   31;-;    1;-;  176;-;  136;-;   40;-;    0;-;    2;-;    0;-;   26;-;   47;-;   30;-;    0;-
4607;5027;05;A;  52;100915; 3;w;05; 1006;-;  429;-;  106;-;   81;-;  892;-;  834;-;   54;-;    4;-;    1;-;    5;-;   42;-;   59;-;   39;-;    7;-;  348;-;  295;-;   53;-;    0;-;    0;-;    1;-;   37;-;   43;-;   34;-;    0;-
4607;5027;05;A;  52;100915; 3;w;06; 2498;-;  837;-;  175;-;  105;-; 2300;-; 2215;-;   70;-;   15;-;    3;-;    4;-;   63;-;  108;-;   83;-;   20;-;  727;-;  667;-;   58;-;    2;-;    0;-;    3;-;   29;-;   73;-;   53;-;    5;-
4607;5027;05;A;  52;100915; 3;w;07; 4795;-; 1925;-;  225;-;  164;-; 4504;-; 4231;-;  259;-;   14;-;   16;-;    2;-;  101;-;  122;-;   95;-;   50;-; 1746;-; 1602;-;  138;-;    6;-;    9;-;    2;-;   64;-;   98;-;   74;-;    6;-
4607;5027;05;A;  52;100915; 3;w;08; 5883;-; 3483;-;  199;-;  198;-; 5640;-; 5421;-;  204;-;   15;-;   24;-;    9;-;   86;-;  104;-;   79;-;   20;-; 3258;-; 3048;-;  207;-;    3;-;    8;-;    6;-;   83;-;  109;-;   73;-;   19;-
4607;5027;05;A;  52;100915; 3;w;09; 5527;-; 4106;-;  210;-;  214;-; 5224;-; 5022;-;  188;-;   14;-;   26;-;    9;-;   75;-;  126;-;   92;-;   67;-; 3857;-; 3670;-;  181;-;    6;-;   12;-;    8;-;  113;-;   93;-;   63;-;   23;-
4607;5027;05;A;  52;100915; 3;w;10; 4494;-; 3140;-;  267;-;  251;-; 4193;-; 3956;-;  228;-;    9;-;   13;-;   10;-;  109;-;  148;-;  116;-;   21;-; 2874;-; 2633;-;  233;-;    8;-;    4;-;    8;-;  103;-;  140;-;  110;-;   11;-
4607;5027;05;A;  52;100915; 3;w;11; 3711;-; 2519;-;  286;-;  237;-; 3392;-; 3175;-;  210;-;    7;-;   21;-;   12;-;   96;-;  178;-;  141;-;   12;-; 2264;-; 2051;-;  205;-;    8;-;   11;-;    8;-;   89;-;  140;-;  109;-;    7;-
4607;5027;05;A;  52;100915; 3;w;12; 3055;-; 2580;-;  291;-;  240;-; 2733;-; 2519;-;  208;-;    6;-;   14;-;    6;-;  103;-;  182;-;  141;-;   17;-; 2319;-; 2094;-;  220;-;    5;-;   13;-;    9;-;   87;-;  144;-;  110;-;    8;-
4607;5027;05;A;  52;100915; 3;w;13; 3198;-; 3138;-;  226;-;  226;-; 2940;-; 2741;-;  193;-;    6;-;   12;-;    5;-;   79;-;  142;-;  116;-;   20;-; 2883;-; 2629;-;  242;-;   12;-;   14;-;    3;-;   89;-;  134;-;  102;-;   15;-
4607;5027;05;A;  52;100915; 3;w;14; 3485;-; 3614;-;  239;-;  234;-; 3209;-; 2981;-;  218;-;   10;-;   18;-;    8;-;   82;-;  149;-;  127;-;   19;-; 3346;-; 3081;-;  254;-;   11;-;   16;-;    4;-;   97;-;  133;-;  102;-;   18;-
4607;5027;05;A;  52;100915; 3;w;15; 3194;-; 4541;-;  245;-;  243;-; 2919;-; 2684;-;  221;-;   14;-;   15;-;    7;-;   88;-;  150;-;  116;-;   15;-; 4255;-; 3989;-;  254;-;   12;-;   23;-;    8;-;   88;-;  147;-;  115;-;   20;-
4607;5027;05;A;  52;100915; 3;w;16; 3289;-; 5181;-;  245;-;  254;-; 3006;-; 2774;-;  216;-;   16;-;   15;-;    3;-;  101;-;  141;-;  113;-;   23;-; 4901;-; 4611;-;  276;-;   14;-;   17;-;   12;-;  103;-;  139;-;  105;-;    9;-
4607;5027;05;A;  52;100915; 3;w;17; 4147;-; 5859;-;  233;-;  230;-; 3872;-; 3652;-;  207;-;   13;-;   17;-;    6;-;   82;-;  145;-;  114;-;   25;-; 5582;-; 5318;-;  246;-;   18;-;   34;-;   19;-;   82;-;  129;-;  100;-;   13;-
4607;5027;05;A;  52;100915; 3;w;18; 4407;-; 5956;-;  185;-;  131;-; 4192;-; 4001;-;  177;-;   14;-;   12;-;    7;-;   66;-;  112;-;   86;-;   18;-; 5791;-; 5585;-;  188;-;   18;-;   24;-;    8;-;   39;-;   84;-;   61;-;   10;-
4607;5027;05;A;  52;100915; 3;w;19; 3692;-; 5468;-;  119;-;  128;-; 3520;-; 3336;-;  168;-;   16;-;    7;-;    8;-;   39;-;   72;-;   53;-;   46;-; 5308;-; 5123;-;  172;-;   13;-;   18;-;    7;-;   35;-;   86;-;   69;-;   14;-
4607;5027;05;A;  52;100915; 3;w;20; 2665;-; 3581;-;   94;-;   82;-; 2541;-; 2373;-;  145;-;   23;-;   13;-;    3;-;   27;-;   64;-;   50;-;   17;-; 3478;-; 3289;-;  174;-;   15;-;    9;-;    7;-;   22;-;   53;-;   41;-;   12;-
4607;5027;05;A;  52;100915; 3;w;21; 1796;-; 2510;-;   65;-;   77;-; 1716;-; 1617;-;   88;-;   11;-;    2;-;    7;-;   14;-;   44;-;   37;-;   13;-; 2407;-; 2245;-;  154;-;    8;-;   14;-;    5;-;   23;-;   49;-;   35;-;   12;-
4607;5027;05;A;  52;100915; 3;w;22; 1450;-; 1994;-;   58;-;   90;-; 1384;-; 1314;-;   69;-;    1;-;    2;-;    3;-;   12;-;   43;-;   32;-;    6;-; 1892;-; 1783;-;  106;-;    3;-;    6;-;    5;-;   38;-;   47;-;   30;-;    6;-
4607;5027;05;A;  52;100915; 3;w;23; 1065;-; 1692;-;   52;-;   65;-; 1007;-;  934;-;   70;-;    3;-;    2;-;    1;-;   12;-;   39;-;   29;-;    4;-; 1614;-; 1520;-;   85;-;    9;-;    6;-;    5;-;   28;-;   32;-;   23;-;    7;-
4607;5027;05;A;  52;100915; 3;w;24;  599;-; 1342;-;   48;-;   60;-;  547;-;  496;-;   50;-;    1;-;    2;-;    6;-;    8;-;   34;-;   29;-;    2;-; 1273;-; 1159;-;  109;-;    5;-;    3;-;    2;-;   18;-;   40;-;   25;-;    6;-
4607;5027;05;A;  52;100916; 4;w;01;  337;-;  575;-;   43;-;   45;-;  291;-;  236;-;   55;-;    0;-;    0;-;    1;-;    9;-;   33;-;   24;-;    3;-;  528;-;  483;-;   44;-;    1;-;    2;-;    1;-;    6;-;   38;-;   28;-;    0;-
4607;5027;05;A;  52;100916; 4;w;02;  165;-;  259;-;   37;-;   41;-;  126;-;  106;-;   20;-;    0;-;    0;-;    2;-;   10;-;   25;-;   17;-;    2;-;  215;-;  181;-;   33;-;    1;-;    3;-;    1;-;    9;-;   31;-;   18;-;    0;-
4607;5027;05;A;  52;100916; 4;w;03;  165;-;  152;-;   42;-;   42;-;  123;-;  108;-;   13;-;    2;-;    0;-;    0;-;   15;-;   27;-;   16;-;    0;-;  110;-;   93;-;   16;-;    1;-;    0;-;    0;-;   18;-;   24;-;   15;-;    0;-
4607;5027;05;A;  52;100916; 4;w;04;  526;-;  234;-;   73;-;   57;-;  447;-;  399;-;   46;-;    2;-;    2;-;    0;-;   26;-;   47;-;   35;-;    4;-;  175;-;  138;-;   37;-;    0;-;    1;-;    0;-;   21;-;   36;-;   29;-;    1;-
4607;5027;05;A;  52;100916; 4;w;05;  962;-;  489;-;  106;-;   94;-;  847;-;  787;-;   57;-;    3;-;    5;-;    2;-;   44;-;   60;-;   42;-;    4;-;  389;-;  323;-;   66;-;    0;-;    4;-;    1;-;   40;-;   53;-;   36;-;    2;-
4607;5027;05;A;  52;100916; 4;w;06; 2528;-;  874;-;  158;-;  108;-; 2353;-; 2231;-;  108;-;   14;-;    3;-;    1;-;   43;-;  114;-;   87;-;   14;-;  762;-;  682;-;   76;-;    4;-;    3;-;    1;-;   38;-;   69;-;   56;-;    1;-
4607;5027;05;A;  52;100916; 4;w;07; 4815;-; 1927;-;  241;-;  147;-; 4511;-; 4228;-;  264;-;   19;-;   20;-;    4;-;  111;-;  126;-;   87;-;   43;-; 1766;-; 1616;-;  142;-;    8;-;    5;-;    4;-;   64;-;   79;-;   59;-;    9;-
4607;5027;05;A;  52;100916; 4;w;08; 5942;-; 3502;-;  253;-;  212;-; 5619;-; 5389;-;  219;-;   11;-;   30;-;   17;-;  106;-;  130;-;  109;-;   40;-; 3262;-; 3041;-;  216;-;    5;-;    7;-;    9;-;   89;-;  114;-;   82;-;   21;-
4607;5027;05;A;  52;100916; 4;w;09; 5697;-; 4203;-;  253;-;  251;-; 5369;-; 5141;-;  211;-;   17;-;   25;-;   11;-;  127;-;  115;-;   93;-;   50;-; 3915;-; 3699;-;  210;-;    6;-;    9;-;   13;-;  110;-;  128;-;   93;-;   28;-
4607;5027;05;A;  52;100916; 4;w;10; 4284;-; 3043;-;  285;-;  247;-; 3940;-; 3685;-;  242;-;   13;-;   19;-;   12;-;  118;-;  155;-;  108;-;   40;-; 2761;-; 2521;-;  236;-;    4;-;   22;-;   10;-;   97;-;  140;-;  109;-;   13;-
4607;5027;05;A;  52;100916; 4;w;11; 3256;-; 2640;-;  302;-;  281;-; 2923;-; 2728;-;  190;-;    5;-;   16;-;    8;-;  115;-;  179;-;  136;-;   15;-; 2323;-; 2079;-;  242;-;    2;-;   20;-;    9;-;  113;-;  159;-;  126;-;   16;-
4607;5027;05;A;  52;100916; 4;w;12; 2841;-; 2609;-;  256;-;  264;-; 2545;-; 2342;-;  199;-;    4;-;   15;-;    9;-;   92;-;  155;-;  122;-;   25;-; 2318;-; 2088;-;  222;-;    8;-;   17;-;    7;-;  105;-;  152;-;  120;-;   10;-
4607;5027;05;A;  52;100916; 4;w;13; 3130;-; 2987;-;  243;-;  273;-; 2856;-; 2655;-;  190;-;   11;-;   12;-;    5;-;   85;-;  153;-;  123;-;   19;-; 2680;-; 2416;-;  260;-;    4;-;   20;-;    5;-;  110;-;  158;-;  128;-;   14;-
4607;5027;05;A;  52;100916; 4;w;14; 3190;-; 3610;-;  224;-;  267;-; 2941;-; 2706;-;  223;-;   12;-;   12;-;    6;-;   80;-;  138;-;  111;-;   13;-; 3313;-; 3054;-;  253;-;    6;-;   17;-;    6;-;  114;-;  147;-;  114;-;   13;-
4607;5027;05;A;  52;100916; 4;w;15; 3003;-; 4175;-;  227;-;  250;-; 2745;-; 2561;-;  181;-;    3;-;   14;-;    6;-;   80;-;  141;-;  111;-;   17;-; 3892;-; 3659;-;  219;-;   14;-;   22;-;    7;-;  111;-;  132;-;   97;-;   11;-
4607;5027;05;A;  52;100916; 4;w;16; 3209;-; 4921;-;  201;-;  256;-; 2963;-; 2760;-;  194;-;    9;-;   15;-;    4;-;   93;-;  104;-;   84;-;   30;-; 4617;-; 4356;-;  252;-;    9;-;   31;-;    6;-;  109;-;  141;-;  119;-;   17;-
4607;5027;05;A;  52;100916; 4;w;17; 3492;-; 5767;-;  159;-;  223;-; 3288;-; 3096;-;  187;-;    5;-;   21;-;    5;-;   52;-;  102;-;   79;-;   24;-; 5508;-; 5190;-;  307;-;   11;-;   19;-;   13;-;   94;-;  116;-;   91;-;   17;-
4607;5027;05;A;  52;100916; 4;w;18; 3779;-; 5766;-;  127;-;  160;-; 3587;-; 3453;-;  125;-;    9;-;   10;-;    6;-;   42;-;   79;-;   62;-;   55;-; 5572;-; 5353;-;  207;-;   12;-;   22;-;    6;-;   59;-;   95;-;   71;-;   12;-
4607;5027;05;A;  52;100916; 4;w;19; 3556;-; 5189;-;   97;-;  129;-; 3420;-; 3311;-;  103;-;    6;-;   15;-;    8;-;   23;-;   66;-;   53;-;   24;-; 5025;-; 4833;-;  177;-;   15;-;   22;-;    8;-;   44;-;   77;-;   58;-;   13;-
4607;5027;05;A;  52;100916; 4;w;20; 2550;-; 3640;-;   87;-;   97;-; 2439;-; 2326;-;  110;-;    3;-;    6;-;    5;-;   29;-;   53;-;   45;-;   18;-; 3523;-; 3355;-;  156;-;   12;-;    8;-;    8;-;   32;-;   57;-;   43;-;   12;-
4607;5027;05;A;  52;100916; 4;w;21; 1676;-; 2368;-;   60;-;   73;-; 1590;-; 1505;-;   77;-;    8;-;    5;-;    7;-;   17;-;   36;-;   25;-;   21;-; 2282;-; 2172;-;  107;-;    3;-;    5;-;    7;-;   16;-;   50;-;   34;-;    8;-
4607;5027;05;A;  52;100916; 4;w;22; 1410;-; 1726;-;   54;-;   61;-; 1336;-; 1260;-;   71;-;    5;-;    4;-;    5;-;   11;-;   38;-;   30;-;   16;-; 1655;-; 1578;-;   72;-;    5;-;    3;-;    3;-;   10;-;   48;-;   39;-;    7;-
4607;5027;05;A;  52;100916; 4;w;23; 1079;-; 1642;-;   44;-;   51;-; 1024;-;  956;-;   65;-;    3;-;    2;-;    2;-;   14;-;   28;-;   22;-;    9;-; 1584;-; 1508;-;   68;-;    8;-;    3;-;    2;-;   12;-;   37;-;   31;-;    4;-
4607;5027;05;A;  52;100916; 4;w;24;  626;-; 1194;-;   49;-;   52;-;  567;-;  525;-;   41;-;    1;-;    3;-;    0;-;   19;-;   30;-;   22;-;    7;-; 1136;-; 1065;-;   69;-;    2;-;    2;-;    3;-;    9;-;   40;-;   28;-;    4;-
4607;5027;05;A;  52;100917; 5;w;01;  365;-;  558;-;   50;-;   45;-;  312;-;  274;-;   37;-;    1;-;    1;-;    1;-;   15;-;   34;-;   25;-;    2;-;  508;-;  463;-;   42;-;    3;-;    2;-;    3;-;    9;-;   33;-;   24;-;    3;-
4607;5027;05;A;  52;100917; 5;w;02;  210;-;  208;-;   33;-;   40;-;  174;-;  156;-;   18;-;    0;-;    2;-;    1;-;   11;-;   21;-;   17;-;    1;-;  166;-;  144;-;   22;-;    0;-;    2;-;    0;-;    6;-;   34;-;   26;-;    0;-
4607;5027;05;A;  52;100917; 5;w;03;  198;-;  148;-;   62;-;   37;-;  134;-;  114;-;   19;-;    1;-;    0;-;    2;-;   14;-;   46;-;   29;-;    2;-;  107;-;   88;-;   19;-;    0;-;    1;-;    1;-;   10;-;   26;-;   18;-;    3;-
4607;5027;05;A;  52;100917; 5;w;04;  510;-;  236;-;   78;-;   53;-;  425;-;  366;-;   58;-;    1;-;    5;-;    0;-;   25;-;   53;-;   38;-;    2;-;  180;-;  136;-;   44;-;    0;-;    2;-;    0;-;   16;-;   37;-;   33;-;    1;-
4607;5027;05;A;  52;100917; 5;w;05;  991;-;  499;-;  112;-;   98;-;  872;-;  804;-;   63;-;    5;-;    2;-;    5;-;   51;-;   56;-;   34;-;    5;-;  398;-;  327;-;   71;-;    0;-;    2;-;    1;-;   40;-;   57;-;   44;-;    1;-
4607;5027;05;A;  52;100917; 5;w;06; 2240;-;  886;-;  150;-;  139;-; 2076;-; 1962;-;  107;-;    7;-;    2;-;    3;-;   50;-;   97;-;   79;-;   12;-;  744;-;  671;-;   71;-;    2;-;    1;-;    5;-;   45;-;   89;-;   61;-;    2;-
4607;5027;05;A;  52;100917; 5;w;07; 4498;-; 1811;-;  238;-;  152;-; 4220;-; 3950;-;  255;-;   15;-;   13;-;    6;-;   93;-;  139;-;  110;-;   27;-; 1647;-; 1518;-;  123;-;    6;-;    7;-;    6;-;   55;-;   91;-;   62;-;    5;-
4607;5027;05;A;  52;100917; 5;w;08; 5936;-; 3321;-;  261;-;  216;-; 5576;-; 5301;-;  261;-;   14;-;   26;-;   15;-;  110;-;  136;-;  109;-;   73;-; 3081;-; 2856;-;  214;-;   11;-;   10;-;    9;-;   90;-;  117;-;   89;-;   14;-
4607;5027;05;A;  52;100917; 5;w;09; 5286;-; 3698;-;  261;-;  259;-; 4971;-; 4744;-;  217;-;   10;-;   13;-;    4;-;  105;-;  152;-;  118;-;   41;-; 3415;-; 3182;-;  220;-;   13;-;    7;-;    9;-;  125;-;  125;-;   88;-;   17;-
4607;5027;05;A;  52;100917; 5;w;10; 3680;-; 2554;-;  264;-;  272;-; 3386;-; 3164;-;  206;-;   16;-;   13;-;   11;-;   99;-;  154;-;  122;-;   17;-; 2255;-; 2022;-;  228;-;    5;-;   16;-;   13;-;  109;-;  150;-;  120;-;   11;-
4607;5027;05;A;  52;100917; 5;w;11; 2920;-; 2399;-;  278;-;  263;-; 2607;-; 2410;-;  192;-;    5;-;   16;-;    9;-;  106;-;  163;-;  128;-;   19;-; 2117;-; 1869;-;  241;-;    7;-;   11;-;   13;-;   92;-;  158;-;  124;-;    8;-
4607;5027;05;A;  52;100917; 5;w;12; 3012;-; 2840;-;  272;-;  235;-; 2710;-; 2474;-;  225;-;   11;-;   10;-;    7;-;   99;-;  166;-;  129;-;   20;-; 2569;-; 2299;-;  259;-;   11;-;   20;-;    3;-;   87;-;  145;-;  115;-;   16;-
4607;5027;05;A;  52;100917; 5;w;13; 3317;-; 3683;-;  232;-;  260;-; 3048;-; 2803;-;  236;-;    9;-;   18;-;    5;-;   76;-;  151;-;  117;-;   19;-; 3394;-; 3089;-;  290;-;   15;-;   13;-;    9;-;   86;-;  165;-;  128;-;   16;-
4607;5027;05;A;  52;100917; 5;w;14; 3487;-; 4276;-;  246;-;  242;-; 3209;-; 3007;-;  189;-;   13;-;    7;-;    9;-;   88;-;  149;-;  112;-;   25;-; 3998;-; 3748;-;  247;-;    3;-;   25;-;   10;-;   89;-;  143;-;  121;-;   11;-
4607;5027;05;A;  52;100917; 5;w;15; 3490;-; 5104;-;  229;-;  264;-; 3215;-; 3017;-;  189;-;    9;-;   17;-;    6;-;   92;-;  131;-;  100;-;   29;-; 4797;-; 4570;-;  207;-;   20;-;   24;-;    5;-;   99;-;  160;-;  116;-;   19;-
4607;5027;05;A;  52;100917; 5;w;16; 3318;-; 5462;-;  178;-;  254;-; 3100;-; 2905;-;  185;-;   10;-;   18;-;    4;-;   65;-;  109;-;   81;-;   22;-; 5164;-; 4935;-;  219;-;   10;-;   26;-;    8;-;   85;-;  161;-;  129;-;   18;-
4607;5027;05;A;  52;100917; 5;w;17; 3395;-; 5444;-;  158;-;  181;-; 3200;-; 3033;-;  151;-;   16;-;   17;-;    8;-;   59;-;   91;-;   71;-;   20;-; 5216;-; 4978;-;  221;-;   17;-;   28;-;    5;-;   64;-;  112;-;   90;-;   19;-
4607;5027;05;A;  52;100917; 5;w;18; 3455;-; 4800;-;  150;-;  150;-; 3264;-; 3111;-;  150;-;    3;-;   19;-;   11;-;   54;-;   85;-;   61;-;   22;-; 4622;-; 4420;-;  190;-;   12;-;   18;-;   10;-;   45;-;   95;-;   78;-;   10;-
4607;5027;05;A;  52;100917; 5;w;19; 3195;-; 4083;-;  104;-;   87;-; 3050;-; 2925;-;  116;-;    9;-;    8;-;    8;-;   32;-;   64;-;   46;-;   33;-; 3964;-; 3786;-;  173;-;    5;-;   15;-;    8;-;   30;-;   49;-;   42;-;   17;-
4607;5027;05;A;  52;100917; 5;w;20; 2607;-; 3279;-;   70;-;  101;-; 2508;-; 2378;-;  125;-;    5;-;    9;-;    7;-;   18;-;   45;-;   35;-;   20;-; 3152;-; 2994;-;  153;-;    5;-;   12;-;    8;-;   23;-;   70;-;   52;-;   14;-
4607;5027;05;A;  52;100917; 5;w;21; 1621;-; 2462;-;   49;-;   89;-; 1552;-; 1480;-;   69;-;    3;-;    6;-;    5;-;   10;-;   34;-;   29;-;   14;-; 2352;-; 2234;-;  115;-;    3;-;   12;-;    9;-;   16;-;   64;-;   48;-;    9;-
4607;5027;05;A;  52;100917; 5;w;22; 1370;-; 1865;-;   58;-;   49;-; 1294;-; 1213;-;   80;-;    1;-;    7;-;    7;-;   17;-;   34;-;   24;-;   11;-; 1804;-; 1711;-;   88;-;    5;-;    2;-;    4;-;    7;-;   38;-;   26;-;   10;-
4607;5027;05;A;  52;100917; 5;w;23; 1168;-; 1667;-;   40;-;   47;-; 1118;-; 1063;-;   54;-;    1;-;    1;-;    4;-;    8;-;   28;-;   24;-;    9;-; 1608;-; 1525;-;   74;-;    9;-;    6;-;    7;-;   10;-;   30;-;   19;-;    6;-
4607;5027;05;A;  52;100917; 5;w;24;  782;-; 1319;-;   29;-;   51;-;  746;-;  682;-;   63;-;    1;-;    3;-;    5;-;    8;-;   16;-;   15;-;    4;-; 1261;-; 1194;-;   66;-;    1;-;    3;-;    6;-;    8;-;   37;-;   30;-;    4;-
4607;5027;05;A;  52;100918; 6;w;01;  502;-;  992;-;   27;-;   36;-;  471;-;  424;-;   46;-;    1;-;    1;-;    2;-;    5;-;   20;-;   14;-;    3;-;  952;-;  873;-;   74;-;    5;-;    0;-;    6;-;    6;-;   24;-;   17;-;    4;-
4607;5027;05;A;  52;100918; 6;w;02;  312;-;  422;-;   27;-;   26;-;  283;-;  249;-;   33;-;    1;-;    1;-;    2;-;   10;-;   15;-;   11;-;    1;-;  389;-;  344;-;   44;-;    1;-;    2;-;    2;-;    3;-;   21;-;   13;-;    5;-
4607;5027;05;A;  52;100918; 6;w;03;  243;-;  248;-;   30;-;   18;-;  209;-;  188;-;   20;-;    1;-;    0;-;    2;-;    7;-;   21;-;   17;-;    4;-;  228;-;  203;-;   25;-;    0;-;    1;-;    0;-;    3;-;   15;-;   12;-;    1;-
4607;5027;05;A;  52;100918; 6;w;04;  567;-;  288;-;   35;-;   30;-;  526;-;  475;-;   50;-;    1;-;    1;-;    0;-;   15;-;   20;-;   12;-;    5;-;  257;-;  228;-;   29;-;    0;-;    1;-;    1;-;   13;-;   16;-;    9;-;    0;-
4607;5027;05;A;  52;100918; 6;w;05;  703;-;  480;-;   42;-;   43;-;  651;-;  610;-;   38;-;    3;-;    1;-;    2;-;   17;-;   23;-;   14;-;    9;-;  433;-;  372;-;   60;-;    1;-;    2;-;    0;-;   28;-;   15;-;   10;-;    2;-
4607;5027;05;A;  52;100918; 6;w;06; 1063;-;  592;-;   57;-;   30;-;  997;-;  935;-;   59;-;    3;-;    5;-;    5;-;   23;-;   29;-;   20;-;    4;-;  553;-;  494;-;   59;-;    0;-;    5;-;    0;-;   19;-;   11;-;    8;-;    4;-
4607;5027;05;A;  52;100918; 6;w;07; 1082;-;  847;-;   56;-;   44;-; 1005;-;  898;-;  104;-;    3;-;    9;-;    4;-;   32;-;   20;-;   17;-;   12;-;  793;-;  730;-;   60;-;    3;-;    7;-;    3;-;   18;-;   23;-;   16;-;    3;-
4607;5027;05;A;  52;100918; 6;w;08; 1358;-; 1120;-;   67;-;   64;-; 1252;-; 1111;-;  140;-;    1;-;   20;-;    4;-;   34;-;   29;-;   23;-;   19;-; 1045;-;  929;-;  114;-;    2;-;    6;-;    2;-;   30;-;   32;-;   21;-;    5;-
4607;5027;05;A;  52;100918; 6;w;09; 1880;-; 1524;-;   55;-;   78;-; 1809;-; 1666;-;  136;-;    7;-;    6;-;    7;-;   22;-;   26;-;   20;-;   10;-; 1435;-; 1305;-;  128;-;    2;-;    5;-;    7;-;   37;-;   34;-;   26;-;    6;-
4607;5027;05;A;  52;100918; 6;w;10; 2387;-; 2016;-;   67;-;   46;-; 2281;-; 2143;-;  128;-;   10;-;   19;-;    6;-;   31;-;   30;-;   23;-;   20;-; 1947;-; 1788;-;  152;-;    7;-;   19;-;    7;-;   25;-;   14;-;   12;-;    4;-
4607;5027;05;A;  52;100918; 6;w;11; 2709;-; 2256;-;   65;-;   61;-; 2612;-; 2456;-;  144;-;   12;-;   18;-;    6;-;   28;-;   31;-;   25;-;   14;-; 2172;-; 2020;-;  140;-;   12;-;   15;-;   11;-;   24;-;   26;-;   19;-;    8;-
4607;5027;05;A;  52;100918; 6;w;12; 2829;-; 2566;-;   55;-;   42;-; 2724;-; 2569;-;  142;-;   13;-;   28;-;    6;-;   31;-;   18;-;   13;-;   22;-; 2498;-; 2339;-;  149;-;   10;-;   20;-;    5;-;   17;-;   20;-;   17;-;    6;-
4607;5027;05;A;  52;100918; 6;w;13; 2927;-; 2861;-;   45;-;   33;-; 2839;-; 2683;-;  140;-;   16;-;   22;-;    5;-;   17;-;   23;-;   19;-;   21;-; 2796;-; 2615;-;  164;-;   17;-;   23;-;    2;-;   14;-;   17;-;   17;-;    9;-
4607;5027;05;A;  52;100918; 6;w;14; 3125;-; 3319;-;   39;-;   38;-; 3045;-; 2880;-;  149;-;   16;-;   21;-;    5;-;   19;-;   15;-;   14;-;   20;-; 3253;-; 3061;-;  177;-;   15;-;   19;-;    4;-;   15;-;   19;-;   18;-;    9;-
4607;5027;05;A;  52;100918; 6;w;15; 2899;-; 3418;-;   34;-;   47;-; 2825;-; 2696;-;  121;-;    8;-;   27;-;    7;-;   17;-;   10;-;    9;-;   13;-; 3344;-; 3162;-;  165;-;   17;-;   18;-;    6;-;   25;-;   16;-;   13;-;    9;-
4607;5027;05;A;  52;100918; 6;w;16; 2670;-; 3088;-;   32;-;   38;-; 2608;-; 2458;-;  140;-;   10;-;   19;-;    3;-;   13;-;   16;-;   15;-;   11;-; 3016;-; 2855;-;  147;-;   14;-;   16;-;    9;-;   14;-;   15;-;   12;-;   18;-
4607;5027;05;A;  52;100918; 6;w;17; 2360;-; 2936;-;   29;-;   26;-; 2292;-; 2143;-;  132;-;   17;-;   15;-;    7;-;   13;-;    9;-;    6;-;   24;-; 2881;-; 2735;-;  123;-;   23;-;   17;-;    2;-;   11;-;   13;-;    9;-;   12;-
4607;5027;05;A;  52;100918; 6;w;18; 2444;-; 2648;-;   34;-;   31;-; 2382;-; 2228;-;  135;-;   19;-;   11;-;   11;-;   12;-;   11;-;    8;-;   17;-; 2588;-; 2430;-;  146;-;   12;-;   15;-;    3;-;   14;-;   14;-;   12;-;   14;-
4607;5027;05;A;  52;100918; 6;w;19; 2465;-; 2679;-;   26;-;   22;-; 2410;-; 2288;-;  105;-;   17;-;    9;-;   11;-;    6;-;    9;-;    6;-;   20;-; 2641;-; 2495;-;  134;-;   12;-;    5;-;    9;-;    5;-;    8;-;    7;-;   11;-
4607;5027;05;A;  52;100918; 6;w;20; 1897;-; 2066;-;   16;-;   20;-; 1852;-; 1748;-;   93;-;   11;-;    4;-;    6;-;    7;-;    3;-;    2;-;   25;-; 2020;-; 1907;-;  105;-;    8;-;   16;-;    5;-;    9;-;    6;-;    4;-;   10;-
4607;5027;05;A;  52;100918; 6;w;21; 1536;-; 1740;-;   19;-;   12;-; 1496;-; 1398;-;   91;-;    7;-;    9;-;    7;-;    5;-;    7;-;    5;-;   12;-; 1715;-; 1624;-;   85;-;    6;-;    8;-;    1;-;    7;-;    4;-;    2;-;    5;-
4607;5027;05;A;  52;100918; 6;w;22; 1290;-; 1244;-;   15;-;    8;-; 1255;-; 1191;-;   59;-;    5;-;    3;-;    2;-;    6;-;    7;-;    6;-;   17;-; 1228;-; 1159;-;   66;-;    3;-;    1;-;    4;-;    1;-;    3;-;    2;-;    7;-
4607;5027;05;A;  52;100918; 6;w;23; 1247;-; 1199;-;    6;-;   10;-; 1224;-; 1169;-;   55;-;    0;-;    4;-;    0;-;    5;-;    1;-;    1;-;   13;-; 1181;-; 1129;-;   49;-;    3;-;    1;-;    2;-;    8;-;    0;-;    0;-;    7;-
4607;5027;05;A;  52;100918; 6;w;24; 1000;-; 1255;-;    5;-;   10;-;  990;-;  944;-;   45;-;    1;-;    0;-;    1;-;    2;-;    2;-;    1;-;    5;-; 1237;-; 1179;-;   54;-;    4;-;    2;-;    2;-;    6;-;    2;-;    1;-;    6;-
4607;5027;05;A;  52;100919; 7;s;01;  740;-;  967;-;    6;-;    2;-;  728;-;  690;-;   37;-;    1;-;    0;-;    3;-;    2;-;    1;-;    1;-;    6;-;  961;-;  918;-;   42;-;    1;-;    0;-;    2;-;    0;-;    0;-;    0;-;    4;-
4607;5027;05;A;  52;100919; 7;s;02;  503;-;  559;-;    6;-;    5;-;  495;-;  469;-;   24;-;    2;-;    0;-;    0;-;    5;-;    1;-;    1;-;    2;-;  552;-;  519;-;   32;-;    1;-;    0;-;    3;-;    1;-;    1;-;    1;-;    2;-
4607;5027;05;A;  52;100919; 7;s;03;  372;-;  365;-;    5;-;    4;-;  363;-;  339;-;   24;-;    0;-;    0;-;    2;-;    1;-;    2;-;    1;-;    4;-;  356;-;  335;-;   20;-;    1;-;    4;-;    0;-;    3;-;    1;-;    1;-;    1;-
4607;5027;05;A;  52;100919; 7;s;04;  680;-;  386;-;    9;-;    5;-;  657;-;  598;-;   59;-;    0;-;    3;-;    1;-;    5;-;    3;-;    3;-;   11;-;  377;-;  330;-;   47;-;    0;-;    4;-;    1;-;    2;-;    2;-;    2;-;    0;-
4607;5027;05;A;  52;100919; 7;s;05;  653;-;  594;-;   10;-;    5;-;  642;-;  599;-;   42;-;    1;-;    0;-;    5;-;    3;-;    2;-;    1;-;    1;-;  584;-;  515;-;   69;-;    0;-;    2;-;    1;-;    4;-;    0;-;    0;-;    3;-
4607;5027;05;A;  52;100919; 7;s;06;  739;-;  459;-;   11;-;    6;-;  715;-;  666;-;   49;-;    0;-;    9;-;    3;-;    5;-;    3;-;    1;-;    4;-;  452;-;  419;-;   33;-;    0;-;    1;-;    2;-;    2;-;    2;-;    1;-;    0;-
4607;5027;05;A;  52;100919; 7;s;07;  599;-;  529;-;   11;-;   12;-;  573;-;  527;-;   43;-;    3;-;   12;-;    1;-;    5;-;    5;-;    5;-;    3;-;  515;-;  475;-;   39;-;    1;-;    1;-;    6;-;    6;-;    0;-;    0;-;    1;-
4607;5027;05;A;  52;100919; 7;s;08;  669;-;  590;-;   19;-;   11;-;  638;-;  554;-;   82;-;    2;-;    8;-;    3;-;    9;-;    7;-;    4;-;    4;-;  566;-;  512;-;   54;-;    0;-;    4;-;    2;-;    6;-;    3;-;    2;-;    9;-
4607;5027;05;A;  52;100919; 7;s;09;  977;-;  836;-;   22;-;   22;-;  937;-;  869;-;   63;-;    5;-;    7;-;    5;-;   11;-;    6;-;    5;-;   11;-;  807;-;  743;-;   62;-;    2;-;    2;-;    7;-;    6;-;    9;-;    7;-;    5;-
4607;5027;05;A;  52;100919; 7;s;10; 1431;-; 1220;-;   19;-;   16;-; 1394;-; 1288;-;   99;-;    7;-;    5;-;    4;-;    8;-;    7;-;    7;-;   13;-; 1181;-; 1081;-;   92;-;    8;-;   16;-;    8;-;    6;-;    2;-;    2;-;    7;-
4607;5027;05;A;  52;100919; 7;s;11; 1752;-; 1597;-;   21;-;   25;-; 1716;-; 1621;-;   87;-;    8;-;    7;-;    7;-;    8;-;    6;-;    5;-;    8;-; 1558;-; 1447;-;   99;-;   12;-;    2;-;    8;-;    8;-;    9;-;    9;-;   12;-
4607;5027;05;A;  52;100919; 7;s;12; 1962;-; 1836;-;   13;-;   13;-; 1927;-; 1804;-;  105;-;   18;-;   13;-;    2;-;    8;-;    3;-;    3;-;    9;-; 1811;-; 1688;-;  116;-;    7;-;    6;-;    3;-;    8;-;    2;-;    2;-;    6;-
4607;5027;05;A;  52;100919; 7;s;13; 2403;-; 2151;-;   14;-;   15;-; 2372;-; 2250;-;  102;-;   20;-;    9;-;    1;-;    5;-;    8;-;    8;-;    8;-; 2116;-; 1973;-;  132;-;   11;-;    8;-;    6;-;    4;-;    5;-;    4;-;   12;-
4607;5027;05;A;  52;100919; 7;s;14; 2611;-; 2514;-;   19;-;   17;-; 2556;-; 2422;-;   92;-;   42;-;   11;-;    3;-;    9;-;    7;-;    5;-;   25;-; 2481;-; 2350;-;  112;-;   19;-;    7;-;    3;-;    9;-;    5;-;    4;-;    9;-
4607;5027;05;A;  52;100919; 7;s;15; 2615;-; 2847;-;   18;-;   38;-; 2564;-; 2435;-;  107;-;   22;-;   11;-;    3;-;    8;-;    7;-;    6;-;   22;-; 2790;-; 2653;-;  118;-;   19;-;   11;-;   11;-;   13;-;   14;-;    7;-;    8;-
4607;5027;05;A;  52;100919; 7;s;16; 2371;-; 2882;-;   24;-;   18;-; 2320;-; 2203;-;  103;-;   14;-;    5;-;    5;-;   10;-;    9;-;    7;-;   22;-; 2837;-; 2696;-;  124;-;   17;-;   11;-;    7;-;    4;-;    7;-;    7;-;   16;-
4607;5027;05;A;  52;100919; 7;s;17; 2323;-; 2760;-;   20;-;   27;-; 2279;-; 2117;-;  141;-;   21;-;    7;-;    8;-;    8;-;    4;-;    4;-;   17;-; 2715;-; 2581;-;  128;-;    6;-;   10;-;    7;-;   13;-;    7;-;    6;-;    8;-
4607;5027;05;A;  52;100919; 7;s;18; 2630;-; 2689;-;   38;-;   24;-; 2572;-; 2442;-;  118;-;   12;-;    8;-;    9;-;   20;-;    9;-;    8;-;   12;-; 2615;-; 2461;-;  142;-;   12;-;   36;-;    5;-;   11;-;    8;-;    5;-;   14;-
4607;5027;05;A;  52;100919; 7;s;19; 2468;-; 2438;-;   40;-;   32;-; 2408;-; 2274;-;  122;-;   12;-;   10;-;    9;-;   19;-;   12;-;    9;-;   10;-; 2374;-; 2215;-;  145;-;   14;-;   23;-;    7;-;   15;-;   10;-;    7;-;    9;-
4607;5027;05;A;  52;100919; 7;s;20; 2187;-; 1973;-;   27;-;   32;-; 2139;-; 2006;-;  115;-;   18;-;    7;-;    5;-;    9;-;   13;-;   11;-;   14;-; 1908;-; 1791;-;  109;-;    8;-;   20;-;    9;-;    9;-;   14;-;   12;-;   13;-
4607;5027;05;A;  52;100919; 7;s;21; 1977;-; 1582;-;   32;-;   31;-; 1930;-; 1835;-;   88;-;    7;-;    6;-;   10;-;   11;-;   11;-;    8;-;    9;-; 1537;-; 1455;-;   81;-;    1;-;   10;-;    9;-;   10;-;   12;-;   10;-;    4;-
4607;5027;05;A;  52;100919; 7;s;22; 1598;-; 1185;-;   31;-;   23;-; 1554;-; 1470;-;   78;-;    6;-;    3;-;    4;-;   12;-;   15;-;   13;-;   10;-; 1153;-; 1082;-;   68;-;    3;-;    3;-;    7;-;    7;-;    9;-;    8;-;    6;-
4607;5027;05;A;  52;100919; 7;s;23; 1144;-; 1040;-;   35;-;   37;-; 1096;-;  999;-;   96;-;    1;-;    5;-;    1;-;   12;-;   22;-;   17;-;    8;-;  993;-;  916;-;   70;-;    7;-;    8;-;    1;-;   13;-;   23;-;   19;-;    2;-
4607;5027;05;A;  52;100919; 7;s;24;  625;-;  919;-;   34;-;   26;-;  588;-;  532;-;   54;-;    2;-;    1;-;    2;-;   10;-;   22;-;   17;-;    2;-;  885;-;  812;-;   72;-;    1;-;    4;-;    1;-;   11;-;   14;-;   13;-;    4;-
4607;5027;05;A;  52;100920; 1;w;01;  273;-;  448;-;   27;-;   34;-;  244;-;  208;-;   36;-;    0;-;    1;-;    2;-;    9;-;   16;-;   12;-;    1;-;  410;-;  383;-;   27;-;    0;-;    3;-;    3;-;    9;-;   22;-;   16;-;    1;-
4607;5027;05;A;  52;100920; 1;w;02;  147;-;  158;-;   28;-;   31;-;  116;-;  103;-;   13;-;    0;-;    1;-;    0;-;    7;-;   21;-;   17;-;    2;-;  127;-;  109;-;   18;-;    0;-;    0;-;    0;-;    8;-;   23;-;   14;-;    0;-
4607;5027;05;A;  52;100920; 1;w;03;  164;-;  133;-;   40;-;   27;-;  122;-;  103;-;   18;-;    1;-;    0;-;    2;-;   12;-;   26;-;   20;-;    2;-;  103;-;   84;-;   18;-;    1;-;    2;-;    0;-;   12;-;   15;-;   11;-;    1;-
4607;5027;05;A;  52;100920; 1;w;04;  547;-;  245;-;   55;-;   54;-;  483;-;  433;-;   49;-;    1;-;    3;-;    1;-;   17;-;   37;-;   29;-;    6;-;  191;-;  154;-;   37;-;    0;-;    0;-;    1;-;   17;-;   36;-;   31;-;    0;-
4607;5027;05;A;  52;100920; 1;w;05; 1020;-;  507;-;  108;-;   87;-;  904;-;  833;-;   67;-;    4;-;    2;-;    6;-;   40;-;   62;-;   53;-;    6;-;  416;-;  360;-;   55;-;    1;-;    2;-;    3;-;   39;-;   45;-;   35;-;    2;-
4607;5027;05;A;  52;100920; 1;w;06; 2782;-;  938;-;  185;-;  116;-; 2574;-; 2457;-;  106;-;   11;-;    1;-;    1;-;   65;-;  119;-;  104;-;   22;-;  815;-;  739;-;   74;-;    2;-;    2;-;    2;-;   36;-;   78;-;   61;-;    5;-
4607;5027;05;A;  52;100920; 1;w;07; 4952;-; 2070;-;  208;-;  160;-; 4684;-; 4397;-;  263;-;   24;-;   13;-;    3;-;   83;-;  122;-;   92;-;   47;-; 1890;-; 1770;-;  112;-;    8;-;    6;-;    3;-;   64;-;   93;-;   71;-;   14;-
4607;5027;05;A;  52;100920; 1;w;08; 6153;-; 3492;-;  252;-;  182;-; 5849;-; 5587;-;  243;-;   19;-;   23;-;   11;-;   92;-;  149;-;  115;-;   29;-; 3286;-; 3080;-;  197;-;    9;-;   12;-;    6;-;   71;-;  105;-;   86;-;   12;-
4607;5027;05;A;  52;100920; 1;w;09; 5855;-; 3864;-;  286;-;  247;-; 5519;-; 5265;-;  248;-;    6;-;   20;-;    9;-;  112;-;  165;-;  138;-;   30;-; 3585;-; 3355;-;  226;-;    4;-;   11;-;    9;-;  110;-;  128;-;   90;-;   21;-
4607;5027;05;A;  52;100920; 1;w;10; 4036;-; 2701;-;  279;-;  272;-; 3722;-; 3434;-;  280;-;    8;-;   11;-;    9;-;   95;-;  175;-;  133;-;   24;-; 2403;-; 2125;-;  277;-;    1;-;   11;-;    8;-;  116;-;  148;-;  121;-;   15;-
4607;5027;05;A;  52;100920; 1;w;11; 3203;-; 2436;-;  268;-;  251;-; 2904;-; 2691;-;  207;-;    6;-;   10;-;    2;-;   98;-;  168;-;  133;-;   21;-; 2160;-; 1937;-;  214;-;    9;-;   11;-;    5;-;  106;-;  140;-;  108;-;   14;-
4607;5027;05;A;  52;100920; 1;w;12; 2728;-; 2543;-;  245;-;  261;-; 2456;-; 2247;-;  203;-;    6;-;   16;-;    7;-;   86;-;  152;-;  122;-;   11;-; 2252;-; 2035;-;  212;-;    5;-;   17;-;    6;-;  108;-;  147;-;  119;-;   13;-
4607;5027;05;A;  52;100920; 1;w;13; 2940;-; 2790;-;  219;-;  236;-; 2683;-; 2452;-;  207;-;   24;-;   19;-;    4;-;   80;-;  135;-;  108;-;   19;-; 2532;-; 2298;-;  230;-;    4;-;   10;-;    5;-;   77;-;  154;-;  120;-;   12;-
4607;5027;05;A;  52;100920; 1;w;14; 3055;-; 3301;-;  213;-;  218;-; 2810;-; 2609;-;  193;-;    8;-;   13;-;    4;-;   74;-;  135;-;  111;-;   19;-; 3048;-; 2833;-;  203;-;   12;-;   19;-;    9;-;   91;-;  118;-;   82;-;   16;-
4607;5027;05;A;  52;100920; 1;w;15; 2696;-; 3842;-;  206;-;  227;-; 2459;-; 2252;-;  191;-;   16;-;   12;-;    4;-;   69;-;  133;-;   98;-;   19;-; 3589;-; 3307;-;  266;-;   16;-;   21;-;    4;-;   97;-;  126;-;   98;-;    5;-
4607;5027;05;A;  52;100920; 1;w;16; 2801;-; 4670;-;  203;-;  231;-; 2571;-; 2343;-;  220;-;    8;-;   14;-;    2;-;   82;-;  119;-;   90;-;   13;-; 4400;-; 4061;-;  319;-;   20;-;   23;-;    7;-;   88;-;  136;-;  105;-;   16;-
4607;5027;05;A;  52;100920; 1;w;17; 3206;-; 5205;-;  180;-;  208;-; 2998;-; 2819;-;  167;-;   12;-;   10;-;    6;-;   61;-;  113;-;   87;-;   18;-; 4970;-; 4657;-;  291;-;   22;-;   17;-;    8;-;   76;-;  124;-;   88;-;   10;-
4607;5027;05;A;  52;100920; 1;w;18; 3556;-; 5328;-;  135;-;  106;-; 3391;-; 3227;-;  148;-;   16;-;    9;-;    5;-;   34;-;   96;-;   72;-;   21;-; 5191;-; 5002;-;  179;-;   10;-;   13;-;    8;-;   32;-;   66;-;   55;-;   18;-
4607;5027;05;A;  52;100920; 1;w;19; 3016;-; 4748;-;  114;-;   89;-; 2869;-; 2727;-;  129;-;   13;-;    4;-;    5;-;   32;-;   77;-;   61;-;   29;-; 4631;-; 4409;-;  205;-;   17;-;    5;-;    3;-;   23;-;   63;-;   47;-;   23;-
4607;5027;05;A;  52;100920; 1;w;20; 2347;-; 2964;-;   64;-;   86;-; 2241;-; 2104;-;  124;-;   13;-;   10;-;    4;-;   14;-;   46;-;   37;-;   32;-; 2858;-; 2702;-;  143;-;   13;-;    8;-;    5;-;   19;-;   62;-;   50;-;   12;-
4607;5027;05;A;  52;100920; 1;w;21; 1552;-; 1937;-;   59;-;   76;-; 1466;-; 1363;-;   94;-;    9;-;    6;-;    3;-;   11;-;   45;-;   34;-;   21;-; 1852;-; 1735;-;  106;-;   11;-;    4;-;    7;-;   14;-;   55;-;   35;-;    5;-
4607;5027;05;A;  52;100920; 1;w;22; 1250;-; 1491;-;   49;-;   49;-; 1189;-; 1105;-;   77;-;    7;-;    3;-;    0;-;   13;-;   36;-;   29;-;    9;-; 1436;-; 1318;-;  105;-;   13;-;    1;-;    4;-;   10;-;   35;-;   28;-;    5;-
4607;5027;05;A;  52;100920; 1;w;23;  924;-; 1323;-;   34;-;   41;-;  882;-;  778;-;  100;-;    4;-;    1;-;    1;-;    6;-;   27;-;   21;-;    7;-; 1268;-; 1187;-;   76;-;    5;-;    3;-;    0;-;    6;-;   35;-;   26;-;   11;-
4607;5027;05;A;  52;100920; 1;w;24;  467;-; 1087;-;   33;-;   46;-;  426;-;  378;-;   44;-;    4;-;    4;-;    0;-;    9;-;   24;-;   21;-;    4;-; 1039;-;  954;-;   82;-;    3;-;    2;-;    1;-;    4;-;   41;-;   26;-;    0;-
4607;5027;05;A;  52;100921; 2;w;01;  243;-;  518;-;   40;-;   40;-;  200;-;  166;-;   34;-;    0;-;    0;-;    0;-;   11;-;   29;-;   15;-;    3;-;  475;-;  434;-;   36;-;    5;-;    1;-;    2;-;    7;-;   31;-;   22;-;    2;-
4607;5027;05;A;  52;100921; 2;w;02;  146;-;  178;-;   36;-;   32;-;  108;-;   85;-;   22;-;    1;-;    0;-;    2;-;    9;-;   25;-;   16;-;    2;-;  145;-;  126;-;   19;-;    0;-;    0;-;    0;-;    4;-;   28;-;   17;-;    1;-
4607;5027;05;A;  52;100921; 2;w;03;  169;-;  129;-;   53;-;   33;-;  116;-;   98;-;   16;-;    2;-;    0;-;    1;-;   15;-;   37;-;   27;-;    0;-;   95;-;   72;-;   22;-;    1;-;    0;-;    0;-;    8;-;   25;-;   22;-;    1;-
4607;5027;05;A;  52;100921; 2;w;04;  543;-;  237;-;   63;-;   66;-;  477;-;  425;-;   51;-;    1;-;    2;-;    1;-;   21;-;   41;-;   28;-;    1;-;  170;-;  137;-;   33;-;    0;-;    0;-;    1;-;   22;-;   43;-;   33;-;    1;-
4607;5027;05;A;  52;100921; 2;w;05;  997;-;  513;-;  110;-;   89;-;  881;-;  823;-;   52;-;    6;-;    2;-;    7;-;   45;-;   58;-;   44;-;    4;-;  418;-;  362;-;   56;-;    0;-;    3;-;    1;-;   40;-;   48;-;   34;-;    3;-
4607;5027;05;A;  52;100921; 2;w;06; 2619;-;  837;-;  180;-;  119;-; 2418;-; 2288;-;  105;-;   25;-;    5;-;    1;-;   58;-;  121;-;  100;-;   16;-;  715;-;  640;-;   71;-;    4;-;    0;-;    0;-;   45;-;   74;-;   49;-;    3;-
4607;5027;05;A;  52;100921; 2;w;07; 5112;-; 1935;-;  270;-;  169;-; 4807;-; 4502;-;  278;-;   27;-;   16;-;    8;-;  117;-;  145;-;  108;-;   19;-; 1747;-; 1606;-;  131;-;   10;-;    8;-;    3;-;   63;-;  103;-;   75;-;   11;-
4607;5027;05;A;  52;100921; 2;w;08; 6117;-; 3538;-;  221;-;  220;-; 5802;-; 5532;-;  245;-;   25;-;   27;-;    9;-;   83;-;  129;-;  110;-;   67;-; 3292;-; 3088;-;  193;-;   11;-;   12;-;    4;-;  109;-;  107;-;   76;-;   14;-
4607;5027;05;A;  52;100921; 2;w;09; 5631;-; 3892;-;  253;-;  257;-; 5310;-; 5073;-;  211;-;   26;-;   20;-;    5;-;   89;-;  159;-;  120;-;   48;-; 3602;-; 3376;-;  207;-;   19;-;   14;-;    5;-;  130;-;  122;-;   92;-;   19;-
4607;5027;05;A;  52;100921; 2;w;10; 4083;-; 2842;-;  304;-;  271;-; 3746;-; 3571;-;  164;-;   11;-;   24;-;    6;-;  112;-;  186;-;  141;-;    9;-; 2547;-; 2321;-;  217;-;    9;-;   13;-;    9;-;  103;-;  159;-;  126;-;   11;-
4607;5027;05;A;  52;100921; 2;w;11; 2775;-; 2344;-;  244;-;  249;-; 2507;-; 2325;-;  173;-;    9;-;    9;-;    6;-;   97;-;  141;-;   98;-;   15;-; 2074;-; 1841;-;  221;-;   12;-;   11;-;    7;-;   80;-;  162;-;  129;-;   10;-
4607;5027;05;A;  52;100921; 2;w;12; 2667;-; 2386;-;  258;-;  253;-; 2370;-; 2140;-;  218;-;   12;-;   14;-;    7;-;   92;-;  159;-;  130;-;   25;-; 2109;-; 1888;-;  206;-;   15;-;   10;-;    4;-;   91;-;  158;-;  127;-;   14;-
4607;5027;05;A;  52;100921; 2;w;13; 2972;-; 2852;-;  256;-;  251;-; 2686;-; 2462;-;  202;-;   22;-;    7;-;    5;-;   90;-;  161;-;  128;-;   23;-; 2582;-; 2319;-;  256;-;    7;-;    8;-;    4;-;   71;-;  176;-;  136;-;   11;-
4607;5027;05;A;  52;100921; 2;w;14; 3081;-; 3269;-;  219;-;  240;-; 2833;-; 2597;-;  223;-;   13;-;   10;-;    3;-;   82;-;  134;-;  101;-;   19;-; 3003;-; 2743;-;  245;-;   15;-;   14;-;    2;-;   97;-;  141;-;  111;-;   12;-
4607;5027;05;A;  52;100921; 2;w;15; 2875;-; 4115;-;  226;-;  264;-; 2610;-; 2386;-;  213;-;   11;-;   18;-;    7;-;   88;-;  131;-;  105;-;   21;-; 3810;-; 3491;-;  295;-;   24;-;   28;-;   11;-;  102;-;  151;-;  121;-;   13;-
4607;5027;05;A;  52;100921; 2;w;16; 3049;-; 4880;-;  227;-;  208;-; 2788;-; 2550;-;  221;-;   17;-;   18;-;    5;-;   74;-;  148;-;  107;-;   16;-; 4630;-; 4311;-;  287;-;   32;-;   23;-;    4;-;   77;-;  127;-;   93;-;   19;-
4607;5027;05;A;  52;100921; 2;w;17; 3503;-; 5484;-;  193;-;  196;-; 3265;-; 3059;-;  187;-;   19;-;   23;-;    8;-;   72;-;  113;-;   84;-;   22;-; 5253;-; 4962;-;  260;-;   31;-;   27;-;    7;-;   60;-;  129;-;   97;-;    8;-
4607;5027;05;A;  52;100921; 2;w;18; 3512;-; 5564;-;  147;-;  155;-; 3315;-; 3164;-;  133;-;   18;-;   10;-;    3;-;   45;-;   99;-;   77;-;   40;-; 5379;-; 5156;-;  197;-;   26;-;   15;-;    4;-;   53;-;   98;-;   78;-;   15;-
4607;5027;05;A;  52;100921; 2;w;19; 3214;-; 4898;-;   92;-;   98;-; 3099;-; 2954;-;  131;-;   14;-;    7;-;    3;-;   27;-;   62;-;   48;-;   16;-; 4765;-; 4561;-;  186;-;   18;-;    8;-;    2;-;   30;-;   66;-;   59;-;   27;-
4607;5027;05;A;  52;100921; 2;w;20; 2306;-; 3224;-;   80;-;   98;-; 2189;-; 2057;-;  116;-;   16;-;    4;-;    3;-;   18;-;   59;-;   49;-;   33;-; 3099;-; 2910;-;  170;-;   19;-;   13;-;    4;-;   30;-;   64;-;   48;-;   14;-
4607;5027;05;A;  52;100921; 2;w;21; 1657;-; 2108;-;   53;-;   70;-; 1588;-; 1498;-;   78;-;   12;-;    1;-;    4;-;   11;-;   38;-;   29;-;   15;-; 2019;-; 1899;-;  113;-;    7;-;    7;-;    5;-;   16;-;   49;-;   30;-;   12;-
4607;5027;05;A;  52;100921; 2;w;22; 1313;-; 1575;-;   66;-;   57;-; 1233;-; 1153;-;   74;-;    6;-;    4;-;    3;-;   17;-;   46;-;   31;-;   10;-; 1507;-; 1403;-;   92;-;   12;-;    3;-;    3;-;   11;-;   43;-;   27;-;    8;-
4607;5027;05;A;  52;100921; 2;w;23; 1029;-; 1460;-;   49;-;   45;-;  969;-;  895;-;   72;-;    2;-;    3;-;    5;-;    5;-;   39;-;   31;-;    8;-; 1409;-; 1322;-;   75;-;   12;-;    0;-;    2;-;    7;-;   36;-;   26;-;    6;-
4607;5027;05;A;  52;100921; 2;w;24;  527;-;  984;-;   39;-;   53;-;  484;-;  434;-;   47;-;    3;-;    0;-;    1;-;    8;-;   30;-;   27;-;    4;-;  927;-;  851;-;   73;-;    3;-;    1;-;    2;-;    7;-;   44;-;   28;-;    3;-
4607;5027;05;A;  52;100922; 3;w;01;  255;-;  552;-;   42;-;   44;-;  213;-;  184;-;   28;-;    1;-;    0;-;    1;-;    8;-;   33;-;   22;-;    0;-;  504;-;  473;-;   30;-;    1;-;    2;-;    3;-;    6;-;   35;-;   28;-;    2;-
4607;5027;05;A;  52;100922; 3;w;02;  148;-;  189;-;   38;-;   37;-;  107;-;   93;-;   13;-;    1;-;    1;-;    1;-;   11;-;   26;-;   22;-;    2;-;  147;-;  129;-;   17;-;    1;-;    3;-;    0;-;    4;-;   33;-;   25;-;    2;-
4607;5027;05;A;  52;100922; 3;w;03;  140;-;  132;-;   50;-;   40;-;   90;-;   80;-;   10;-;    0;-;    0;-;    1;-;    9;-;   40;-;   27;-;    0;-;   92;-;   71;-;   20;-;    1;-;    0;-;    0;-;   11;-;   29;-;   19;-;    0;-
4607;5027;05;A;  52;100922; 3;w;04;  489;-;  235;-;   58;-;   71;-;  427;-;  374;-;   51;-;    2;-;    1;-;    1;-;   15;-;   42;-;   31;-;    3;-;  163;-;  131;-;   32;-;    0;-;    0;-;    0;-;   25;-;   46;-;   30;-;    1;-
4607;5027;05;A;  52;100922; 3;w;05;  942;-;  451;-;  120;-;   83;-;  813;-;  745;-;   61;-;    7;-;    1;-;    7;-;   44;-;   69;-;   43;-;    8;-;  366;-;  312;-;   54;-;    0;-;    0;-;    0;-;   33;-;   50;-;   34;-;    2;-
4607;5027;05;A;  52;100922; 3;w;06; 2449;-;  758;-;  188;-;  111;-; 2233;-; 2130;-;   86;-;   17;-;    4;-;    1;-;   56;-;  131;-;  101;-;   24;-;  643;-;  579;-;   60;-;    4;-;    2;-;    0;-;   39;-;   72;-;   56;-;    2;-
4607;5027;05;A;  52;100922; 3;w;07; 4465;-; 1883;-;  207;-;  172;-; 4185;-; 3916;-;  222;-;   47;-;   13;-;    3;-;   88;-;  116;-;   96;-;   60;-; 1692;-; 1545;-;  130;-;   17;-;    5;-;    1;-;   64;-;  107;-;   83;-;   14;-
4607;5027;05;A;  52;100922; 3;w;08; 6138;-; 3398;-;  247;-;  197;-; 5840;-; 5512;-;  294;-;   34;-;   28;-;   10;-;   95;-;  142;-;  104;-;   23;-; 3173;-; 2977;-;  178;-;   18;-;    7;-;    2;-;   80;-;  115;-;   94;-;   21;-
4607;5027;05;A;  52;100922; 3;w;09; 5684;-; 3919;-;  265;-;  237;-; 5361;-; 5126;-;  211;-;   24;-;   22;-;    4;-;  107;-;  154;-;  117;-;   36;-; 3645;-; 3421;-;  209;-;   15;-;   14;-;    9;-;  119;-;  109;-;   84;-;   23;-
4607;5027;05;A;  52;100922; 3;w;10; 4302;-; 2616;-;  230;-;  272;-; 4038;-; 3803;-;  210;-;   25;-;   16;-;    4;-;   93;-;  133;-;  105;-;   18;-; 2324;-; 2075;-;  241;-;    8;-;   14;-;    9;-;  108;-;  155;-;  121;-;    6;-
4607;5027;05;A;  52;100922; 3;w;11; 3482;-; 2343;-;  307;-;  273;-; 3117;-; 2893;-;  214;-;   10;-;   16;-;    5;-;  106;-;  196;-;  155;-;   42;-; 2046;-; 1824;-;  207;-;   15;-;   10;-;    5;-;  110;-;  158;-;  124;-;   14;-
4607;5027;05;A;  52;100922; 3;w;12; 2956;-; 2551;-;  269;-;  274;-; 2665;-; 2461;-;  190;-;   14;-;   14;-;    5;-;  104;-;  160;-;  131;-;    8;-; 2252;-; 2024;-;  217;-;   11;-;   13;-;    5;-;  118;-;  151;-;  110;-;   12;-
4607;5027;05;A;  52;100922; 3;w;13; 3120;-; 2967;-;  254;-;  250;-; 2835;-; 2621;-;  191;-;   23;-;   17;-;    4;-;   85;-;  165;-;  132;-;   14;-; 2691;-; 2486;-;  197;-;    8;-;   16;-;    1;-;   86;-;  163;-;  127;-;   10;-
4607;5027;05;A;  52;100922; 3;w;14; 3310;-; 3614;-;  230;-;  237;-; 3039;-; 2825;-;  192;-;   22;-;   13;-;    5;-;   89;-;  136;-;  105;-;   28;-; 3341;-; 3065;-;  254;-;   22;-;   19;-;    6;-;   81;-;  150;-;  120;-;   17;-
4607;5027;05;A;  52;100922; 3;w;15; 2985;-; 4206;-;  232;-;  243;-; 2714;-; 2497;-;  195;-;   22;-;   16;-;    2;-;   79;-;  151;-;  114;-;   23;-; 3937;-; 3666;-;  243;-;   28;-;   14;-;    3;-;   86;-;  154;-;  117;-;   12;-
4607;5027;05;A;  52;100922; 3;w;16; 3181;-; 5082;-;  207;-;  250;-; 2933;-; 2739;-;  178;-;   16;-;   19;-;    7;-;   93;-;  107;-;   74;-;   22;-; 4792;-; 4478;-;  288;-;   26;-;   31;-;    9;-;   93;-;  148;-;  116;-;    9;-
4607;5027;05;A;  52;100922; 3;w;17; 3535;-; 5757;-;  165;-;  191;-; 3336;-; 3134;-;  183;-;   19;-;   13;-;    8;-;   55;-;  102;-;   78;-;   21;-; 5528;-; 5272;-;  219;-;   37;-;   29;-;   10;-;   69;-;  112;-;   81;-;    9;-
4607;5027;05;A;  52;100922; 3;w;18; 3939;-; 5842;-;  152;-;  158;-; 3746;-; 3555;-;  167;-;   24;-;   12;-;    7;-;   42;-;  103;-;   71;-;   29;-; 5645;-; 5436;-;  181;-;   28;-;   31;-;    8;-;   50;-;  100;-;   73;-;    8;-
4607;5027;05;A;  52;100922; 3;w;19; 3528;-; 5521;-;   96;-;  100;-; 3413;-; 3247;-;  142;-;   24;-;    3;-;   10;-;   27;-;   59;-;   48;-;   16;-; 5397;-; 5174;-;  188;-;   35;-;   17;-;    2;-;   31;-;   67;-;   53;-;    7;-
4607;5027;05;A;  52;100922; 3;w;20; 2302;-; 3303;-;   72;-;   84;-; 2205;-; 2024;-;  132;-;   49;-;    6;-;    2;-;   14;-;   56;-;   42;-;   19;-; 3200;-; 3020;-;  161;-;   19;-;    7;-;    2;-;   20;-;   62;-;   49;-;   12;-
4607;5027;05;A;  52;100922; 3;w;21; 1658;-; 2160;-;   59;-;   74;-; 1579;-; 1465;-;   89;-;   25;-;    8;-;    6;-;   11;-;   42;-;   32;-;   12;-; 2067;-; 1933;-;  121;-;   13;-;   13;-;    6;-;    7;-;   61;-;   44;-;    6;-
4607;5027;05;A;  52;100922; 3;w;22; 1337;-; 1784;-;   47;-;   69;-; 1280;-; 1196;-;   75;-;    9;-;    2;-;    4;-;    7;-;   36;-;   26;-;    8;-; 1704;-; 1580;-;  101;-;   23;-;    4;-;    7;-;    6;-;   56;-;   36;-;    7;-
4607;5027;05;A;  52;100922; 3;w;23; 1154;-; 2023;-;   44;-;   55;-; 1100;-; 1022;-;   70;-;    8;-;    0;-;    1;-;    9;-;   34;-;   27;-;   10;-; 1956;-; 1841;-;   92;-;   23;-;    3;-;    2;-;   12;-;   41;-;   31;-;    9;-
4607;5027;05;A;  52;100922; 3;w;24;  743;-; 1393;-;   42;-;   53;-;  693;-;  631;-;   61;-;    1;-;    1;-;    2;-;   11;-;   29;-;   23;-;    7;-; 1332;-; 1254;-;   74;-;    4;-;    1;-;    5;-;    6;-;   42;-;   26;-;    7;-
4607;5027;05;A;  52;100923; 4;w;01;  299;-;  538;-;   30;-;   40;-;  268;-;  228;-;   40;-;    0;-;    0;-;    0;-;    6;-;   24;-;   18;-;    1;-;  494;-;  451;-;   38;-;    5;-;    0;-;    3;-;    9;-;   28;-;   20;-;    4;-
4607;5027;05;A;  52;100923; 4;w;02;  145;-;  248;-;   21;-;   39;-;  123;-;  101;-;   20;-;    2;-;    1;-;    2;-;    5;-;   14;-;    9;-;    0;-;  207;-;  176;-;   31;-;    0;-;    0;-;    1;-;    3;-;   35;-;   26;-;    2;-
4607;5027;05;A;  52;100923; 4;w;03;  191;-;  129;-;   64;-;   34;-;  126;-;  107;-;   19;-;    0;-;    0;-;    0;-;   19;-;   45;-;   31;-;    1;-;   95;-;   75;-;   19;-;    1;-;    0;-;    0;-;   11;-;   23;-;   17;-;    0;-
4607;5027;05;A;  52;100923; 4;w;04;  494;-;  257;-;   75;-;   62;-;  416;-;  361;-;   51;-;    4;-;    2;-;    1;-;   26;-;   48;-;   28;-;    1;-;  193;-;  156;-;   36;-;    1;-;    1;-;    0;-;   26;-;   36;-;   20;-;    1;-
4607;5027;05;A;  52;100923; 4;w;05;  968;-;  445;-;  137;-;   96;-;  821;-;  763;-;   52;-;    6;-;    3;-;    7;-;   39;-;   91;-;   58;-;    7;-;  345;-;  288;-;   57;-;    0;-;    1;-;    0;-;   44;-;   52;-;   38;-;    3;-
4607;5027;05;A;  52;100923; 4;w;06; 2552;-;  861;-;  167;-;  129;-; 2362;-; 2233;-;  110;-;   19;-;    4;-;    4;-;   59;-;  104;-;   83;-;   19;-;  726;-;  643;-;   78;-;    5;-;    3;-;    3;-;   31;-;   95;-;   78;-;    3;-
4607;5027;05;A;  52;100923; 4;w;07; 4764;-; 1927;-;  248;-;  172;-; 4472;-; 4160;-;  282;-;   30;-;   14;-;    8;-;   91;-;  149;-;  111;-;   30;-; 1737;-; 1574;-;  146;-;   17;-;    6;-;    2;-;   64;-;  106;-;   76;-;   12;-
4607;5027;05;A;  52;100923; 4;w;08; 6085;-; 3390;-;  253;-;  202;-; 5760;-; 5468;-;  260;-;   32;-;   33;-;   10;-;   94;-;  149;-;  122;-;   39;-; 3158;-; 2944;-;  202;-;   12;-;   14;-;    5;-;   90;-;  107;-;   80;-;   16;-
4607;5027;05;A;  52;100923; 4;w;09; 5686;-; 3831;-;  231;-;  241;-; 5413;-; 5153;-;  229;-;   31;-;   20;-;    5;-;   86;-;  140;-;  117;-;   22;-; 3568;-; 3345;-;  216;-;    7;-;   11;-;   11;-;  110;-;  120;-;   95;-;   11;-
4607;5027;05;A;  52;100923; 4;w;10; 4379;-; 2902;-;  288;-;  285;-; 4040;-; 3803;-;  215;-;   22;-;   12;-;    7;-;  109;-;  172;-;  127;-;   39;-; 2592;-; 2366;-;  214;-;   12;-;   16;-;   10;-;   95;-;  180;-;  133;-;    9;-
4607;5027;05;A;  52;100923; 4;w;11; 3240;-; 2463;-;  288;-;  279;-; 2916;-; 2692;-;  215;-;    9;-;   17;-;    6;-;   88;-;  194;-;  150;-;   19;-; 2159;-; 1913;-;  238;-;    8;-;   18;-;    6;-;  113;-;  160;-;  134;-;    7;-
4607;5027;05;A;  52;100923; 4;w;12; 2983;-; 2483;-;  269;-;  260;-; 2675;-; 2430;-;  233;-;   12;-;   23;-;    5;-;   97;-;  167;-;  136;-;   16;-; 2204;-; 1975;-;  223;-;    6;-;    8;-;    4;-;  106;-;  150;-;  121;-;   11;-
4607;5027;05;A;  52;100923; 4;w;13; 3082;-; 2967;-;  262;-;  256;-; 2773;-; 2548;-;  201;-;   24;-;   17;-;   11;-;   90;-;  161;-;  129;-;   30;-; 2692;-; 2424;-;  255;-;   13;-;   13;-;    4;-;   91;-;  161;-;  133;-;    6;-
4607;5027;05;A;  52;100923; 4;w;14; 3243;-; 3573;-;  242;-;  267;-; 2949;-; 2730;-;  194;-;   25;-;   21;-;    1;-;   80;-;  161;-;  132;-;   31;-; 3266;-; 3003;-;  246;-;   17;-;   20;-;    2;-;  106;-;  159;-;  131;-;   20;-
4607;5027;05;A;  52;100923; 4;w;15; 2995;-; 4295;-;  236;-;  245;-; 2713;-; 2515;-;  181;-;   17;-;   20;-;    6;-;   82;-;  148;-;  110;-;   26;-; 3999;-; 3694;-;  280;-;   25;-;   26;-;    7;-;   92;-;  146;-;  113;-;   25;-
4607;5027;05;A;  52;100923; 4;w;16; 3215;-; 4986;-;  196;-;  241;-; 2990;-; 2757;-;  214;-;   19;-;   13;-;    3;-;   82;-;  111;-;   78;-;   16;-; 4716;-; 4396;-;  285;-;   35;-;   18;-;    3;-;   83;-;  155;-;  115;-;   11;-
4607;5027;05;A;  52;100923; 4;w;17; 3510;-; 5628;-;  174;-;  218;-; 3292;-; 3113;-;  157;-;   22;-;   20;-;    4;-;   67;-;  103;-;   91;-;   24;-; 5368;-; 5040;-;  297;-;   31;-;   26;-;    7;-;   72;-;  139;-;  101;-;   16;-
4607;5027;05;A;  52;100923; 4;w;18; 3737;-; 5966;-;  124;-;  180;-; 3585;-; 3414;-;  152;-;   19;-;   12;-;    2;-;   43;-;   79;-;   69;-;   16;-; 5749;-; 5534;-;  186;-;   29;-;   22;-;    6;-;   60;-;  114;-;   91;-;   15;-
4607;5027;05;A;  52;100923; 4;w;19; 3350;-; 5294;-;  109;-;  114;-; 3204;-; 3052;-;  130;-;   22;-;    7;-;    9;-;   23;-;   77;-;   59;-;   30;-; 5150;-; 4940;-;  183;-;   27;-;   14;-;    4;-;   32;-;   78;-;   67;-;   16;-
4607;5027;05;A;  52;100923; 4;w;20; 2445;-; 3353;-;   85;-;   74;-; 2336;-; 2182;-;  140;-;   14;-;    7;-;    5;-;   19;-;   61;-;   50;-;   17;-; 3260;-; 3088;-;  148;-;   24;-;    8;-;    2;-;   21;-;   51;-;   43;-;   11;-
4607;5027;05;A;  52;100923; 4;w;21; 1700;-; 2427;-;   68;-;   82;-; 1614;-; 1486;-;  116;-;   12;-;    9;-;    6;-;   16;-;   46;-;   32;-;    9;-; 2331;-; 2195;-;  125;-;   11;-;    3;-;    8;-;   18;-;   56;-;   42;-;   11;-
4607;5027;05;A;  52;100923; 4;w;22; 1304;-; 1795;-;   54;-;   57;-; 1235;-; 1166;-;   61;-;    8;-;    1;-;    6;-;   11;-;   37;-;   25;-;   14;-; 1729;-; 1608;-;  108;-;   13;-;    5;-;    5;-;    9;-;   43;-;   27;-;    4;-
4607;5027;05;A;  52;100923; 4;w;23;  996;-; 1616;-;   49;-;   55;-;  938;-;  883;-;   52;-;    3;-;    2;-;    1;-;   11;-;   37;-;   26;-;    7;-; 1550;-; 1458;-;   77;-;   15;-;    2;-;    1;-;   15;-;   39;-;   25;-;    9;-
4607;5027;05;A;  52;100923; 4;w;24;  607;-; 1156;-;   46;-;   56;-;  555;-;  514;-;   40;-;    1;-;    0;-;    0;-;    8;-;   38;-;   30;-;    6;-; 1092;-; 1024;-;   64;-;    4;-;    3;-;    5;-;    7;-;   44;-;   27;-;    5;-
4607;5027;05;A;  52;100924; 5;w;01;  295;-;  508;-;   28;-;   50;-;  266;-;  241;-;   24;-;    1;-;    0;-;    0;-;    3;-;   25;-;   18;-;    1;-;  458;-;  414;-;   41;-;    3;-;    0;-;    3;-;    5;-;   42;-;   31;-;    0;-
4607;5027;05;A;  52;100924; 5;w;02;  198;-;  180;-;   40;-;   25;-;  152;-;  128;-;   24;-;    0;-;    2;-;    1;-;   12;-;   27;-;   18;-;    4;-;  152;-;  137;-;   14;-;    1;-;    2;-;    1;-;    3;-;   21;-;   13;-;    1;-
4607;5027;05;A;  52;100924; 5;w;03;  170;-;  170;-;   54;-;   34;-;  114;-;   96;-;   18;-;    0;-;    2;-;    1;-;   14;-;   39;-;   27;-;    0;-;  133;-;  102;-;   31;-;    0;-;    3;-;    1;-;    8;-;   25;-;   22;-;    0;-
4607;5027;05;A;  52;100924; 5;w;04;  513;-;  251;-;   66;-;   50;-;  443;-;  387;-;   55;-;    1;-;    3;-;    2;-;   21;-;   43;-;   28;-;    1;-;  200;-;  166;-;   34;-;    0;-;    1;-;    0;-;   18;-;   32;-;   23;-;    0;-
4607;5027;05;A;  52;100924; 5;w;05; 1020;-;  531;-;  119;-;   98;-;  889;-;  827;-;   62;-;    0;-;    2;-;   10;-;   44;-;   65;-;   50;-;   10;-;  430;-;  371;-;   58;-;    1;-;    2;-;    5;-;   46;-;   47;-;   33;-;    1;-
4607;5027;05;A;  52;100924; 5;w;06; 2394;-;  896;-;  189;-;  138;-; 2180;-; 2086;-;   86;-;    8;-;    4;-;    3;-;   66;-;  120;-;   95;-;   21;-;  753;-;  687;-;   64;-;    2;-;    3;-;    1;-;   35;-;  102;-;   70;-;    2;-
4607;5027;05;A;  52;100924; 5;w;07; 4419;-; 1866;-;  250;-;  160;-; 4129;-; 3884;-;  233;-;   12;-;   16;-;    6;-;  100;-;  144;-;  106;-;   24;-; 1695;-; 1570;-;  121;-;    4;-;    4;-;    3;-;   58;-;   99;-;   75;-;    7;-
4607;5027;05;A;  52;100924; 5;w;08; 5618;-; 3163;-;  242;-;  202;-; 5318;-; 5122;-;  187;-;    9;-;   26;-;   15;-;  101;-;  126;-;   97;-;   32;-; 2942;-; 2774;-;  161;-;    7;-;    7;-;    5;-;   93;-;  104;-;   77;-;   12;-
4607;5027;05;A;  52;100924; 5;w;09; 5495;-; 3730;-;  244;-;  276;-; 5175;-; 4988;-;  180;-;    7;-;   18;-;    9;-;   97;-;  138;-;  109;-;   58;-; 3423;-; 3185;-;  221;-;   17;-;    9;-;   11;-;  122;-;  143;-;  110;-;   22;-
4607;5027;05;A;  52;100924; 5;w;10; 4130;-; 2677;-;  299;-;  286;-; 3791;-; 3532;-;  248;-;   11;-;   11;-;   14;-;  115;-;  170;-;  128;-;   29;-; 2370;-; 2133;-;  234;-;    3;-;    9;-;    9;-;  121;-;  156;-;  122;-;   12;-
4607;5027;05;A;  52;100924; 5;w;11; 2988;-; 2504;-;  286;-;  262;-; 2673;-; 2404;-;  262;-;    7;-;   12;-;    6;-;  109;-;  171;-;  130;-;   17;-; 2215;-; 1901;-;  308;-;    6;-;   17;-;   10;-;   98;-;  154;-;  120;-;   10;-
4607;5027;05;A;  52;100924; 5;w;12; 2723;-; 2787;-;  219;-;  271;-; 2458;-; 2268;-;  185;-;    5;-;   16;-;   10;-;   71;-;  138;-;  105;-;   30;-; 2493;-; 2244;-;  240;-;    9;-;   16;-;    4;-;  111;-;  156;-;  128;-;    7;-
4607;5027;05;A;  52;100924; 5;w;13; 2714;-; 3637;-;  207;-;  243;-; 2472;-; 2284;-;  182;-;    6;-;   15;-;    7;-;   77;-;  123;-;   95;-;   20;-; 3372;-; 3113;-;  252;-;    7;-;   13;-;    8;-;   90;-;  145;-;  118;-;    9;-
4607;5027;05;A;  52;100924; 5;w;14; 3790;-; 4341;-;  278;-;  232;-; 3471;-; 3258;-;  202;-;   11;-;   17;-;    9;-;  104;-;  165;-;  129;-;   24;-; 4079;-; 3806;-;  258;-;   15;-;   15;-;    9;-;  103;-;  120;-;   90;-;   15;-
4607;5027;05;A;  52;100924; 5;w;15; 3463;-; 4962;-;  242;-;  269;-; 3182;-; 2978;-;  198;-;    6;-;   19;-;   12;-;   83;-;  147;-;  114;-;   20;-; 4657;-; 4423;-;  226;-;    8;-;   27;-;   10;-;   77;-;  182;-;  144;-;    9;-
4607;5027;05;A;  52;100924; 5;w;16; 3598;-; 4576;-;  210;-;  227;-; 3330;-; 3153;-;  170;-;    7;-;   18;-;    9;-;   76;-;  125;-;   99;-;   40;-; 4318;-; 4128;-;  179;-;   11;-;   24;-;    6;-;   80;-;  141;-;  106;-;    7;-
4607;5027;05;A;  52;100924; 5;w;17; 3759;-; 5250;-;  176;-;  194;-; 3540;-; 3353;-;  176;-;   11;-;   14;-;   10;-;   67;-;   99;-;   76;-;   29;-; 5023;-; 4836;-;  184;-;    3;-;   27;-;    9;-;   68;-;  117;-;   91;-;    6;-
4607;5027;05;A;  52;100924; 5;w;18; 3822;-; 4989;-;  102;-;  144;-; 3673;-; 3521;-;  149;-;    3;-;   18;-;    5;-;   32;-;   65;-;   51;-;   29;-; 4810;-; 4615;-;  185;-;   10;-;   21;-;    9;-;   56;-;   79;-;   63;-;   14;-
4607;5027;05;A;  52;100924; 5;w;19; 3417;-; 4536;-;  106;-;  135;-; 3277;-; 3150;-;  121;-;    6;-;   12;-;    4;-;   27;-;   75;-;   61;-;   22;-; 4372;-; 4178;-;  191;-;    3;-;   11;-;    9;-;   44;-;   82;-;   64;-;   18;-
4607;5027;05;A;  52;100924; 5;w;20; 2532;-; 3472;-;   70;-;  113;-; 2436;-; 2333;-;   96;-;    7;-;   13;-;    4;-;   21;-;   45;-;   33;-;   13;-; 3330;-; 3156;-;  169;-;    5;-;   17;-;    7;-;   29;-;   77;-;   59;-;   12;-
4607;5027;05;A;  52;100924; 5;w;21; 1804;-; 2313;-;   58;-;   80;-; 1727;-; 1630;-;   89;-;    8;-;    7;-;    5;-;   16;-;   37;-;   31;-;   12;-; 2214;-; 2074;-;  135;-;    5;-;    8;-;    9;-;   15;-;   56;-;   35;-;   11;-
4607;5027;05;A;  52;100924; 5;w;22; 1410;-; 1628;-;   61;-;   60;-; 1334;-; 1256;-;   76;-;    2;-;    5;-;    2;-;   16;-;   43;-;   34;-;   10;-; 1560;-; 1474;-;   83;-;    3;-;    4;-;    2;-;   17;-;   41;-;   24;-;    4;-
4607;5027;05;A;  52;100924; 5;w;23; 1257;-; 1718;-;   47;-;   42;-; 1204;-; 1142;-;   60;-;    2;-;    1;-;    9;-;    9;-;   29;-;   22;-;    5;-; 1668;-; 1588;-;   77;-;    3;-;    3;-;    0;-;    9;-;   33;-;   26;-;    5;-
4607;5027;05;A;  52;100924; 5;w;24;  878;-; 1436;-;   47;-;   49;-;  826;-;  757;-;   69;-;    0;-;    0;-;    6;-;    8;-;   33;-;   25;-;    5;-; 1379;-; 1298;-;   78;-;    3;-;    3;-;    6;-;    8;-;   35;-;   24;-;    5;-
4607;5027;05;A;  52;100925; 6;w;01;  553;-;  857;-;   31;-;   36;-;  520;-;  483;-;   36;-;    1;-;    0;-;    4;-;    6;-;   21;-;   17;-;    2;-;  817;-;  761;-;   54;-;    2;-;    0;-;    8;-;    4;-;   24;-;   14;-;    4;-
4607;5027;05;A;  52;100925; 6;w;02;  399;-;  431;-;   38;-;   32;-;  359;-;  321;-;   36;-;    2;-;    1;-;    2;-;    9;-;   27;-;   22;-;    1;-;  398;-;  365;-;   33;-;    0;-;    1;-;    0;-;    4;-;   28;-;   24;-;    0;-
4607;5027;05;A;  52;100925; 6;w;03;  249;-;  271;-;   42;-;   29;-;  206;-;  190;-;   16;-;    0;-;    0;-;    0;-;   11;-;   31;-;   20;-;    1;-;  241;-;  212;-;   29;-;    0;-;    1;-;    1;-;   10;-;   18;-;   14;-;    0;-
4607;5027;05;A;  52;100925; 6;w;04;  541;-;  308;-;   38;-;   45;-;  497;-;  453;-;   44;-;    0;-;    3;-;    2;-;   11;-;   25;-;   15;-;    3;-;  261;-;  229;-;   31;-;    1;-;    2;-;    1;-;   15;-;   29;-;   23;-;    0;-
4607;5027;05;A;  52;100925; 6;w;05;  726;-;  541;-;   55;-;   60;-;  669;-;  615;-;   53;-;    1;-;    1;-;    1;-;   20;-;   34;-;   20;-;    1;-;  478;-;  425;-;   53;-;    0;-;    1;-;    1;-;   33;-;   26;-;   18;-;    2;-
4607;5027;05;A;  52;100925; 6;w;06; 1117;-;  560;-;   79;-;   39;-; 1021;-;  952;-;   67;-;    2;-;    9;-;    5;-;   31;-;   43;-;   31;-;    8;-;  515;-;  475;-;   40;-;    0;-;    3;-;    2;-;   19;-;   18;-;   13;-;    3;-
4607;5027;05;A;  52;100925; 6;w;07; 1108;-;  795;-;   71;-;   44;-; 1014;-;  893;-;  120;-;    1;-;   13;-;    4;-;   38;-;   29;-;   22;-;   10;-;  741;-;  671;-;   68;-;    2;-;    9;-;    4;-;    8;-;   32;-;   25;-;    1;-
4607;5027;05;A;  52;100925; 6;w;08; 1395;-; 1175;-;   76;-;   67;-; 1289;-; 1139;-;  147;-;    3;-;   18;-;    5;-;   43;-;   28;-;   22;-;   12;-; 1094;-;  993;-;   99;-;    2;-;    5;-;    4;-;   31;-;   32;-;   26;-;    9;-
4607;5027;05;A;  52;100925; 6;w;09; 1784;-; 1514;-;   76;-;   69;-; 1681;-; 1520;-;  158;-;    3;-;    9;-;    7;-;   31;-;   38;-;   30;-;   18;-; 1428;-; 1308;-;  117;-;    3;-;   11;-;    3;-;   34;-;   32;-;   23;-;    6;-
4607;5027;05;A;  52;100925; 6;w;10; 2443;-; 1992;-;   91;-;   76;-; 2323;-; 2177;-;  145;-;    1;-;   16;-;    8;-;   44;-;   39;-;   35;-;   13;-; 1897;-; 1761;-;  133;-;    3;-;    9;-;    5;-;   34;-;   37;-;   32;-;   10;-
4607;5027;05;A;  52;100925; 6;w;11; 2630;-; 2354;-;   67;-;   52;-; 2539;-; 2386;-;  147;-;    6;-;   12;-;    3;-;   37;-;   27;-;   18;-;   12;-; 2274;-; 2117;-;  150;-;    7;-;   22;-;    6;-;   24;-;   22;-;   19;-;    6;-
4607;5027;05;A;  52;100925; 6;w;12; 2721;-; 2600;-;   52;-;   60;-; 2637;-; 2484;-;  144;-;    9;-;   22;-;    1;-;   27;-;   24;-;   22;-;   10;-; 2518;-; 2368;-;  143;-;    7;-;   14;-;    2;-;   32;-;   26;-;   19;-;    8;-
4607;5027;05;A;  52;100925; 6;w;13; 3071;-; 3049;-;   36;-;   36;-; 3001;-; 2844;-;  145;-;   12;-;   12;-;    4;-;   15;-;   17;-;   13;-;   22;-; 2991;-; 2845;-;  136;-;   10;-;   16;-;    3;-;   19;-;   14;-;   12;-;    6;-
4607;5027;05;A;  52;100925; 6;w;14; 3196;-; 3526;-;   42;-;   39;-; 3106;-; 2937;-;  148;-;   21;-;   18;-;    4;-;   26;-;   12;-;   12;-;   30;-; 3454;-; 3265;-;  182;-;    7;-;   18;-;    6;-;   19;-;   14;-;   12;-;   15;-
4607;5027;05;A;  52;100925; 6;w;15; 3060;-; 3438;-;   40;-;   45;-; 2984;-; 2857;-;  117;-;   10;-;   17;-;    4;-;   20;-;   16;-;   15;-;   19;-; 3354;-; 3174;-;  173;-;    7;-;   26;-;    3;-;   24;-;   18;-;   15;-;   13;-
4607;5027;05;A;  52;100925; 6;w;16; 2715;-; 3118;-;   31;-;   28;-; 2659;-; 2532;-;  117;-;   10;-;   17;-;    6;-;   16;-;    9;-;    8;-;    8;-; 3056;-; 2900;-;  144;-;   12;-;   21;-;    3;-;   13;-;   12;-;    7;-;   13;-
4607;5027;05;A;  52;100925; 6;w;17; 2301;-; 2840;-;   19;-;   41;-; 2257;-; 2112;-;  126;-;   19;-;   11;-;    2;-;    5;-;   12;-;    8;-;   14;-; 2768;-; 2609;-;  148;-;   11;-;   16;-;    4;-;   27;-;   10;-;    9;-;   15;-
4607;5027;05;A;  52;100925; 6;w;18; 2487;-; 2724;-;   30;-;   27;-; 2430;-; 2285;-;  128;-;   17;-;   12;-;    9;-;   11;-;   10;-;    8;-;   15;-; 2672;-; 2512;-;  153;-;    7;-;   13;-;    3;-;   14;-;   10;-;    6;-;   12;-
4607;5027;05;A;  52;100925; 6;w;19; 2655;-; 2615;-;   27;-;   32;-; 2596;-; 2492;-;   92;-;   12;-;   13;-;    8;-;   12;-;    7;-;    7;-;   19;-; 2563;-; 2445;-;  111;-;    7;-;   10;-;    6;-;   18;-;    8;-;    6;-;   10;-
4607;5027;05;A;  52;100925; 6;w;20; 2220;-; 2156;-;   14;-;   22;-; 2187;-; 2078;-;   99;-;   10;-;    6;-;    4;-;    4;-;    6;-;    5;-;   13;-; 2110;-; 2013;-;   94;-;    3;-;   13;-;    2;-;   12;-;    8;-;    3;-;   11;-
4607;5027;05;A;  52;100925; 6;w;21; 1565;-; 1687;-;   13;-;   19;-; 1537;-; 1456;-;   70;-;   11;-;   10;-;    3;-;    6;-;    4;-;    3;-;    5;-; 1659;-; 1574;-;   79;-;    6;-;    6;-;    8;-;    7;-;    4;-;    4;-;    3;-
4607;5027;05;A;  52;100925; 6;w;22; 1261;-; 1093;-;   18;-;   18;-; 1230;-; 1151;-;   74;-;    5;-;    7;-;    4;-;    7;-;    7;-;    6;-;    6;-; 1068;-; 1005;-;   60;-;    3;-;    5;-;    6;-;    6;-;    6;-;    5;-;    2;-
4607;5027;05;A;  52;100925; 6;w;23; 1233;-; 1230;-;   21;-;    9;-; 1205;-; 1137;-;   68;-;    0;-;    0;-;    6;-;    8;-;    7;-;    4;-;    7;-; 1209;-; 1166;-;   43;-;    0;-;    8;-;    1;-;    6;-;    2;-;    1;-;    4;-
4607;5027;05;A;  52;100925; 6;w;24; 1153;-; 1309;-;   10;-;    7;-; 1131;-; 1070;-;   57;-;    4;-;    3;-;    2;-;    7;-;    1;-;    0;-;    9;-; 1296;-; 1240;-;   53;-;    3;-;    1;-;    2;-;    3;-;    2;-;    2;-;    5;-
4607;5027;05;A;  52;100926; 7;s;01;  835;-; 1087;-;   11;-;    7;-;  817;-;  772;-;   43;-;    2;-;    1;-;    0;-;    8;-;    3;-;    2;-;    6;-; 1076;-; 1025;-;   49;-;    2;-;    1;-;    3;-;    4;-;    0;-;    0;-;    3;-
4607;5027;05;A;  52;100926; 7;s;02;  547;-;  540;-;    7;-;    8;-;  537;-;  507;-;   30;-;    0;-;    0;-;    0;-;    5;-;    2;-;    1;-;    3;-;  527;-;  499;-;   28;-;    0;-;    0;-;    3;-;    4;-;    1;-;    1;-;    5;-
4607;5027;05;A;  52;100926; 7;s;03;  333;-;  352;-;    4;-;    3;-;  326;-;  302;-;   24;-;    0;-;    1;-;    0;-;    3;-;    1;-;    0;-;    2;-;  347;-;  320;-;   27;-;    0;-;    1;-;    0;-;    3;-;    0;-;    0;-;    1;-
4607;5027;05;A;  52;100926; 7;s;04;  674;-;  377;-;    8;-;    4;-;  660;-;  613;-;   47;-;    0;-;    2;-;    0;-;    8;-;    0;-;    0;-;    4;-;  371;-;  340;-;   31;-;    0;-;    2;-;    1;-;    3;-;    0;-;    0;-;    0;-
4607;5027;05;A;  52;100926; 7;s;05;  679;-;  566;-;    6;-;    5;-;  665;-;  625;-;   38;-;    2;-;    4;-;    1;-;    1;-;    4;-;    1;-;    4;-;  560;-;  510;-;   48;-;    2;-;    1;-;    0;-;    5;-;    0;-;    0;-;    0;-
4607;5027;05;A;  52;100926; 7;s;06;  810;-;  552;-;   16;-;    7;-;  774;-;  733;-;   40;-;    1;-;   13;-;    1;-;    8;-;    7;-;    6;-;    7;-;  542;-;  498;-;   44;-;    0;-;    1;-;    1;-;    4;-;    2;-;    2;-;    2;-
4607;5027;05;A;  52;100926; 7;s;07;  630;-;  523;-;   14;-;   10;-;  602;-;  543;-;   57;-;    2;-;   13;-;    4;-;    8;-;    2;-;    1;-;    1;-;  511;-;  474;-;   34;-;    3;-;    1;-;    6;-;    3;-;    1;-;    1;-;    1;-
4607;5027;05;A;  52;100926; 7;s;08;  729;-;  568;-;   12;-;   12;-;  693;-;  619;-;   71;-;    3;-;   21;-;    0;-;    7;-;    5;-;    4;-;    3;-;  549;-;  496;-;   53;-;    0;-;    6;-;    5;-;    5;-;    2;-;    2;-;    1;-
4607;5027;05;A;  52;100926; 7;s;09; 1057;-;  737;-;   29;-;   16;-; 1011;-;  908;-;   99;-;    4;-;   12;-;    6;-;   22;-;    1;-;    1;-;    5;-;  711;-;  655;-;   55;-;    1;-;    4;-;    9;-;    5;-;    2;-;    2;-;    6;-
4607;5027;05;A;  52;100926; 7;s;10; 1498;-; 1140;-;   32;-;   14;-; 1428;-; 1317;-;  108;-;    3;-;   30;-;   11;-;   14;-;    7;-;    7;-;    8;-; 1119;-; 1042;-;   70;-;    7;-;    2;-;    7;-;    7;-;    0;-;    0;-;    5;-
4607;5027;05;A;  52;100926; 7;s;11; 1809;-; 1628;-;   17;-;   13;-; 1770;-; 1661;-;   97;-;   12;-;   10;-;    3;-;   11;-;    3;-;    3;-;   12;-; 1602;-; 1480;-;  105;-;   17;-;    4;-;    6;-;    4;-;    3;-;    3;-;    9;-
4607;5027;05;A;  52;100926; 7;s;12; 2010;-; 1876;-;   18;-;   19;-; 1963;-; 1858;-;   90;-;   15;-;   14;-;    3;-;   12;-;    3;-;    2;-;   15;-; 1835;-; 1699;-;  106;-;   30;-;   16;-;    4;-;    9;-;    6;-;    5;-;    6;-
4607;5027;05;A;  52;100926; 7;s;13; 2266;-; 2162;-;   11;-;   15;-; 2227;-; 2101;-;  106;-;   20;-;   15;-;    0;-;    6;-;    5;-;    3;-;   13;-; 2130;-; 1988;-;  126;-;   16;-;   13;-;    3;-;    9;-;    3;-;    2;-;    4;-
4607;5027;05;A;  52;100926; 7;s;14; 2645;-; 2409;-;   20;-;    8;-; 2583;-; 2441;-;  120;-;   22;-;   14;-;    7;-;    7;-;    6;-;    4;-;   28;-; 2385;-; 2237;-;  134;-;   14;-;    6;-;    4;-;    3;-;    1;-;    1;-;   10;-
4607;5027;05;A;  52;100926; 7;s;15; 2678;-; 2682;-;   32;-;   25;-; 2610;-; 2496;-;   93;-;   21;-;   15;-;    5;-;   13;-;   14;-;   10;-;   21;-; 2634;-; 2518;-;  109;-;    7;-;   12;-;    3;-;    9;-;   13;-;    8;-;   11;-
4607;5027;05;A;  52;100926; 7;s;16; 2510;-; 2596;-;   22;-;   15;-; 2457;-; 2321;-;  112;-;   24;-;   11;-;    2;-;   17;-;    3;-;    3;-;   20;-; 2565;-; 2429;-;  120;-;   16;-;    8;-;    5;-;    5;-;    5;-;    5;-;    8;-
4607;5027;05;A;  52;100926; 7;s;17; 2419;-; 2630;-;   22;-;   19;-; 2368;-; 2250;-;  108;-;   10;-;   15;-;    6;-;    9;-;    7;-;    5;-;   14;-; 2583;-; 2454;-;  115;-;   14;-;   23;-;    5;-;   10;-;    4;-;    3;-;    5;-
4607;5027;05;A;  52;100926; 7;s;18; 2726;-; 2516;-;   25;-;   21;-; 2664;-; 2549;-;  106;-;    9;-;   13;-;    4;-;   12;-;    9;-;    8;-;   24;-; 2445;-; 2303;-;  133;-;    9;-;   42;-;    4;-;   12;-;    5;-;    4;-;    8;-
4607;5027;05;A;  52;100926; 7;s;19; 2707;-; 2637;-;   28;-;   33;-; 2640;-; 2502;-;  122;-;   16;-;   11;-;    6;-;   15;-;    7;-;    7;-;   28;-; 2556;-; 2418;-;  131;-;    7;-;   38;-;    9;-;   13;-;   11;-;    8;-;   10;-
4607;5027;05;A;  52;100926; 7;s;20; 2164;-; 2031;-;   23;-;   25;-; 2117;-; 2013;-;   96;-;    8;-;   12;-;    3;-;   15;-;    5;-;    4;-;   12;-; 1980;-; 1865;-;  109;-;    6;-;   22;-;    8;-;   11;-;    6;-;    6;-;    4;-
4607;5027;05;A;  52;100926; 7;s;21; 1833;-; 1584;-;   18;-;   23;-; 1799;-; 1701;-;   87;-;   11;-;    4;-;    4;-;    6;-;    8;-;    8;-;   12;-; 1543;-; 1458;-;   80;-;    5;-;   11;-;    9;-;    8;-;    6;-;    5;-;    7;-
4607;5027;05;A;  52;100926; 7;s;22; 1561;-; 1211;-;   31;-;   18;-; 1518;-; 1439;-;   75;-;    4;-;    2;-;    6;-;   13;-;   12;-;   11;-;   10;-; 1180;-; 1124;-;   53;-;    3;-;   11;-;    5;-;    3;-;   10;-;    8;-;    2;-
4607;5027;05;A;  52;100926; 7;s;23; 1105;-; 1059;-;   36;-;   34;-; 1054;-;  975;-;   78;-;    1;-;    4;-;    2;-;    9;-;   25;-;   21;-;   11;-; 1018;-;  947;-;   63;-;    8;-;    4;-;    5;-;    8;-;   21;-;   19;-;    3;-
4607;5027;05;A;  52;100926; 7;s;24;  590;-;  980;-;   45;-;   38;-;  539;-;  481;-;   57;-;    1;-;    4;-;    2;-;   13;-;   30;-;   27;-;    2;-;  935;-;  851;-;   82;-;    2;-;    4;-;    7;-;    9;-;   22;-;   18;-;    3;-
4607;5027;05;A;  52;100927; 1;w;01;  258;-;  359;-;   24;-;   22;-;  229;-;  194;-;   35;-;    0;-;    2;-;    2;-;    8;-;   14;-;   10;-;    3;-;  334;-;  297;-;   36;-;    1;-;    1;-;    3;-;    7;-;   12;-;   11;-;    2;-
4607;5027;05;A;  52;100927; 1;w;02;  163;-;  160;-;   34;-;   29;-;  127;-;  110;-;   16;-;    1;-;    2;-;    1;-;   10;-;   23;-;   19;-;    0;-;  131;-;  106;-;   25;-;    0;-;    0;-;    0;-;    5;-;   24;-;   20;-;    0;-
4607;5027;05;A;  52;100927; 1;w;03;  149;-;  113;-;   53;-;   29;-;   95;-;   84;-;   11;-;    0;-;    0;-;    1;-;    9;-;   43;-;   29;-;    1;-;   83;-;   60;-;   23;-;    0;-;    1;-;    0;-;    9;-;   20;-;   15;-;    0;-
4607;5027;05;A;  52;100927; 1;w;04;  513;-;  238;-;   58;-;   52;-;  451;-;  410;-;   39;-;    2;-;    3;-;    1;-;   21;-;   36;-;   27;-;    1;-;  184;-;  147;-;   37;-;    0;-;    1;-;    0;-;   17;-;   35;-;   26;-;    1;-
4607;5027;05;A;  52;100927; 1;w;05;  990;-;  446;-;  107;-;   82;-;  876;-;  820;-;   55;-;    1;-;    3;-;    4;-;   41;-;   62;-;   52;-;    4;-;  358;-;  309;-;   49;-;    0;-;    1;-;    2;-;   39;-;   41;-;   29;-;    5;-
4607;5027;05;A;  52;100927; 1;w;06; 2724;-;  910;-;  156;-;  106;-; 2549;-; 2419;-;  115;-;   15;-;    3;-;    1;-;   59;-;   96;-;   82;-;   16;-;  795;-;  727;-;   67;-;    1;-;    6;-;    5;-;   32;-;   69;-;   52;-;    3;-
4607;5027;05;A;  52;100927; 1;w;07; 4902;-; 2072;-;  224;-;  168;-; 4615;-; 4340;-;  259;-;   16;-;   17;-;    4;-;   82;-;  138;-;  111;-;   46;-; 1885;-; 1749;-;  128;-;    8;-;    7;-;    2;-;   61;-;  105;-;   89;-;   12;-
4607;5027;05;A;  52;100927; 1;w;08; 6121;-; 3578;-;  262;-;  219;-; 5788;-; 5526;-;  245;-;   17;-;   22;-;   10;-;   95;-;  157;-;  125;-;   49;-; 3341;-; 3159;-;  179;-;    3;-;    8;-;    9;-;   91;-;  119;-;   98;-;   10;-
4607;5027;05;A;  52;100927; 1;w;09; 6037;-; 3917;-;  257;-;  236;-; 5715;-; 5490;-;  211;-;   14;-;   28;-;    4;-;   99;-;  154;-;  124;-;   37;-; 3652;-; 3424;-;  223;-;    5;-;   14;-;   10;-;  104;-;  122;-;   87;-;   15;-
4607;5027;05;A;  52;100927; 1;w;10; 4582;-; 2851;-;  333;-;  257;-; 4202;-; 3954;-;  242;-;    6;-;   17;-;    7;-;  131;-;  195;-;  153;-;   30;-; 2570;-; 2349;-;  218;-;    3;-;   15;-;    4;-;  107;-;  146;-;  118;-;    9;-
4607;5027;05;A;  52;100927; 1;w;11; 3234;-; 2441;-;  242;-;  251;-; 2956;-; 2724;-;  228;-;    4;-;   23;-;    6;-;   83;-;  153;-;  114;-;   13;-; 2166;-; 1936;-;  229;-;    1;-;   17;-;    6;-;   92;-;  153;-;  117;-;    7;-
4607;5027;05;A;  52;100927; 1;w;12; 2965;-; 2490;-;  292;-;  251;-; 2634;-; 2413;-;  215;-;    6;-;   12;-;    6;-;  107;-;  179;-;  144;-;   27;-; 2222;-; 1992;-;  224;-;    6;-;   14;-;    9;-;  119;-;  123;-;  104;-;    3;-
4607;5027;05;A;  52;100927; 1;w;13; 2993;-; 2840;-;  252;-;  248;-; 2705;-; 2506;-;  192;-;    7;-;   15;-;    4;-;   80;-;  168;-;  139;-;   21;-; 2561;-; 2346;-;  210;-;    5;-;   17;-;    3;-;   84;-;  161;-;  124;-;   14;-
4607;5027;05;A;  52;100927; 1;w;14; 3119;-; 3333;-;  272;-;  237;-; 2819;-; 2643;-;  170;-;    6;-;   12;-;    7;-;   95;-;  170;-;  138;-;   16;-; 3060;-; 2843;-;  212;-;    5;-;   22;-;    6;-;   79;-;  152;-;  107;-;   14;-
4607;5027;05;A;  52;100927; 1;w;15; 2821;-; 3883;-;  234;-;  235;-; 2557;-; 2363;-;  190;-;    4;-;   13;-;    3;-;  100;-;  131;-;   99;-;   17;-; 3618;-; 3366;-;  243;-;    9;-;   19;-;    5;-;  103;-;  127;-;   96;-;   11;-
4607;5027;05;A;  52;100927; 1;w;16; 2908;-; 4547;-;  217;-;  245;-; 2653;-; 2470;-;  170;-;   13;-;   12;-;    4;-;   81;-;  132;-;   96;-;   26;-; 4274;-; 4021;-;  244;-;    9;-;   20;-;    7;-;   99;-;  139;-;  104;-;    8;-
4607;5027;05;A;  52;100927; 1;w;17; 3184;-; 4854;-;  175;-;  196;-; 2983;-; 2804;-;  174;-;    5;-;   10;-;    5;-;   66;-;  104;-;   83;-;   16;-; 4631;-; 4440;-;  181;-;   10;-;   20;-;    9;-;   68;-;  119;-;   84;-;    7;-
4607;5027;05;A;  52;100927; 1;w;18; 3349;-; 5095;-;  125;-;  160;-; 3187;-; 3058;-;  120;-;    9;-;   12;-;    8;-;   43;-;   74;-;   62;-;   25;-; 4916;-; 4750;-;  157;-;    9;-;   10;-;    8;-;   49;-;  103;-;   80;-;    9;-
4607;5027;05;A;  52;100927; 1;w;19; 3633;-; 4813;-;  107;-;  116;-; 3490;-; 3388;-;   98;-;    4;-;    6;-;    5;-;   27;-;   75;-;   56;-;   30;-; 4667;-; 4536;-;  124;-;    7;-;   21;-;    7;-;   39;-;   70;-;   51;-;    9;-
4607;5027;05;A;  52;100927; 1;w;20; 2700;-; 3080;-;   92;-;   94;-; 2585;-; 2505;-;   77;-;    3;-;   12;-;    2;-;   21;-;   69;-;   54;-;   11;-; 2966;-; 2840;-;  120;-;    6;-;    6;-;    2;-;   24;-;   68;-;   52;-;   14;-
4607;5027;05;A;  52;100927; 1;w;21; 1592;-; 1985;-;   57;-;   79;-; 1520;-; 1457;-;   61;-;    2;-;    6;-;    4;-;   10;-;   43;-;   32;-;    9;-; 1894;-; 1793;-;   98;-;    3;-;    2;-;    6;-;   19;-;   54;-;   44;-;   10;-
4607;5027;05;A;  52;100927; 1;w;22; 1246;-; 1512;-;   46;-;   58;-; 1186;-; 1130;-;   55;-;    1;-;    4;-;    2;-;   10;-;   34;-;   26;-;   10;-; 1442;-; 1368;-;   70;-;    4;-;    0;-;    2;-;   20;-;   36;-;   25;-;   12;-
4607;5027;05;A;  52;100927; 1;w;23;  913;-; 2163;-;   63;-;   47;-;  838;-;  794;-;   44;-;    0;-;    2;-;    2;-;   11;-;   50;-;   41;-;   10;-; 2104;-; 2038;-;   61;-;    5;-;    5;-;    2;-;    8;-;   37;-;   21;-;    7;-
4607;5027;05;A;  52;100927; 1;w;24;  523;-; 1277;-;   40;-;   57;-;  481;-;  436;-;   44;-;    1;-;    0;-;    1;-;   11;-;   28;-;   22;-;    2;-; 1216;-; 1145;-;   69;-;    2;-;    1;-;    5;-;   11;-;   41;-;   27;-;    3;-
4607;5027;05;A;  52;100928; 2;w;01;  256;-;  555;-;   35;-;   52;-;  217;-;  190;-;   27;-;    0;-;    0;-;    2;-;    9;-;   24;-;   20;-;    4;-;  502;-;  466;-;   35;-;    1;-;    0;-;    4;-;    8;-;   40;-;   26;-;    1;-
4607;5027;05;A;  52;100928; 2;w;02;  165;-;  210;-;   49;-;   34;-;  114;-;  100;-;   14;-;    0;-;    0;-;    2;-;   13;-;   34;-;   23;-;    2;-;  173;-;  151;-;   22;-;    0;-;    3;-;    1;-;    9;-;   24;-;   17;-;    0;-
4607;5027;05;A;  52;100928; 2;w;03;  151;-;  141;-;   50;-;   44;-;  101;-;   88;-;   13;-;    0;-;    0;-;    1;-;    9;-;   40;-;   28;-;    0;-;   97;-;   77;-;   20;-;    0;-;    0;-;    3;-;    9;-;   32;-;   25;-;    0;-
4607;5027;05;A;  52;100928; 2;w;04;  510;-;  206;-;   73;-;   56;-;  434;-;  378;-;   53;-;    3;-;    1;-;    0;-;   21;-;   52;-;   35;-;    2;-;  148;-;  110;-;   38;-;    0;-;    0;-;    0;-;   25;-;   31;-;   22;-;    2;-
4607;5027;05;A;  52;100928; 2;w;05;  950;-;  439;-;  106;-;   94;-;  835;-;  798;-;   35;-;    2;-;    1;-;    5;-;   34;-;   67;-;   48;-;    8;-;  344;-;  295;-;   49;-;    0;-;    1;-;    0;-;   53;-;   41;-;   29;-;    0;-
4607;5027;05;A;  52;100928; 2;w;06; 2670;-;  885;-;  192;-;  123;-; 2453;-; 2351;-;   89;-;   13;-;    3;-;    4;-;   64;-;  124;-;   97;-;   22;-;  755;-;  689;-;   64;-;    2;-;    3;-;    2;-;   40;-;   81;-;   57;-;    4;-
4607;5027;05;A;  52;100928; 2;w;07; 4763;-; 1982;-;  218;-;  156;-; 4496;-; 4253;-;  229;-;   14;-;   11;-;    3;-;   92;-;  123;-;   93;-;   38;-; 1807;-; 1670;-;  133;-;    4;-;    9;-;    2;-;   61;-;   93;-;   65;-;   10;-
4607;5027;05;A;  52;100928; 2;w;08; 5856;-; 3244;-;  225;-;  195;-; 5564;-; 5339;-;  218;-;    7;-;   24;-;   13;-;   97;-;  115;-;   91;-;   43;-; 3029;-; 2856;-;  167;-;    6;-;    6;-;    3;-;   90;-;  102;-;   78;-;   14;-
4607;5027;05;A;  52;100928; 2;w;09; 5718;-; 3870;-;  150;-;  206;-; 4696;-; 4564;-;  128;-;    4;-;   13;-;    6;-;   56;-;   88;-;   70;-;  859;-; 3649;-; 3439;-;  198;-;   12;-;    6;-;    8;-;   85;-;  113;-;   87;-;    9;-
4607;5027;05;A;  52;100928; 2;w;10; 5204;-; 3562;-;  328;-;  342;-; 4828;-; 4598;-;  223;-;    7;-;   23;-;    9;-;  117;-;  202;-;  169;-;   25;-; 3182;-; 3023;-;  156;-;    3;-;   21;-;    6;-;  129;-;  207;-;  148;-;   17;-
4607;5027;05;A;  52;100928; 2;w;11; 4143;-; 3213;-;  382;-;  441;-; 3715;-; 3457;-;  254;-;    4;-;   28;-;    6;-;  126;-;  250;-;  195;-;   18;-; 2741;-; 2543;-;  194;-;    4;-;   28;-;    3;-;  136;-;  302;-;  227;-;    3;-
4607;5027;05;A;  52;100928; 2;w;12; 3636;-; 2959;-;  412;-;  377;-; 3148;-; 2933;-;  210;-;    5;-;   31;-;   11;-;  118;-;  283;-;  228;-;   45;-; 2555;-; 2348;-;  194;-;   13;-;   18;-;    6;-;  131;-;  240;-;  204;-;    9;-
4607;5027;05;A;  52;100928; 2;w;13; 3796;-; 2889;-;  428;-;  257;-; 3315;-; 3096;-;  208;-;   11;-;   27;-;    5;-;  137;-;  286;-;  216;-;   26;-; 2610;-; 2408;-;  202;-;    0;-;   20;-;    5;-;  101;-;  151;-;  118;-;    2;-
4607;5027;05;A;  52;100928; 2;w;14; 3418;-; 3277;-;  299;-;  269;-; 3092;-; 2881;-;  205;-;    6;-;   14;-;    4;-;  114;-;  181;-;  151;-;   13;-; 2979;-; 2764;-;  211;-;    4;-;   19;-;    3;-;   93;-;  173;-;  138;-;   10;-
4607;5027;05;A;  52;100928; 2;w;15; 2923;-; 3809;-;  251;-;  254;-; 2639;-; 2445;-;  189;-;    5;-;   19;-;    6;-;   92;-;  153;-;  123;-;   14;-; 3481;-; 3325;-;  153;-;    3;-;   38;-;    6;-;   99;-;  149;-;  118;-;   36;-
4607;5027;05;A;  52;100928; 2;w;16; 3027;-; 4897;s;  247;-;  282;s; 2732;-; 2518;-;  208;-;    6;-;   21;-;    5;-;   92;-;  150;-;  121;-;   27;-; 4582;s; 4304;s;  262;s;   16;s;   18;s;    9;s;  106;s;  167;s;  130;s;   15;s
4607;5027;05;A;  52;100928; 2;w;17; 3159;-; 5382;s;  162;-;  237;s; 2952;-; 2761;-;  185;-;    6;-;   13;-;    3;-;   68;-;   91;-;   74;-;   32;-; 5113;s; 4860;s;  236;s;   17;s;   22;s;   11;s;   79;s;  147;s;  118;s;   10;s
4607;5027;05;A;  52;100928; 2;w;18; 3240;-; 5499;s;  125;-;  167;s; 3078;-; 2947;-;  127;-;    4;-;    6;-;    9;-;   39;-;   77;-;   57;-;   31;-; 5303;s; 5098;s;  189;s;   16;s;   13;s;    7;s;   56;s;  104;s;   82;s;   16;s
4607;5027;05;A;  52;100928; 2;w;19; 3084;-; 4836;s;   96;-;  123;s; 2943;-; 2819;-;  121;-;    3;-;    5;-;    3;-;   27;-;   66;-;   45;-;   40;-; 4683;s; 4503;s;  169;s;   11;s;    8;s;    5;s;   39;s;   79;s;   66;s;   22;s
4607;5027;05;A;  52;100928; 2;w;20; 2245;-; 3191;s;   88;-;  100;s; 2122;-; 2022;-;   97;-;    3;-;   10;-;    7;-;   18;-;   63;-;   46;-;   25;-; 3068;s; 2890;s;  167;s;   11;s;   10;s;    4;s;   24;s;   72;s;   56;s;   13;s
4607;5027;05;A;  52;100928; 2;w;21; 1536;-; 2185;s;   67;-;   82;s; 1453;-; 1369;-;   80;-;    4;-;    3;-;    8;-;   18;-;   41;-;   31;-;   13;-; 2088;s; 1951;s;  129;s;    8;s;    5;s;    7;s;   17;s;   58;s;   38;s;   10;s
4607;5027;05;A;  52;100928; 2;w;22; 1258;-; 1542;-;   51;-;   51;-; 1191;-; 1121;-;   67;-;    3;-;    6;-;    4;-;   11;-;   36;-;   24;-;   10;-; 1482;-; 1417;-;   62;-;    3;-;    4;-;    8;-;   10;-;   33;-;   23;-;    5;-
4607;5027;05;A;  52;100928; 2;w;23; 1000;-; 1503;-;   52;-;   52;-;  940;-;  871;-;   67;-;    2;-;    2;-;    5;-;    6;-;   41;-;   31;-;    6;-; 1441;-; 1379;-;   57;-;    5;-;    6;-;    3;-;   10;-;   39;-;   26;-;    4;-
4607;5027;05;A;  52;100928; 2;w;24;  522;-; 1033;s;   37;-;   59;s;  482;-;  437;-;   45;-;    0;-;    1;-;    1;-;    2;-;   34;-;   28;-;    2;-;  968;s;  897;s;   68;s;    3;s;    1;s;    5;s;    9;s;   45;s;   30;s;    5;s
4607;5027;05;A;  52;100929; 3;w;01;  268;-;  687;-;   37;-;   50;-;  226;-;  200;-;   25;-;    1;-;    1;-;    0;-;   11;-;   26;-;   19;-;    4;-;  636;-;  597;-;   38;-;    1;-;    0;-;    5;-;   12;-;   33;-;   25;-;    1;-
4607;5027;05;A;  52;100929; 3;w;02;  187;-;  230;-;   55;-;   40;-;  130;-;  105;-;   25;-;    0;-;    1;-;    3;-;   12;-;   40;-;   31;-;    1;-;  190;-;  171;-;   19;-;    0;-;    0;-;    0;-;    9;-;   31;-;   21;-;    0;-
4607;5027;05;A;  52;100929; 3;w;03;  133;-;  137;-;   39;-;   35;-;   94;-;   84;-;   10;-;    0;-;    0;-;    0;-;    8;-;   31;-;   22;-;    0;-;  100;-;   77;-;   22;-;    1;-;    2;-;    0;-;    5;-;   30;-;   23;-;    0;-
4607;5027;05;A;  52;100929; 3;w;04;  475;-;  200;-;   71;-;   64;-;  403;-;  383;-;   19;-;    1;-;    1;-;    2;-;   23;-;   46;-;   32;-;    0;-;  136;-;  117;-;   19;-;    0;-;    0;-;    1;-;   27;-;   36;-;   21;-;    0;-
4607;5027;05;A;  52;100929; 3;w;05;  963;-;  428;-;  120;-;  104;-;  833;-;  792;-;   38;-;    3;-;    2;-;    4;-;   40;-;   76;-;   52;-;    8;-;  321;-;  292;-;   29;-;    0;-;    2;-;    0;-;   43;-;   61;-;   41;-;    1;-
4607;5027;05;A;  52;100929; 3;w;06; 2476;-;  826;-;  166;-;  145;-; 2284;-; 2171;-;  101;-;   12;-;    3;-;    3;-;   54;-;  109;-;   87;-;   23;-;  678;-;  624;-;   50;-;    4;-;    1;-;    3;-;   44;-;   98;-;   69;-;    2;-
4607;5027;05;A;  52;100929; 3;w;07; 4881;-; 1947;-;  213;-;  168;-; 4613;-; 4341;-;  247;-;   25;-;    9;-;    4;-;   84;-;  125;-;   94;-;   46;-; 1759;-; 1646;-;  110;-;    3;-;    7;-;    2;-;   61;-;  105;-;   80;-;   13;-
4607;5027;05;A;  52;100929; 3;w;08; 5829;-; 3475;-;  267;-;  200;-; 5512;-; 5270;-;  231;-;   11;-;   29;-;   17;-;   96;-;  154;-;  117;-;   21;-; 3253;-; 3102;-;  148;-;    3;-;    9;-;    4;-;   98;-;   98;-;   78;-;   13;-
4607;5027;05;A;  52;100929; 3;w;09; 6015;-; 3788;-;  272;-;  242;-; 5667;-; 5448;-;  205;-;   14;-;   18;-;    8;-;  120;-;  144;-;  105;-;   58;-; 3523;-; 3350;-;  171;-;    2;-;   11;-;    2;-;  106;-;  134;-;   97;-;   12;-
4607;5027;05;A;  52;100929; 3;w;10; 4520;-; 2714;-;  301;-;  279;-; 4175;-; 3948;-;  214;-;   13;-;   20;-;   12;-;  121;-;  168;-;  122;-;   24;-; 2413;-; 2274;-;  136;-;    3;-;   19;-;    9;-;  118;-;  152;-;  124;-;    3;-
4607;5027;05;A;  52;100929; 3;w;11; 3020;-; 2442;-;  252;-;  278;-; 2733;-; 2529;-;  199;-;    5;-;   12;-;    5;-;  100;-;  147;-;  119;-;   23;-; 2150;-; 1983;-;  163;-;    4;-;   12;-;    5;-;  101;-;  172;-;  122;-;    2;-
4607;5027;05;A;  52;100929; 3;w;12; 2862;-; 2510;-;  244;-;  283;-; 2590;-; 2375;-;  210;-;    5;-;   14;-;    4;-;   87;-;  153;-;  114;-;   14;-; 2209;-; 2057;-;  144;-;    8;-;   13;-;    6;-;  103;-;  174;-;  140;-;    5;-
4607;5027;05;A;  52;100929; 3;w;13; 3213;-; 2913;-;  298;-;  217;-; 2869;-; 2639;-;  219;-;   11;-;   21;-;    6;-;  109;-;  183;-;  139;-;   25;-; 2682;-; 2540;-;  138;-;    4;-;   12;-;    7;-;   75;-;  135;-;  107;-;    2;-
4607;5027;05;A;  52;100929; 3;w;14; 3261;-; 3628;s;  248;-;  277;s; 2994;-; 2766;-;  213;-;   15;-;    6;-;    5;-;   93;-;  150;-;  119;-;   13;-; 3317;s; 3068;s;  237;s;   12;s;   18;s;    5;s;  108;s;  164;s;  125;s;   16;s
4607;5027;05;A;  52;100929; 3;w;15; 3000;-; 4210;s;  247;-;  290;s; 2724;-; 2468;-;  244;-;   12;-;   15;-;    7;-;   81;-;  159;-;  116;-;   14;-; 3885;s; 3617;s;  253;s;   15;s;   17;s;    6;s;  109;s;  175;s;  138;s;   18;s
4607;5027;05;A;  52;100929; 3;w;16; 3162;-; 5074;s;  192;-;  258;s; 2941;-; 2734;-;  196;-;   11;-;   19;-;   11;-;   78;-;  103;-;   83;-;   10;-; 4784;s; 4476;s;  291;s;   17;s;   20;s;    7;s;  102;s;  149;s;  117;s;   12;s
4607;5027;05;A;  52;100929; 3;w;17; 3392;-; 5685;s;  185;-;  210;s; 3168;-; 2933;-;  221;-;   14;-;   13;-;    6;-;   66;-;  113;-;   87;-;   26;-; 5435;s; 5172;s;  243;s;   20;s;   28;s;   10;s;   79;s;  121;s;   92;s;   12;s
4607;5027;05;A;  52;100929; 3;w;18; 3680;-; 5705;s;  154;-;  152;s; 3499;-; 3332;-;  156;-;   11;-;    8;-;    6;-;   45;-;  103;-;   72;-;   19;-; 5518;s; 5319;s;  181;s;   18;s;   25;s;    6;s;   48;s;   98;s;   75;s;   10;s
4607;5027;05;A;  52;100929; 3;w;19; 3221;-; 5447;s;  117;-;  117;s; 3068;-; 2909;-;  151;-;    8;-;   14;-;    5;-;   33;-;   79;-;   63;-;   22;-; 5301;s; 5092;s;  189;s;   20;s;   16;s;    4;s;   35;s;   78;s;   59;s;   13;s
4607;5027;05;A;  52;100929; 3;w;20; 2479;-; 3385;s;   79;-;   91;s; 2364;-; 2210;-;  140;-;   14;-;   10;-;    4;-;   23;-;   52;-;   42;-;   26;-; 3271;s; 3097;s;  159;s;   15;s;    9;s;    5;s;   21;s;   65;s;   49;s;   14;s
4607;5027;05;A;  52;100929; 3;w;21; 1704;-; 2126;s;   61;-;   60;s; 1625;-; 1518;-;   91;-;   16;-;    6;-;    4;-;   14;-;   43;-;   34;-;   12;-; 2046;s; 1913;s;  125;s;    8;s;    9;s;    4;s;   11;s;   45;s;   32;s;   11;s
4607;5027;05;A;  52;100929; 3;w;22; 1444;-; 1747;-;   46;-;   48;-; 1387;-; 1292;-;   93;-;    2;-;    1;-;    2;-;    8;-;   36;-;   26;-;   10;-; 1693;-; 1606;-;   79;-;    8;-;    3;-;    2;-;    5;-;   41;-;   31;-;    3;-
4607;5027;05;A;  52;100929; 3;w;23; 1118;-; 1694;-;   46;-;   47;-; 1061;-;  980;-;   78;-;    3;-;    2;-;    3;-;   10;-;   33;-;   28;-;    9;-; 1640;-; 1585;-;   51;-;    4;-;    2;-;    3;-;    9;-;   35;-;   25;-;    5;-
4607;5027;05;A;  52;100929; 3;w;24;  790;-; 1240;-;   47;-;   56;-;  734;-;  670;-;   62;-;    2;-;    1;-;    1;-;    6;-;   40;-;   34;-;    8;-; 1178;-; 1119;-;   57;-;    2;-;    1;-;    3;-;    9;-;   44;-;   31;-;    5;-
4607;5027;05;A;  52;100930; 4;w;01;  545;-;  432;-;   40;-;   42;-;  503;-;  434;-;   66;-;    3;-;    0;-;    0;-;   12;-;   28;-;   19;-;    2;-;  388;-;  362;-;   25;-;    1;-;    1;-;    4;-;    5;-;   33;-;   20;-;    1;-
4607;5027;05;A;  52;100930; 4;w;02;  184;-;  215;-;   42;-;   38;-;  138;-;  126;-;   12;-;    0;-;    0;-;    2;-;    5;-;   35;-;   23;-;    4;-;  175;-;  154;-;   20;-;    1;-;    1;-;    0;-;    6;-;   32;-;   21;-;    1;-
4607;5027;05;A;  52;100930; 4;w;03;  154;-;  157;-;   49;-;   42;-;  104;-;   90;-;   13;-;    1;-;    1;-;    0;-;   13;-;   36;-;   22;-;    0;-;  115;-;  104;-;   11;-;    0;-;    0;-;    1;-;    9;-;   32;-;   24;-;    0;-
4607;5027;05;A;  52;100930; 4;w;04;  505;-;  232;-;   75;-;   69;-;  423;-;  361;-;   60;-;    2;-;    3;-;    5;-;   21;-;   49;-;   39;-;    4;-;  160;-;  127;-;   33;-;    0;-;    1;-;    3;-;   23;-;   43;-;   34;-;    2;-
4607;5027;05;A;  52;100930; 4;w;05; 1045;-;  467;-;  116;-;   81;-;  924;-;  854;-;   69;-;    1;-;    1;-;    6;-;   35;-;   75;-;   49;-;    4;-;  382;-;  314;-;   68;-;    0;-;    3;-;    1;-;   37;-;   43;-;   33;-;    1;-
4607;5027;05;A;  52;100930; 4;w;06; 2624;-;  905;-;  191;-;  152;-; 2412;-; 2292;-;  105;-;   15;-;    3;-;    5;-;   65;-;  121;-;   88;-;   18;-;  751;-;  691;-;   58;-;    2;-;    0;-;    4;-;   50;-;   98;-;   74;-;    2;-
4607;5027;05;A;  52;100930; 4;w;07; 4950;-; 1974;-;  242;-;  150;-; 4665;-; 4387;-;  256;-;   22;-;   18;-;    4;-;   90;-;  148;-;  110;-;   25;-; 1812;-; 1679;-;  129;-;    4;-;    3;-;    3;-;   56;-;   91;-;   63;-;    9;-
4607;5027;05;A;  52;100930; 4;w;08; 6141;-; 3543;-;  250;-;  231;-; 5840;-; 5586;-;  242;-;   12;-;   23;-;   16;-;  108;-;  126;-;   95;-;   28;-; 3286;-; 3096;-;  186;-;    4;-;   17;-;    9;-;   91;-;  131;-;   97;-;    9;-
4607;5027;05;A;  52;100930; 4;w;09; 5977;-; 3754;-;  243;-;  244;-; 5678;-; 5435;-;  227;-;   16;-;   20;-;   10;-;   93;-;  140;-;  111;-;   36;-; 3488;-; 3312;-;  174;-;    2;-;   15;-;    3;-;  102;-;  139;-;  101;-;    7;-
4607;5027;05;A;  52;100930; 4;w;10; 4859;-; 2749;-;  284;-;  266;-; 4537;-; 4307;-;  224;-;    6;-;   20;-;    9;-;  115;-;  160;-;  126;-;   18;-; 2456;-; 2290;-;  163;-;    3;-;   16;-;   10;-;  103;-;  153;-;  115;-;   11;-
4607;5027;05;A;  52;100930; 4;w;11; 3421;-; 2454;-;  296;-;  285;-; 3097;-; 2845;-;  249;-;    3;-;   11;-;    9;-;  115;-;  172;-;  123;-;   17;-; 2148;-; 1959;-;  186;-;    3;-;   16;-;    7;-;  111;-;  167;-;  123;-;    5;-
4607;5027;05;A;  52;100930; 4;w;12; 2949;-; 2614;-;  263;-;  226;-; 2637;-; 2403;-;  225;-;    9;-;   19;-;    3;-;   94;-;  166;-;  127;-;   30;-; 2356;-; 2144;-;  205;-;    7;-;   21;-;    2;-;   79;-;  145;-;  119;-;   11;-
4607;5027;05;A;  52;100930; 4;w;13; 3207;-; 3047;-;  244;-;  242;-; 2912;-; 2692;-;  215;-;    5;-;   22;-;    5;-;   96;-;  143;-;  110;-;   29;-; 2782;-; 2601;-;  181;-;    0;-;   17;-;    3;-;   98;-;  141;-;  110;-;    6;-
4607;5027;05;A;  52;100930; 4;w;14; 3140;-; 3622;-;  230;-;  248;-; 2870;-; 2669;-;  194;-;    7;-;   15;-;    3;-;   95;-;  132;-;  106;-;   25;-; 3344;-; 3156;-;  180;-;    8;-;   17;-;    5;-;   91;-;  152;-;  109;-;   13;-
4607;5027;05;A;  52;100930; 4;w;15; 2883;-; 4188;s;  202;-;  283;s; 2641;-; 2461;-;  172;-;    8;-;   16;-;    1;-;   73;-;  128;-;   96;-;   24;-; 3865;s; 3595;s;  253;s;   17;s;   23;s;    7;s;  115;s;  161;s;  121;s;   17;s
4607;5027;05;A;  52;100930; 4;w;16; 3142;-; 4860;s;  213;-;  253;s; 2887;-; 2647;-;  230;-;   10;-;   13;-;    1;-;   91;-;  121;-;   90;-;   29;-; 4571;s; 4287;s;  266;s;   18;s;   23;s;    4;s;   96;s;  153;s;  117;s;   13;s
4607;5027;05;A;  52;100930; 4;w;17; 3310;-; 5516;s;  175;-;  209;s; 3098;-; 2917;-;  175;-;    6;-;   18;-;    3;-;   65;-;  107;-;   79;-;   19;-; 5269;s; 4972;s;  280;s;   17;s;   22;s;    7;s;   78;s;  124;s;   92;s;   16;s
4607;5027;05;A;  52;100930; 4;w;18; 3401;-; 5805;s;  143;-;  151;s; 3228;-; 3109;-;  114;-;    5;-;   11;-;    7;-;   40;-;   96;-;   78;-;   19;-; 5620;s; 5402;s;  198;s;   20;s;   20;s;    5;s;   54;s;   92;s;   73;s;   14;s
4607;5027;05;A;  52;100930; 4;w;19; 3549;-; 5247;s;  130;-;  118;s; 3375;-; 3239;-;  131;-;    5;-;   15;-;    7;-;   40;-;   83;-;   72;-;   29;-; 5096;s; 4909;s;  169;s;   18;s;   18;s;    6;s;   38;s;   74;s;   59;s;   15;s
4607;5027;05;A;  52;100930; 4;w;20; 2618;-; 3340;s;   95;-;   98;s; 2504;-; 2405;-;   96;-;    3;-;    5;-;    3;-;   28;-;   64;-;   49;-;   14;-; 3220;s; 3050;s;  154;s;   16;s;    7;s;    5;s;   31;s;   62;s;   49;s;   15;s
4607;5027;05;A;  52;100930; 4;w;21; 1726;-; 2417;-;   79;-;   86;-; 1629;-; 1532;-;   89;-;    8;-;    6;-;    6;-;   17;-;   56;-;   40;-;   12;-; 2320;-; 2221;-;   93;-;    6;-;    6;-;    5;-;   12;-;   69;-;   51;-;    5;-
4607;5027;05;A;  52;100930; 4;w;22; 1425;-; 1871;-;   57;-;   47;-; 1353;-; 1286;-;   64;-;    3;-;    3;-;    6;-;   17;-;   34;-;   28;-;   12;-; 1816;-; 1749;-;   62;-;    5;-;    5;-;    1;-;    9;-;   37;-;   23;-;    3;-
4607;5027;05;A;  52;100930; 4;w;23; 1220;-; 1756;-;   49;-;   44;-; 1156;-; 1092;-;   60;-;    4;-;    2;-;    1;-;    6;-;   42;-;   32;-;   13;-; 1705;-; 1657;-;   42;-;    6;-;    2;-;    3;-;   10;-;   31;-;   21;-;    5;-
4607;5027;05;A;  52;100930; 4;w;24;  654;-; 1194;-;   46;-;   53;-;  602;-;  557;-;   45;-;    0;-;    3;-;    0;-;   15;-;   31;-;   27;-;    3;-; 1139;-; 1087;-;   50;-;    2;-;    1;-;    1;-;   11;-;   41;-;   25;-;    1;-
4607;5027;05;A;  52;101001; 5;w;01;  319;-;  576;-;   42;-;   44;-;  273;-;  247;-;   26;-;    0;-;    0;-;    0;-;   11;-;   31;-;   19;-;    4;-;  527;-;  496;-;   30;-;    1;-;    1;-;    2;-;   11;-;   31;-;   20;-;    4;-
4607;5027;05;A;  52;101001; 5;w;02;  204;-;  224;-;   42;-;   36;-;  159;-;  140;-;   19;-;    0;-;    0;-;    2;-;   13;-;   27;-;   23;-;    3;-;  188;-;  170;-;   18;-;    0;-;    0;-;    1;-;    5;-;   30;-;   21;-;    0;-
4607;5027;05;A;  52;101001; 5;w;03;  166;-;  199;-;   48;-;   39;-;  118;-;  101;-;   17;-;    0;-;    0;-;    2;-;    8;-;   38;-;   25;-;    0;-;  159;-;  133;-;   26;-;    0;-;    1;-;    1;-;    9;-;   29;-;   20;-;    0;-
4607;5027;05;A;  52;101001; 5;w;04;  568;-;  256;-;   69;-;   63;-;  491;-;  427;-;   63;-;    1;-;    3;-;    2;-;   20;-;   47;-;   29;-;    5;-;  189;-;  154;-;   35;-;    0;-;    2;-;    1;-;   21;-;   41;-;   28;-;    2;-
4607;5027;05;A;  52;101001; 5;w;05; 1054;-;  535;-;  118;-;   96;-;  933;-;  860;-;   69;-;    4;-;    2;-;    6;-;   48;-;   64;-;   50;-;    1;-;  435;-;  371;-;   64;-;    0;-;    3;-;    1;-;   52;-;   43;-;   36;-;    1;-
4607;5027;05;A;  52;101001; 5;w;06; 2400;-;  904;-;  178;-;  145;-; 2199;-; 2087;-;  100;-;   12;-;    5;-;    1;-;   63;-;  114;-;   80;-;   18;-;  754;-;  699;-;   51;-;    4;-;    4;-;    6;-;   30;-;  109;-;   73;-;    1;-
4607;5027;05;A;  52;101001; 5;w;07; 4728;-; 1869;-;  245;-;  150;-; 4405;-; 4140;-;  243;-;   22;-;    8;-;   10;-;   97;-;  138;-;  108;-;   70;-; 1707;-; 1589;-;  110;-;    8;-;    7;-;    4;-;   63;-;   83;-;   66;-;    5;-
4607;5027;05;A;  52;101001; 5;w;08; 5936;-; 3264;-;  243;-;  220;-; 5621;-; 5373;-;  228;-;   20;-;   28;-;   12;-;   98;-;  133;-;  102;-;   44;-; 3028;-; 2832;-;  190;-;    6;-;    8;-;    5;-;   94;-;  121;-;   84;-;    8;-
4607;5027;05;A;  52;101001; 5;w;09; 5717;-; 3758;-;  254;-;  253;-; 5404;-; 5181;-;  206;-;   17;-;   25;-;   11;-;  115;-;  128;-;  100;-;   34;-; 3481;-; 3297;-;  180;-;    4;-;   18;-;   10;-;  109;-;  134;-;  105;-;    6;-
4607;5027;05;A;  52;101001; 5;w;10; 4040;-; 2650;-;  279;-;  274;-; 3712;-; 3490;-;  210;-;   12;-;   14;-;   14;-;  108;-;  157;-;  129;-;   35;-; 2353;-; 2153;-;  195;-;    5;-;   18;-;    9;-;  108;-;  157;-;  125;-;    5;-
4607;5027;05;A;  52;101001; 5;w;11; 3076;-; 2404;-;  268;-;  281;-; 2762;-; 2581;-;  179;-;    2;-;   14;-;    9;-;  109;-;  150;-;  118;-;   32;-; 2095;-; 1918;-;  171;-;    6;-;   22;-;   12;-;   91;-;  178;-;  137;-;    6;-
4607;5027;05;A;  52;101001; 5;w;12; 2762;-; 2824;-;  263;-;  255;-; 2462;-; 2273;-;  179;-;   10;-;   13;-;    9;-;  102;-;  152;-;  110;-;   24;-; 2543;-; 2342;-;  192;-;    9;-;   19;-;    4;-;   93;-;  158;-;  133;-;    7;-
4607;5027;05;A;  52;101001; 5;w;13; 3084;-; 3754;-;  231;-;  237;-; 2794;-; 2587;-;  198;-;    9;-;   23;-;    4;-;   93;-;  134;-;  107;-;   36;-; 3479;-; 3263;-;  207;-;    9;-;   23;-;    4;-;   99;-;  134;-;  104;-;   15;-
4607;5027;05;A;  52;101001; 5;w;14; 3542;-; 4064;-;  216;-;  207;-; 3295;-; 3082;-;  192;-;   21;-;   13;-;    5;-;   83;-;  128;-;  101;-;   18;-; 3808;-; 3615;-;  185;-;    8;-;   29;-;    6;-;   90;-;  111;-;   78;-;   20;-
4607;5027;05;A;  52;101001; 5;w;15; 3437;-; 4292;-;  231;-;  211;-; 3166;-; 2941;-;  209;-;   16;-;   11;-;    6;-;   90;-;  135;-;  104;-;   29;-; 4011;-; 3834;-;  167;-;   10;-;   36;-;    6;-;   87;-;  118;-;   92;-;   34;-
4607;5027;05;A;  52;101001; 5;w;16; 3649;-; 4328;-;  234;-;  211;-; 3368;-; 3161;-;  196;-;   11;-;   23;-;   10;-;   97;-;  127;-;   94;-;   24;-; 4069;-; 3898;-;  159;-;   12;-;   28;-;    7;-;   65;-;  139;-;  100;-;   20;-
4607;5027;05;A;  52;101001; 5;w;17; 3611;-; 4814;-;  169;-;  166;-; 3416;-; 3203;-;  196;-;   17;-;    9;-;   10;-;   62;-;   97;-;   76;-;   17;-; 4590;-; 4426;-;  145;-;   19;-;   28;-;    8;-;   64;-;   94;-;   78;-;   30;-
4607;5027;05;A;  52;101001; 5;w;18; 3601;-; 4748;-;  144;-;  127;-; 3406;-; 3220;-;  175;-;   11;-;   13;-;    3;-;   54;-;   87;-;   68;-;   38;-; 4573;-; 4423;-;  136;-;   14;-;   20;-;    6;-;   40;-;   81;-;   63;-;   28;-
4607;5027;05;A;  52;101001; 5;w;19; 3283;-; 4329;-;   91;-;   93;-; 3158;-; 2999;-;  148;-;   11;-;   14;-;    2;-;   28;-;   61;-;   48;-;   20;-; 4211;-; 4055;-;  139;-;   17;-;   13;-;    3;-;   24;-;   66;-;   54;-;   12;-
4607;5027;05;A;  52;101001; 5;w;20; 2523;-; 3496;-;   65;-;   90;-; 2433;-; 2289;-;  132;-;   12;-;    5;-;    3;-;   19;-;   43;-;   29;-;   20;-; 3395;-; 3282;-;  104;-;    9;-;    5;-;    8;-;   20;-;   62;-;   51;-;    6;-
4607;5027;05;A;  52;101001; 5;w;21; 1904;-; 2519;-;   70;-;   73;-; 1804;-; 1700;-;   97;-;    7;-;    5;-;    6;-;   20;-;   44;-;   32;-;   25;-; 2430;-; 2328;-;   89;-;   13;-;   11;-;    9;-;   19;-;   45;-;   30;-;    5;-
4607;5027;05;A;  52;101001; 5;w;22; 1437;-; 1949;-;   33;-;   66;-; 1389;-; 1315;-;   72;-;    2;-;    5;-;    3;-;    9;-;   21;-;   13;-;   10;-; 1872;-; 1813;-;   53;-;    6;-;    5;-;    5;-;   16;-;   45;-;   30;-;    6;-
4607;5027;05;A;  52;101001; 5;w;23; 1312;-; 1810;-;   41;-;   56;-; 1262;-; 1186;-;   70;-;    6;-;    2;-;    7;-;    9;-;   25;-;   21;-;    7;-; 1745;-; 1673;-;   64;-;    8;-;    6;-;    2;-;   17;-;   37;-;   21;-;    3;-
4607;5027;05;A;  52;101001; 5;w;24;  872;-; 1473;-;   28;-;   44;-;  827;-;  750;-;   73;-;    4;-;    3;-;    3;-;    6;-;   19;-;   14;-;   14;-; 1423;-; 1365;-;   56;-;    2;-;    5;-;    4;-;   12;-;   28;-;   21;-;    1;-
4607;5027;05;A;  52;101002; 6;w;01;  567;-;  786;-;   26;-;   42;-;  537;-;  492;-;   45;-;    0;-;    2;-;    2;-;    7;-;   17;-;   13;-;    2;-;  741;-;  705;-;   30;-;    6;-;    2;-;    5;-;    6;-;   31;-;   22;-;    1;-
4607;5027;05;A;  52;101002; 6;w;02;  341;-;  475;-;   36;-;   27;-;  302;-;  280;-;   21;-;    1;-;    1;-;    2;-;   10;-;   24;-;   17;-;    2;-;  443;-;  414;-;   29;-;    0;-;    2;-;    0;-;    5;-;   22;-;   15;-;    3;-
4607;5027;05;A;  52;101002; 6;w;03;  247;-;  331;-;   30;-;   25;-;  215;-;  191;-;   24;-;    0;-;    2;-;    1;-;   11;-;   18;-;   12;-;    0;-;  303;-;  289;-;   14;-;    0;-;    1;-;    0;-;    6;-;   19;-;   13;-;    2;-
4607;5027;05;A;  52;101002; 6;w;04;  530;-;  324;-;   38;-;   33;-;  486;-;  456;-;   29;-;    1;-;    4;-;    1;-;   13;-;   24;-;   13;-;    2;-;  291;-;  268;-;   22;-;    1;-;    0;-;    0;-;   16;-;   17;-;    8;-;    0;-
4607;5027;05;A;  52;101002; 6;w;05;  676;-;  544;-;   35;-;   46;-;  634;-;  602;-;   31;-;    1;-;    1;-;    4;-;   15;-;   16;-;   11;-;    6;-;  495;-;  453;-;   42;-;    0;-;    2;-;    1;-;   30;-;   15;-;   12;-;    1;-
4607;5027;05;A;  52;101002; 6;w;06;  976;-;  496;-;   51;-;   25;-;  916;-;  882;-;   33;-;    1;-;    5;-;    3;-;   21;-;   27;-;   20;-;    4;-;  466;-;  430;-;   36;-;    0;-;    4;-;    0;-;   15;-;   10;-;    7;-;    1;-
4607;5027;05;A;  52;101002; 6;w;07; 1054;-;  740;-;   69;-;   40;-;  969;-;  901;-;   65;-;    3;-;   10;-;    6;-;   36;-;   27;-;   23;-;    6;-;  692;-;  638;-;   51;-;    3;-;    7;-;    3;-;   17;-;   20;-;   12;-;    1;-
4607;5027;05;A;  52;101002; 6;w;08; 1387;-; 1134;-;   80;-;   54;-; 1287;-; 1155;-;  130;-;    2;-;   13;-;    8;-;   43;-;   29;-;   23;-;    7;-; 1069;-;  976;-;   93;-;    0;-;   10;-;    8;-;   25;-;   21;-;   16;-;    1;-
4607;5027;05;A;  52;101002; 6;w;09; 1949;-; 1494;-;   73;-;   65;-; 1854;-; 1724;-;  127;-;    3;-;   11;-;    2;-;   41;-;   30;-;   24;-;   11;-; 1416;-; 1328;-;   88;-;    0;-;   10;-;    6;-;   42;-;   17;-;   13;-;    3;-
4607;5027;05;A;  52;101002; 6;w;10; 2536;-; 1972;-;   64;-;   64;-; 2446;-; 2308;-;  134;-;    4;-;   11;-;    2;-;   34;-;   28;-;   23;-;   15;-; 1884;-; 1790;-;   91;-;    3;-;   18;-;    9;-;   28;-;   27;-;   22;-;    6;-
4607;5027;05;A;  52;101002; 6;w;11; 2695;-; 2207;-;   72;-;   53;-; 2569;-; 2438;-;  124;-;    7;-;   28;-;    7;-;   38;-;   27;-;   18;-;   26;-; 2136;-; 2032;-;  102;-;    2;-;   11;-;    7;-;   30;-;   16;-;   10;-;    7;-
4607;5027;05;A;  52;101002; 6;w;12; 2734;-; 2595;-;   47;-;   54;-; 2645;-; 2519;-;  123;-;    3;-;   20;-;    4;-;   29;-;   14;-;   12;-;   22;-; 2516;-; 2385;-;  126;-;    5;-;   19;-;    5;-;   31;-;   18;-;   15;-;    6;-
4607;5027;05;A;  52;101002; 6;w;13; 3014;-; 2968;-;   36;-;   50;-; 2944;-; 2810;-;  127;-;    7;-;   18;-;    4;-;   19;-;   13;-;   11;-;   16;-; 2891;-; 2753;-;  130;-;    8;-;   19;-;    8;-;   27;-;   15;-;   10;-;    8;-
4607;5027;05;A;  52;101002; 6;w;14; 3645;-; 3084;-;   56;-;   38;-; 3529;-; 3372;-;  144;-;   13;-;   25;-;   11;-;   23;-;   22;-;   15;-;   35;-; 3026;-; 2902;-;  120;-;    4;-;   12;-;    2;-;   18;-;   18;-;   14;-;    8;-
4607;5027;05;A;  52;101002; 6;w;15; 3212;-; 3570;-;   39;-;   44;-; 3133;-; 2980;-;  144;-;    9;-;   19;-;    3;-;   21;-;   15;-;   13;-;   21;-; 3498;-; 3351;-;  134;-;   13;-;   21;-;    4;-;   22;-;   18;-;   15;-;    7;-
4607;5027;05;A;  52;101002; 6;w;16; 2755;-; 3313;-;   37;-;   50;-; 2679;-; 2533;-;  140;-;    6;-;   21;-;    4;-;   15;-;   18;-;   16;-;   18;-; 3246;-; 3115;-;  123;-;    8;-;   13;-;    3;-;   26;-;   21;-;   11;-;    4;-
4607;5027;05;A;  52;101002; 6;w;17; 2319;-; 2930;-;   23;-;   38;-; 2262;-; 2120;-;  133;-;    9;-;   11;-;    3;-;   12;-;    8;-;    6;-;   23;-; 2869;-; 2768;-;   96;-;    5;-;   17;-;    8;-;   20;-;   10;-;    9;-;    6;-
4607;5027;05;A;  52;101002; 6;w;18; 2491;-; 2864;-;   39;-;   27;-; 2426;-; 2295;-;  121;-;   10;-;    5;-;   11;-;   19;-;    9;-;    7;-;   21;-; 2816;-; 2705;-;  105;-;    6;-;   16;-;    2;-;   15;-;   10;-;    7;-;    5;-
4607;5027;05;A;  52;101002; 6;w;19; 2331;-; 2817;-;   36;-;   39;-; 2267;-; 2147;-;  117;-;    3;-;   15;-;   13;-;   15;-;    8;-;    4;-;   13;-; 2762;-; 2646;-;  107;-;    9;-;    9;-;   13;-;   15;-;   11;-;    9;-;    7;-
4607;5027;05;A;  52;101002; 6;w;20; 1913;-; 2275;-;   19;-;   21;-; 1867;-; 1775;-;   85;-;    7;-;    9;-;    2;-;   12;-;    5;-;    5;-;   18;-; 2238;-; 2171;-;   64;-;    3;-;   12;-;    4;-;   10;-;    7;-;    7;-;    4;-
4607;5027;05;A;  52;101002; 6;w;21; 1550;-; 1670;-;   25;-;   23;-; 1506;-; 1432;-;   70;-;    4;-;    6;-;    8;-;   10;-;    7;-;    6;-;   13;-; 1635;-; 1571;-;   61;-;    3;-;    9;-;    5;-;    8;-;   10;-;    8;-;    3;-
4607;5027;05;A;  52;101002; 6;w;22; 1178;-; 1179;-;    9;-;   11;-; 1154;-; 1086;-;   66;-;    2;-;    4;-;    5;-;    2;-;    2;-;    2;-;   11;-; 1165;-; 1122;-;   43;-;    0;-;    0;-;    1;-;    7;-;    3;-;    2;-;    3;-
4607;5027;05;A;  52;101002; 6;w;23; 1275;-; 1232;-;    9;-;   10;-; 1256;-; 1187;-;   64;-;    5;-;    3;-;    2;-;    5;-;    2;-;    2;-;    7;-; 1214;-; 1178;-;   32;-;    4;-;    7;-;    4;-;    6;-;    0;-;    0;-;    1;-
4607;5027;05;A;  52;101002; 6;w;24;  989;-; 1386;-;    6;-;   10;-;  977;-;  929;-;   47;-;    1;-;    2;-;    1;-;    2;-;    3;-;    2;-;    4;-; 1371;-; 1323;-;   45;-;    3;-;    2;-;    1;-;    6;-;    3;-;    3;-;    3;-
4607;5027;05;A;  52;101003; 7;s;01;  732;-;  956;-;    5;-;    8;-;  723;-;  700;-;   21;-;    2;-;    1;-;    0;-;    1;-;    4;-;    3;-;    3;-;  944;-;  917;-;   25;-;    2;-;    1;-;    2;-;    5;-;    1;-;    1;-;    3;-
4607;5027;05;A;  52;101003; 7;s;02;  510;-;  615;-;    7;-;    2;-;  496;-;  478;-;   16;-;    2;-;    0;-;    0;-;    4;-;    3;-;    1;-;    7;-;  610;-;  593;-;   17;-;    0;-;    2;-;    1;-;    0;-;    1;-;    1;-;    1;-
4607;5027;05;A;  52;101003; 7;s;03;  413;-;  360;-;    4;-;    5;-;  409;-;  387;-;   22;-;    0;-;    0;-;    1;-;    1;-;    2;-;    1;-;    0;-;  354;-;  335;-;   18;-;    1;-;    0;-;    1;-;    3;-;    1;-;    1;-;    1;-
4607;5027;05;A;  52;101003; 7;s;04;  662;-;  378;-;   13;-;    6;-;  643;-;  592;-;   50;-;    1;-;    1;-;    1;-;    9;-;    3;-;    3;-;    5;-;  369;-;  335;-;   33;-;    1;-;    2;-;    1;-;    5;-;    0;-;    0;-;    1;-
4607;5027;05;A;  52;101003; 7;s;05;  671;-;  559;-;    5;-;    6;-;  662;-;  627;-;   31;-;    4;-;    0;-;    2;-;    3;-;    0;-;    0;-;    4;-;  551;-;  508;-;   43;-;    0;-;    1;-;    2;-;    4;-;    0;-;    0;-;    1;-
4607;5027;05;A;  52;101003; 7;s;06;  769;-;  541;-;   15;-;   16;-;  746;-;  707;-;   34;-;    5;-;    5;-;    5;-;    7;-;    3;-;    1;-;    3;-;  522;-;  493;-;   29;-;    0;-;    2;-;    2;-;   11;-;    3;-;    3;-;    1;-
4607;5027;05;A;  52;101003; 7;s;07;  576;-;  484;-;   11;-;    5;-;  551;-;  503;-;   47;-;    1;-;    8;-;    2;-;    5;-;    4;-;    4;-;    6;-;  477;-;  436;-;   39;-;    2;-;    2;-;    3;-;    1;-;    1;-;    1;-;    0;-
4607;5027;05;A;  52;101003; 7;s;08;  607;-;  644;-;   21;-;   19;-;  574;-;  499;-;   74;-;    1;-;    4;-;    6;-;   12;-;    3;-;    2;-;    8;-;  619;-;  562;-;   56;-;    1;-;    4;-;    5;-;    9;-;    5;-;    4;-;    2;-
4607;5027;05;A;  52;101003; 7;s;09;  879;-;  814;-;   20;-;   25;-;  842;-;  781;-;   58;-;    3;-;    8;-;    5;-;    9;-;    6;-;    6;-;    9;-;  784;-;  746;-;   36;-;    2;-;    5;-;    5;-;   19;-;    1;-;    0;-;    0;-
4607;5027;05;A;  52;101003; 7;s;10; 1398;-; 1154;-;   12;-;   15;-; 1371;-; 1262;-;  102;-;    7;-;    7;-;    6;-;    3;-;    3;-;    3;-;    8;-; 1129;-; 1058;-;   51;-;   20;-;    7;-;    3;-;    8;-;    4;-;    3;-;    3;-
4607;5027;05;A;  52;101003; 7;s;11; 1717;-; 1789;-;   16;-;   21;-; 1684;-; 1569;-;  103;-;   12;-;   10;-;    2;-;    8;-;    6;-;    5;-;    7;-; 1760;-; 1660;-;   75;-;   25;-;    7;-;    8;-;    8;-;    5;-;    4;-;    1;-
4607;5027;05;A;  52;101003; 7;s;12; 2181;-; 2018;-;   22;-;   19;-; 2137;-; 2008;-;   99;-;   30;-;    8;-;    4;-;   10;-;    8;-;    5;-;   14;-; 1985;-; 1877;-;   78;-;   30;-;    6;-;    2;-;   10;-;    7;-;    7;-;    8;-
4607;5027;05;A;  52;101003; 7;s;13; 2652;-; 2376;-;   14;-;   16;-; 2605;-; 2474;-;   98;-;   33;-;   13;-;    2;-;    9;-;    3;-;    1;-;   20;-; 2347;-; 2234;-;   87;-;   26;-;    9;-;    5;-;    7;-;    4;-;    4;-;    4;-
4607;5027;05;A;  52;101003; 7;s;14; 3081;-; 2642;-;   14;-;   13;-; 3033;-; 2875;-;  122;-;   36;-;   16;-;    2;-;    5;-;    7;-;    7;-;   18;-; 2613;-; 2523;-;   62;-;   28;-;    7;-;    4;-;    5;-;    4;-;    2;-;    9;-
4607;5027;05;A;  52;101003; 7;s;15; 3074;-; 2967;-;   21;-;   22;-; 3009;-; 2885;-;   99;-;   25;-;    9;-;    3;-;    9;-;    9;-;    8;-;   35;-; 2932;-; 2811;-;   85;-;   36;-;    8;-;    8;-;    5;-;    9;-;    5;-;    5;-
4607;5027;05;A;  52;101003; 7;s;16; 2868;-; 2814;-;   25;-;   17;-; 2822;-; 2678;-;  106;-;   38;-;   11;-;    3;-;   12;-;   10;-;    9;-;   10;-; 2778;-; 2671;-;   75;-;   32;-;   12;-;    2;-;   11;-;    4;-;    3;-;    7;-
4607;5027;05;A;  52;101003; 7;s;17; 2530;-; 2591;-;   29;-;   18;-; 2481;-; 2327;-;  116;-;   38;-;    4;-;    5;-;   15;-;    9;-;    8;-;   16;-; 2552;-; 2435;-;   78;-;   39;-;   17;-;    4;-;    8;-;    6;-;    6;-;    4;-
4607;5027;05;A;  52;101003; 7;s;18; 2804;-; 2931;-;   25;-;   22;-; 2742;-; 2589;-;  117;-;   36;-;   18;-;   11;-;    7;-;    7;-;    6;-;   19;-; 2884;-; 2751;-;   99;-;   34;-;   16;-;    4;-;    8;-;   10;-;    9;-;    9;-
4607;5027;05;A;  52;101003; 7;s;19; 2658;-; 3099;-;   30;-;   28;-; 2597;-; 2440;-;  139;-;   18;-;   12;-;   11;-;    9;-;   10;-;    8;-;   19;-; 3044;-; 2936;-;   81;-;   27;-;   19;-;   11;-;   12;-;    5;-;    3;-;    8;-
4607;5027;05;A;  52;101003; 7;s;20; 2435;-; 2453;-;   31;-;   26;-; 2372;-; 2239;-;  111;-;   22;-;    6;-;    8;-;   14;-;    9;-;    9;-;   26;-; 2407;-; 2328;-;   57;-;   22;-;   17;-;    9;-;    8;-;    9;-;    7;-;    3;-
4607;5027;05;A;  52;101003; 7;s;21; 2034;-; 1726;-;   25;-;   26;-; 1990;-; 1902;-;   78;-;   10;-;    7;-;    9;-;    9;-;    7;-;    6;-;   12;-; 1690;-; 1614;-;   62;-;   14;-;    8;-;   14;-;    8;-;    4;-;    3;-;    2;-
4607;5027;05;A;  52;101003; 7;s;22; 1687;-; 1300;-;   27;-;   19;-; 1642;-; 1548;-;   85;-;    9;-;    9;-;    5;-;    8;-;   14;-;   12;-;    9;-; 1271;-; 1232;-;   37;-;    2;-;    8;-;    5;-;    8;-;    6;-;    6;-;    2;-
4607;5027;05;A;  52;101003; 7;s;23; 1181;-; 1094;-;   40;-;   35;-; 1132;-; 1022;-;  108;-;    2;-;    5;-;    8;-;    5;-;   27;-;   23;-;    4;-; 1055;-; 1000;-;   50;-;    5;-;    2;-;    4;-;    8;-;   23;-;   19;-;    2;-
4607;5027;05;A;  52;101003; 7;s;24;  628;-; 1104;-;   35;-;   34;-;  590;-;  544;-;   43;-;    3;-;    2;-;    2;-;    7;-;   26;-;   19;-;    1;-; 1065;-; 1003;-;   58;-;    4;-;    3;-;    5;-;    6;-;   23;-;   18;-;    2;-
4607;5027;05;A;  52;101004; 1;w;01;  305;-;  443;-;   25;-;   29;-;  275;-;  235;-;   38;-;    2;-;    2;-;    2;-;    8;-;   15;-;   11;-;    3;-;  412;-;  387;-;   25;-;    0;-;    2;-;    4;-;    3;-;   22;-;   20;-;    0;-
4607;5027;05;A;  52;101004; 1;w;02;  178;-;  192;-;   22;-;   24;-;  151;-;  129;-;   21;-;    1;-;    1;-;    0;-;    5;-;   17;-;   16;-;    4;-;  168;-;  147;-;   20;-;    1;-;    0;-;    2;-;    5;-;   17;-;   12;-;    0;-
4607;5027;05;A;  52;101004; 1;w;03;  165;-;  115;-;   38;-;   25;-;  127;-;  116;-;   11;-;    0;-;    0;-;    0;-;   12;-;   26;-;   20;-;    0;-;   89;-;   71;-;   18;-;    0;-;    1;-;    0;-;    7;-;   18;-;   14;-;    0;-
4607;5027;05;A;  52;101004; 1;w;04;  456;-;  222;-;   51;-;   51;-;  402;-;  356;-;   44;-;    2;-;    2;-;    2;-;   17;-;   32;-;   22;-;    1;-;  170;-;  129;-;   40;-;    1;-;    1;-;    1;-;   19;-;   31;-;   27;-;    0;-
4607;5027;05;A;  52;101004; 1;w;05; 1003;-;  432;-;   94;-;   84;-;  903;-;  846;-;   51;-;    6;-;    3;-;    8;-;   36;-;   50;-;   43;-;    3;-;  347;-;  297;-;   49;-;    1;-;    0;-;    2;-;   43;-;   39;-;   30;-;    1;-
4607;5027;05;A;  52;101004; 1;w;06; 2909;-;  914;-;  198;-;  132;-; 2691;-; 2566;-;  103;-;   22;-;    4;-;    7;-;   72;-;  119;-;  103;-;   16;-;  781;-;  720;-;   57;-;    4;-;    0;-;    3;-;   42;-;   87;-;   62;-;    1;-
4607;5027;05;A;  52;101004; 1;w;07; 5098;-; 2055;-;  232;-;  158;-; 4824;-; 4559;-;  228;-;   37;-;   17;-;    4;-;   98;-;  130;-;   99;-;   25;-; 1884;-; 1756;-;  120;-;    8;-;    7;-;    3;-;   66;-;   89;-;   73;-;    6;-
4607;5027;05;A;  52;101004; 1;w;08; 6195;-; 3695;-;  256;-;  213;-; 5887;-; 5614;-;  250;-;   23;-;   20;-;   20;-;  101;-;  135;-;  107;-;   32;-; 3459;-; 3291;-;  158;-;   10;-;   14;-;   11;-;   95;-;  107;-;   85;-;    9;-
4607;5027;05;A;  52;101004; 1;w;09; 6120;-; 4059;-;  255;-;  249;-; 5820;-; 5565;-;  231;-;   24;-;   20;-;   11;-;  106;-;  138;-;  103;-;   25;-; 3790;-; 3597;-;  185;-;    8;-;   11;-;   12;-;  118;-;  119;-;   88;-;    9;-
4607;5027;05;A;  52;101004; 1;w;10; 4627;-; 2851;-;  264;-;  287;-; 4321;-; 4088;-;  217;-;   16;-;   20;-;    7;-;  102;-;  155;-;  118;-;   22;-; 2544;-; 2366;-;  169;-;    9;-;   15;-;   24;-;  123;-;  140;-;  105;-;    5;-
4607;5027;05;A;  52;101004; 1;w;11; 3557;-; 2472;-;  307;-;  224;-; 3226;-; 2992;-;  219;-;   15;-;   13;-;    6;-;  113;-;  188;-;  155;-;   11;-; 2232;-; 2046;-;  178;-;    8;-;    9;-;    6;-;   89;-;  129;-;   99;-;    7;-
4607;5027;05;A;  52;101004; 1;w;12; 2993;-; 2592;-;  273;-;  246;-; 2674;-; 2436;-;  224;-;   14;-;   18;-;    2;-;   98;-;  173;-;  138;-;   28;-; 2323;-; 2141;-;  174;-;    8;-;   18;-;    8;-;  109;-;  129;-;   99;-;    5;-
4607;5027;05;A;  52;101004; 1;w;13; 3156;-; 2976;-;  277;-;  259;-; 2830;-; 2587;-;  220;-;   23;-;   27;-;   15;-;   93;-;  169;-;  132;-;   22;-; 2691;-; 2486;-;  195;-;   10;-;   17;-;    8;-;   99;-;  152;-;  124;-;    9;-
4607;5027;05;A;  52;101004; 1;w;14; 3169;-; 3345;-;  252;-;  252;-; 2873;-; 2648;-;  211;-;   14;-;   16;-;    7;-;   94;-;  151;-;  120;-;   28;-; 3065;-; 2862;-;  196;-;    7;-;   20;-;   14;-;   90;-;  148;-;  110;-;    8;-
4607;5027;05;A;  52;101004; 1;w;15; 2885;-; 4013;-;  269;-;  237;-; 2576;-; 2356;-;  201;-;   19;-;   13;-;    5;-;  101;-;  163;-;  128;-;   27;-; 3743;-; 3539;-;  186;-;   18;-;   24;-;    8;-;   98;-;  131;-;   96;-;    9;-
4607;5027;05;A;  52;101004; 1;w;16; 3024;-; 4535;-;  234;-;  198;-; 2762;-; 2503;-;  240;-;   19;-;   11;-;   11;-;   85;-;  138;-;  111;-;   17;-; 4281;-; 4063;-;  190;-;   28;-;   31;-;    7;-;   76;-;  115;-;   85;-;   25;-
4607;5027;05;A;  52;101004; 1;w;17; 3315;-; 4144;-;  176;-;  165;-; 3090;-; 2884;-;  194;-;   12;-;   21;-;    6;-;   63;-;  107;-;   88;-;   28;-; 3899;-; 3722;-;  154;-;   23;-;   37;-;    7;-;   46;-;  112;-;   80;-;   43;-
4607;5027;05;A;  52;101004; 1;w;18; 3488;-; 4568;-;  150;-;  155;-; 3310;-; 3170;-;  134;-;    6;-;    8;-;    3;-;   47;-;  100;-;   74;-;   20;-; 4331;-; 4188;-;  120;-;   23;-;   23;-;    7;-;   55;-;   93;-;   78;-;   59;-
4607;5027;05;A;  52;101004; 1;w;19; 3368;-; 4466;-;  111;-;  114;-; 3224;-; 3075;-;  138;-;   11;-;    8;-;    5;-;   34;-;   72;-;   55;-;   25;-; 4305;-; 4174;-;  114;-;   17;-;   17;-;   11;-;   34;-;   69;-;   50;-;   30;-
4607;5027;05;A;  52;101004; 1;w;20; 2387;-; 3082;-;   84;-;   90;-; 2280;-; 2151;-;  117;-;   12;-;    7;-;    2;-;   20;-;   62;-;   47;-;   16;-; 2977;-; 2867;-;   97;-;   13;-;    5;-;    2;-;   20;-;   68;-;   53;-;   10;-
4607;5027;05;A;  52;101004; 1;w;21; 1674;-; 2072;-;   65;-;   73;-; 1581;-; 1464;-;  109;-;    8;-;    6;-;    3;-;   18;-;   44;-;   31;-;   22;-; 1987;-; 1899;-;   77;-;   11;-;    6;-;    3;-;   16;-;   54;-;   39;-;    6;-
4607;5027;05;A;  52;101004; 1;w;22; 1295;-; 1556;-;   57;-;   55;-; 1229;-; 1118;-;   97;-;   14;-;    1;-;    1;-;   12;-;   44;-;   35;-;    8;-; 1493;-; 1411;-;   73;-;    9;-;    3;-;    1;-;   11;-;   43;-;   29;-;    5;-
4607;5027;05;A;  52;101004; 1;w;23;  999;-; 1394;-;   50;-;   49;-;  937;-;  856;-;   78;-;    3;-;    1;-;    1;-;   10;-;   39;-;   29;-;   11;-; 1341;-; 1277;-;   53;-;   11;-;    0;-;    2;-;   11;-;   36;-;   31;-;    4;-
4607;5027;05;A;  52;101004; 1;w;24;  498;-; 1053;-;   44;-;   64;-;  449;-;  398;-;   51;-;    0;-;    2;-;    0;-;    4;-;   40;-;   31;-;    3;-;  985;-;  926;-;   56;-;    3;-;    1;-;    3;-;   11;-;   50;-;   33;-;    3;-
4607;5027;05;A;  52;101005; 2;w;01;  253;-;  490;-;   47;-;   48;-;  203;-;  164;-;   38;-;    1;-;    0;-;    1;-;   11;-;   35;-;   26;-;    3;-;  440;-;  402;-;   33;-;    5;-;    1;-;    2;-;    9;-;   37;-;   23;-;    1;-
4607;5027;05;A;  52;101005; 2;w;02;  161;-;  180;-;   36;-;   33;-;  122;-;  101;-;   20;-;    1;-;    0;-;    3;-;    7;-;   26;-;   16;-;    3;-;  147;-;  127;-;   17;-;    3;-;    0;-;    0;-;    3;-;   30;-;   22;-;    0;-
4607;5027;05;A;  52;101005; 2;w;03;  136;-;  116;-;   48;-;   34;-;   88;-;   69;-;   18;-;    1;-;    0;-;    1;-;   13;-;   34;-;   21;-;    0;-;   82;-;   63;-;   19;-;    0;-;    0;-;    1;-;    6;-;   27;-;   17;-;    0;-
4607;5027;05;A;  52;101005; 2;w;04;  465;-;  220;-;   71;-;   70;-;  391;-;  332;-;   56;-;    3;-;    2;-;    2;-;   21;-;   48;-;   33;-;    1;-;  149;-;  117;-;   32;-;    0;-;    1;-;    2;-;   26;-;   42;-;   34;-;    0;-
4607;5027;05;A;  52;101005; 2;w;05;  968;-;  461;-;  109;-;   86;-;  851;-;  805;-;   39;-;    7;-;    2;-;    6;-;   39;-;   64;-;   46;-;    6;-;  373;-;  326;-;   46;-;    1;-;    1;-;    2;-;   38;-;   46;-;   36;-;    1;-
4607;5027;05;A;  52;101005; 2;w;06; 2647;-;  857;-;  173;-;  118;-; 2460;-; 2330;-;  103;-;   27;-;    5;-;    6;-;   54;-;  113;-;   94;-;    9;-;  733;-;  667;-;   62;-;    4;-;    2;-;    3;-;   42;-;   73;-;   54;-;    4;-
4607;5027;05;A;  52;101005; 2;w;07; 5019;-; 1978;-;  238;-;  163;-; 4754;-; 4444;-;  277;-;   33;-;   12;-;   11;-;  102;-;  125;-;   96;-;   15;-; 1800;-; 1694;-;   92;-;   14;-;    8;-;    1;-;   57;-;  105;-;   85;-;    7;-
4607;5027;05;A;  52;101005; 2;w;08; 6187;-; 3578;-;  223;-;  192;-; 5917;-; 5654;-;  227;-;   36;-;   20;-;   10;-;   88;-;  125;-;   92;-;   27;-; 3369;-; 3204;-;  160;-;    5;-;   11;-;    8;-;   75;-;  109;-;   80;-;    6;-
4607;5027;05;A;  52;101005; 2;w;09; 5967;-; 3731;-;  252;-;  219;-; 5653;-; 5422;-;  210;-;   21;-;   26;-;   13;-;  112;-;  127;-;  102;-;   36;-; 3394;-; 3277;-;  111;-;    6;-;   19;-;   13;-;  109;-;   97;-;   73;-;   99;-
4607;5027;05;A;  52;101005; 2;w;10; 4570;-; 3284;-;  295;-;  276;-; 4232;-; 4011;-;  207;-;   14;-;   17;-;   12;-;  115;-;  168;-;  126;-;   26;-; 2975;-; 2786;-;  184;-;    5;-;   19;-;    6;-;  109;-;  161;-;  114;-;   14;-
4607;5027;05;A;  52;101005; 2;w;11; 3313;-; 2509;-;  311;-;  266;-; 2973;-; 2753;-;  213;-;    7;-;   15;-;    8;-;  112;-;  191;-;  143;-;   14;-; 2227;-; 2063;-;  145;-;   19;-;   14;-;    7;-;   91;-;  168;-;  137;-;    2;-
4607;5027;05;A;  52;101005; 2;w;12; 2895;-; 2674;-;  288;-;  279;-; 2572;-; 2377;-;  186;-;    9;-;   16;-;    7;-;  111;-;  170;-;  141;-;   19;-; 2380;-; 2183;-;  191;-;    6;-;   12;-;    5;-;   98;-;  176;-;  156;-;    3;-
4607;5027;05;A;  52;101005; 2;w;13; 3115;-; 2920;-;  238;-;  250;-; 2828;-; 2615;-;  201;-;   12;-;   27;-;    4;-;   79;-;  155;-;  121;-;   22;-; 2651;-; 2490;-;  158;-;    3;-;   15;-;    4;-;   86;-;  160;-;  126;-;    4;-
4607;5027;05;A;  52;101005; 2;w;14; 3309;-; 3442;-;  237;-;  268;-; 3042;-; 2828;-;  200;-;   14;-;   14;-;    9;-;   81;-;  147;-;  125;-;   16;-; 3148;-; 2950;-;  191;-;    7;-;   18;-;    9;-;  102;-;  157;-;  119;-;    8;-
4607;5027;05;A;  52;101005; 2;w;15; 3030;-; 4042;-;  244;-;  262;-; 2748;-; 2548;-;  193;-;    7;-;   20;-;    2;-;   86;-;  156;-;  124;-;   18;-; 3730;-; 3528;-;  183;-;   19;-;   34;-;   11;-;   98;-;  153;-;  112;-;   16;-
4607;5027;05;A;  52;101005; 2;w;16; 3242;-; 4210;-;  232;-;  202;-; 2948;-; 2725;-;  211;-;   12;-;   32;-;    5;-;   81;-;  146;-;  123;-;   30;-; 3944;-; 3745;-;  177;-;   22;-;   37;-;    6;-;   67;-;  129;-;   94;-;   27;-
4607;5027;05;A;  52;101005; 2;w;17; 3505;-; 4580;-;  177;-;  161;-; 3285;-; 3075;-;  201;-;    9;-;   19;-;    6;-;   67;-;  104;-;   82;-;   24;-; 4374;-; 4162;-;  189;-;   23;-;   19;-;    9;-;   67;-;   85;-;   58;-;   26;-
4607;5027;05;A;  52;101005; 2;w;18; 3632;-; 4864;-;  153;-;  146;-; 3448;-; 3285;-;  157;-;    6;-;   12;-;    3;-;   48;-;  102;-;   80;-;   19;-; 4662;-; 4493;-;  145;-;   24;-;   18;-;   13;-;   51;-;   82;-;   59;-;   38;-
4607;5027;05;A;  52;101005; 2;w;19; 3548;-; 4559;-;  129;-;  116;-; 3389;-; 3251;-;  130;-;    8;-;    5;-;   11;-;   25;-;   93;-;   74;-;   25;-; 4386;-; 4270;-;  101;-;   15;-;   26;-;    7;-;   28;-;   81;-;   68;-;   31;-
4607;5027;05;A;  52;101005; 2;w;20; 2734;-; 3220;-;  100;-;   83;-; 2607;-; 2459;-;  137;-;   11;-;    9;-;    6;-;   26;-;   68;-;   48;-;   18;-; 3112;-; 2992;-;  108;-;   12;-;   13;-;    6;-;   17;-;   60;-;   48;-;   12;-
4607;5027;05;A;  52;101005; 2;w;21; 1638;-; 2289;-;   57;-;   75;-; 1566;-; 1456;-;  101;-;    9;-;    3;-;    3;-;   12;-;   42;-;   32;-;   12;-; 2197;-; 2098;-;   92;-;    7;-;    8;-;    5;-;   22;-;   48;-;   31;-;    9;-
4607;5027;05;A;  52;101005; 2;w;22; 1376;-; 1637;-;   67;-;   62;-; 1297;-; 1208;-;   82;-;    7;-;    2;-;    2;-;   11;-;   54;-;   39;-;   10;-; 1565;-; 1490;-;   66;-;    9;-;    2;-;    4;-;    9;-;   49;-;   35;-;    8;-
4607;5027;05;A;  52;101005; 2;w;23; 1074;-; 1670;-;   48;-;   52;-; 1019;-;  950;-;   66;-;    3;-;    2;-;    4;-;   12;-;   32;-;   28;-;    5;-; 1610;-; 1566;-;   41;-;    3;-;    1;-;    1;-;    9;-;   42;-;   33;-;    7;-
4607;5027;05;A;  52;101005; 2;w;24;  569;-; 1174;-;   42;-;   54;-;  520;-;  473;-;   47;-;    0;-;    1;-;    3;-;   11;-;   28;-;   18;-;    6;-; 1115;-; 1062;-;   52;-;    1;-;    4;-;    4;-;    7;-;   43;-;   31;-;    1;-
4607;5027;05;A;  52;101006; 3;w;01;  261;-;  372;-;   36;-;   43;-;  223;-;  188;-;   35;-;    0;-;    0;-;    2;-;    7;-;   27;-;   17;-;    2;-;  327;-;  298;-;   26;-;    3;-;    0;-;    2;-;    5;-;   36;-;   24;-;    2;-
4607;5027;05;A;  52;101006; 3;w;02;  141;-;  189;-;   40;-;   28;-;  100;-;   83;-;   16;-;    1;-;    0;-;    1;-;   12;-;   27;-;   20;-;    1;-;  160;-;  140;-;   20;-;    0;-;    1;-;    0;-;    5;-;   23;-;   15;-;    0;-
4607;5027;05;A;  52;101006; 3;w;03;  187;-;  145;-;   61;-;   44;-;  125;-;  108;-;   16;-;    1;-;    0;-;    0;-;   13;-;   48;-;   34;-;    1;-;  100;-;   86;-;   14;-;    0;-;    1;-;    1;-;    7;-;   36;-;   24;-;    0;-
4607;5027;05;A;  52;101006; 3;w;04;  478;-;  203;-;   55;-;   54;-;  418;-;  380;-;   36;-;    2;-;    3;-;    2;-;   17;-;   36;-;   25;-;    2;-;  147;-;  118;-;   29;-;    0;-;    1;-;    1;-;   19;-;   34;-;   22;-;    1;-
4607;5027;05;A;  52;101006; 3;w;05;  930;-;  455;-;  124;-;  109;-;  798;-;  746;-;   45;-;    7;-;    1;-;    5;-;   41;-;   78;-;   56;-;    7;-;  346;-;  304;-;   41;-;    1;-;    0;-;    0;-;   43;-;   66;-;   49;-;    0;-
4607;5027;05;A;  52;101006; 3;w;06; 2631;-;  808;-;  189;-;  119;-; 2425;-; 2316;-;   92;-;   17;-;    7;-;    3;-;   64;-;  122;-;   95;-;   10;-;  682;-;  620;-;   57;-;    5;-;    3;-;    1;-;   30;-;   88;-;   67;-;    4;-
4607;5027;05;A;  52;101006; 3;w;07; 4981;-; 1954;-;  258;-;  180;-; 4692;-; 4428;-;  239;-;   25;-;   11;-;    8;-;   99;-;  151;-;  113;-;   20;-; 1762;-; 1661;-;   93;-;    8;-;    7;-;    2;-;   67;-;  111;-;   91;-;    5;-
4607;5027;05;A;  52;101006; 3;w;08; 6220;-; 3674;-;  230;-;  194;-; 5937;-; 5714;-;  209;-;   14;-;   25;-;   12;-;  101;-;  117;-;   87;-;   28;-; 3459;-; 3297;-;  153;-;    9;-;    9;-;    7;-;   74;-;  113;-;   85;-;   12;-
4607;5027;05;A;  52;101006; 3;w;09; 5992;-; 4232;-;  242;-;  231;-; 5671;-; 5430;-;  221;-;   20;-;   23;-;    5;-;  101;-;  136;-;  108;-;   56;-; 3942;-; 3794;-;  143;-;    5;-;   11;-;   13;-;  101;-;  117;-;   85;-;   48;-
4607;5027;05;A;  52;101006; 3;w;10; 4633;-; 3754;-;  294;-;  305;-; 4306;-; 4052;-;  244;-;   10;-;   12;-;   13;-;  108;-;  173;-;  139;-;   21;-; 3420;-; 3221;-;  197;-;    2;-;   12;-;    5;-;  123;-;  177;-;  134;-;   17;-
4607;5027;05;A;  52;101006; 3;w;11; 3544;-; 2945;-;  224;-;  318;-; 3280;-; 3039;-;  224;-;   17;-;   17;-;    6;-;   94;-;  124;-;   91;-;   23;-; 2608;-; 2422;-;  180;-;    6;-;   12;-;   14;-;  116;-;  188;-;  154;-;    7;-
4607;5027;05;A;  52;101006; 3;w;12; 3312;-; 2692;-;  275;-;  257;-; 3003;-; 2777;-;  218;-;    8;-;   15;-;    6;-;  105;-;  164;-;  125;-;   19;-; 2416;-; 2209;-;  200;-;    7;-;   13;-;    4;-;  101;-;  152;-;  112;-;    6;-
4607;5027;05;A;  52;101006; 3;w;13; 3379;-; 3139;-;  239;-;  244;-; 3105;-; 2848;-;  243;-;   14;-;   13;-;    5;-;   85;-;  149;-;  122;-;   22;-; 2866;-; 2669;-;  195;-;    2;-;   22;-;    6;-;   92;-;  146;-;  116;-;    7;-
4607;5027;05;A;  52;101006; 3;w;14; 3469;-; 3745;-;  246;-;  267;-; 3189;-; 2990;-;  188;-;   11;-;    8;-;    6;-;   78;-;  162;-;  130;-;   26;-; 3449;-; 3229;-;  205;-;   15;-;   18;-;   12;-;   97;-;  158;-;  117;-;   11;-
4607;5027;05;A;  52;101006; 3;w;15; 3352;-; 4255;-;  225;-;  242;-; 3072;-; 2882;-;  177;-;   13;-;   22;-;    6;-;   86;-;  133;-;  101;-;   33;-; 3965;-; 3753;-;  195;-;   17;-;   19;-;    6;-;   99;-;  137;-;  108;-;   29;-
4607;5027;05;A;  52;101006; 3;w;16; 3315;-; 4356;-;  225;-;  220;-; 3044;-; 2806;-;  215;-;   23;-;   17;-;    6;-;   86;-;  133;-;  105;-;   29;-; 4098;-; 3905;-;  178;-;   15;-;   25;-;    8;-;   88;-;  124;-;   92;-;   13;-
4607;5027;05;A;  52;101006; 3;w;17; 3657;-; 4606;-;  174;-;  158;-; 3453;-; 3256;-;  187;-;   10;-;    7;-;   10;-;   68;-;   96;-;   72;-;   23;-; 4405;-; 4219;-;  168;-;   18;-;   20;-;   11;-;   58;-;   89;-;   64;-;   23;-
4607;5027;05;A;  52;101006; 3;w;18; 3904;-; 4941;-;  148;-;  157;-; 3729;-; 3554;-;  164;-;   11;-;    6;-;    6;-;   33;-;  109;-;   81;-;   21;-; 4738;-; 4595;-;  126;-;   17;-;   16;-;   10;-;   46;-;  101;-;   76;-;   30;-
4607;5027;05;A;  52;101006; 3;w;19; 3693;-; 4702;-;  116;-;  110;-; 3545;-; 3409;-;  122;-;   14;-;    6;-;   15;-;   27;-;   74;-;   64;-;   26;-; 4543;-; 4421;-;  112;-;   10;-;   18;-;    7;-;   29;-;   74;-;   62;-;   31;-
4607;5027;05;A;  52;101006; 3;w;20; 2817;-; 3441;-;   79;-;   90;-; 2715;-; 2594;-;  108;-;   13;-;    6;-;    5;-;   19;-;   55;-;   41;-;   17;-; 3321;-; 3223;-;   86;-;   12;-;   12;-;    6;-;   21;-;   63;-;   53;-;   18;-
4607;5027;05;A;  52;101006; 3;w;21; 1825;-; 2433;-;   83;-;   61;-; 1730;-; 1616;-;  106;-;    8;-;    4;-;    8;-;   18;-;   57;-;   42;-;    8;-; 2359;-; 2274;-;   76;-;    9;-;    4;-;    6;-;    7;-;   48;-;   37;-;    9;-
4607;5027;05;A;  52;101006; 3;w;22; 1462;-; 1876;-;   49;-;   60;-; 1405;-; 1313;-;   83;-;    9;-;    1;-;    2;-;    7;-;   40;-;   32;-;    7;-; 1811;-; 1740;-;   61;-;   10;-;    1;-;    2;-;    9;-;   49;-;   34;-;    4;-
4607;5027;05;A;  52;101006; 3;w;23; 1019;-; 1850;-;   43;-;   55;-;  966;-;  891;-;   70;-;    5;-;    3;-;    2;-;    9;-;   32;-;   23;-;    7;-; 1788;-; 1716;-;   63;-;    9;-;    4;-;    1;-;   12;-;   42;-;   31;-;    3;-
4607;5027;05;A;  52;101006; 3;w;24;  606;-; 1079;-;   39;-;   46;-;  564;-;  517;-;   46;-;    1;-;    0;-;    0;-;    4;-;   35;-;   27;-;    3;-; 1031;-;  983;-;   44;-;    4;-;    1;-;    3;-;    6;-;   37;-;   26;-;    1;-
4607;5027;05;A;  52;101007; 4;w;01;  325;-;  484;-;   30;-;   42;-;  292;-;  249;-;   42;-;    1;-;    0;-;    2;-;    6;-;   22;-;   15;-;    3;-;  441;-;  413;-;   26;-;    2;-;    1;-;    2;-;    4;-;   36;-;   25;-;    0;-
4607;5027;05;A;  52;101007; 4;w;02;  182;-;  234;-;   38;-;   25;-;  142;-;  118;-;   23;-;    1;-;    0;-;    1;-;    8;-;   29;-;   16;-;    2;-;  209;-;  188;-;   20;-;    1;-;    0;-;    0;-;    2;-;   23;-;   14;-;    0;-
4607;5027;05;A;  52;101007; 4;w;03;  171;-;  157;-;   49;-;   39;-;  120;-;  105;-;   14;-;    1;-;    1;-;    0;-;   12;-;   37;-;   27;-;    1;-;  116;-;   96;-;   20;-;    0;-;    0;-;    0;-;    9;-;   30;-;   24;-;    2;-
4607;5027;05;A;  52;101007; 4;w;04;  478;-;  213;-;   81;-;   56;-;  390;-;  341;-;   48;-;    1;-;    5;-;    1;-;   25;-;   55;-;   36;-;    2;-;  154;-;  129;-;   25;-;    0;-;    1;-;    0;-;   22;-;   34;-;   29;-;    2;-
4607;5027;05;A;  52;101007; 4;w;05;  966;-;  426;-;  106;-;   91;-;  855;-;  786;-;   62;-;    7;-;    2;-;    6;-;   28;-;   72;-;   49;-;    3;-;  333;-;  280;-;   52;-;    1;-;    2;-;    3;-;   41;-;   47;-;   37;-;    0;-
4607;5027;05;A;  52;101007; 4;w;06; 2713;-;  855;-;  188;-;  120;-; 2501;-; 2379;-;  108;-;   14;-;   10;-;    7;-;   55;-;  126;-;  101;-;   14;-;  726;-;  660;-;   61;-;    5;-;    5;-;    2;-;   40;-;   78;-;   54;-;    4;-
4607;5027;05;A;  52;101007; 4;w;07; 4911;-; 2011;-;  236;-;  151;-; 4632;-; 4354;-;  254;-;   24;-;   14;-;   11;-;   87;-;  138;-;  109;-;   29;-; 1844;-; 1705;-;  125;-;   14;-;    6;-;    2;-;   53;-;   96;-;   76;-;   10;-
4607;5027;05;A;  52;101007; 4;w;08; 6314;-; 3714;-;  223;-;  215;-; 6037;-; 5784;-;  232;-;   21;-;   27;-;   12;-;   91;-;  120;-;   95;-;   27;-; 3473;-; 3290;-;  174;-;    9;-;   13;-;    6;-;   90;-;  119;-;   85;-;   13;-
4607;5027;05;A;  52;101007; 4;w;09; 5936;-; 4284;-;  223;-;  244;-; 5646;-; 5428;-;  196;-;   22;-;   19;-;    7;-;   88;-;  128;-;   94;-;   48;-; 4020;-; 3809;-;  202;-;    9;-;   13;-;   19;-;  114;-;  111;-;   91;-;    7;-
4607;5027;05;A;  52;101007; 4;w;10; 4662;-; 3207;-;  260;-;  281;-; 4373;-; 4128;-;  236;-;    9;-;   11;-;    9;-;  100;-;  151;-;  115;-;   18;-; 2901;-; 2683;-;  214;-;    4;-;   17;-;   14;-;  111;-;  156;-;  118;-;    8;-
4607;5027;05;A;  52;101007; 4;w;11; 3823;-; 2608;-;  255;-;  232;-; 3536;-; 3268;-;  259;-;    9;-;   11;-;   11;-;   95;-;  149;-;  106;-;   21;-; 2358;-; 2168;-;  184;-;    6;-;   14;-;    4;-;   90;-;  138;-;  107;-;    4;-
4607;5027;05;A;  52;101007; 4;w;12; 3144;-; 2685;-;  264;-;  250;-; 2833;-; 2633;-;  195;-;    5;-;   16;-;    9;-;   86;-;  169;-;  147;-;   31;-; 2414;-; 2221;-;  189;-;    4;-;   17;-;   12;-;   92;-;  146;-;  116;-;    4;-
4607;5027;05;A;  52;101007; 4;w;13; 3118;-; 3065;-;  259;-;  259;-; 2824;-; 2622;-;  191;-;   11;-;   15;-;    9;-;   91;-;  159;-;  117;-;   20;-; 2786;-; 2590;-;  192;-;    4;-;   14;-;    7;-;  103;-;  149;-;  116;-;    6;-
4607;5027;05;A;  52;101007; 4;w;14; 3437;-; 3646;-;  278;-;  249;-; 3126;-; 2899;-;  215;-;   12;-;   18;-;    7;-;  101;-;  170;-;  134;-;   15;-; 3360;-; 3163;-;  181;-;   16;-;   24;-;    5;-;   93;-;  151;-;  109;-;   13;-
4607;5027;05;A;  52;101007; 4;w;15; 3122;-; 4110;-;  205;-;  248;-; 2870;-; 2644;-;  208;-;   18;-;   24;-;    4;-;   78;-;  123;-;  100;-;   23;-; 3803;-; 3589;-;  206;-;    8;-;   32;-;    7;-;   92;-;  149;-;  107;-;   27;-
4607;5027;05;A;  52;101007; 4;w;16; 3328;-; 4324;-;  193;-;  205;-; 3093;-; 2860;-;  223;-;   10;-;   16;-;    6;-;   72;-;  115;-;   96;-;   26;-; 4062;-; 3864;-;  185;-;   13;-;   26;-;   10;-;   64;-;  131;-;   96;-;   31;-
4607;5027;05;A;  52;101007; 4;w;17; 3664;-; 4503;-;  180;-;  189;-; 3441;-; 3214;-;  215;-;   12;-;   14;-;    7;-;   61;-;  112;-;   82;-;   29;-; 4252;-; 4025;-;  202;-;   25;-;   29;-;    7;-;   70;-;  112;-;   83;-;   33;-
4607;5027;05;A;  52;101007; 4;w;18; 3956;-; 4827;-;  148;-;  157;-; 3774;-; 3596;-;  166;-;   12;-;   11;-;   14;-;   54;-;   80;-;   57;-;   23;-; 4614;-; 4466;-;  123;-;   25;-;   29;-;    9;-;   43;-;  105;-;   82;-;   27;-
4607;5027;05;A;  52;101007; 4;w;19; 3911;-; 4824;-;  106;-;  114;-; 3768;-; 3613;-;  134;-;   21;-;    5;-;   11;-;   29;-;   66;-;   55;-;   32;-; 4671;-; 4527;-;  126;-;   18;-;   21;-;   10;-;   35;-;   69;-;   59;-;   18;-
4607;5027;05;A;  52;101007; 4;w;20; 2634;-; 3898;-;   78;-;  104;-; 2509;-; 2384;-;  113;-;   12;-;    6;-;    7;-;   11;-;   60;-;   48;-;   41;-; 3765;-; 3640;-;  116;-;    9;-;   13;-;    4;-;   32;-;   68;-;   57;-;   16;-
4607;5027;05;A;  52;101007; 4;w;21; 1781;-; 2457;-;   79;-;   74;-; 1680;-; 1564;-;  105;-;   11;-;    5;-;    4;-;   22;-;   53;-;   41;-;   17;-; 2365;-; 2274;-;   74;-;   17;-;    8;-;    6;-;    9;-;   59;-;   42;-;   10;-
4607;5027;05;A;  52;101007; 4;w;22; 1355;-; 1902;-;   45;-;   53;-; 1294;-; 1196;-;   89;-;    9;-;    2;-;    4;-;   12;-;   29;-;   19;-;   14;-; 1837;-; 1759;-;   71;-;    7;-;    5;-;    5;-;    6;-;   42;-;   28;-;    7;-
4607;5027;05;A;  52;101007; 4;w;23; 1112;-; 1799;-;   53;-;   48;-; 1048;-;  965;-;   81;-;    2;-;    0;-;    3;-;   14;-;   36;-;   31;-;   11;-; 1742;-; 1680;-;   55;-;    7;-;    2;-;    2;-;    7;-;   39;-;   28;-;    7;-
4607;5027;05;A;  52;101007; 4;w;24;  708;-; 1150;-;   43;-;   62;-;  656;-;  594;-;   61;-;    1;-;    2;-;    1;-;   10;-;   32;-;   26;-;    7;-; 1084;-; 1029;-;   50;-;    5;-;    1;-;    5;-;    9;-;   48;-;   37;-;    3;-
4607;5027;05;A;  52;101008; 5;w;01;  419;-;  546;-;   42;-;   49;-;  373;-;  323;-;   49;-;    1;-;    1;-;    2;-;    6;-;   34;-;   24;-;    3;-;  497;-;  473;-;   21;-;    3;-;    0;-;    2;-;    9;-;   38;-;   25;-;    0;-
4607;5027;05;A;  52;101008; 5;w;02;  226;-;  253;-;   50;-;   38;-;  173;-;  141;-;   31;-;    1;-;    0;-;    1;-;   13;-;   36;-;   27;-;    3;-;  214;-;  182;-;   32;-;    0;-;    0;-;    0;-;    4;-;   34;-;   25;-;    1;-
4607;5027;05;A;  52;101008; 5;w;03;  201;-;  189;-;   51;-;   46;-;  148;-;  120;-;   28;-;    0;-;    1;-;    2;-;   16;-;   33;-;   24;-;    1;-;  142;-;  119;-;   23;-;    0;-;    0;-;    1;-;   10;-;   35;-;   28;-;    1;-
4607;5027;05;A;  52;101008; 5;w;04;  507;-;  223;-;   74;-;   49;-;  428;-;  380;-;   47;-;    1;-;    3;-;    1;-;   23;-;   50;-;   35;-;    2;-;  172;-;  135;-;   37;-;    0;-;    1;-;    1;-;   19;-;   29;-;   21;-;    1;-
4607;5027;05;A;  52;101008; 5;w;05;  975;-;  441;-;  115;-;   94;-;  841;-;  781;-;   52;-;    8;-;    4;-;    6;-;   41;-;   68;-;   48;-;   15;-;  343;-;  297;-;   45;-;    1;-;    3;-;    2;-;   38;-;   54;-;   39;-;    1;-
4607;5027;05;A;  52;101008; 5;w;06; 2526;-;  896;-;  187;-;  149;-; 2313;-; 2180;-;  104;-;   29;-;    4;-;    8;-;   60;-;  119;-;   99;-;   22;-;  738;-;  663;-;   68;-;    7;-;    6;-;    4;-;   36;-;  109;-;   75;-;    3;-
4607;5027;05;A;  52;101008; 5;w;07; 4869;-; 1928;-;  229;-;  170;-; 4594;-; 4273;-;  282;-;   39;-;   14;-;    7;-;  106;-;  116;-;   88;-;   32;-; 1749;-; 1616;-;  122;-;   11;-;    6;-;    6;-;   67;-;   97;-;   74;-;    3;-
4607;5027;05;A;  52;101008; 5;w;08; 5962;-; 3527;-;  235;-;  196;-; 5667;-; 5384;-;  262;-;   21;-;   23;-;   12;-;   87;-;  136;-;  104;-;   37;-; 3315;-; 3132;-;  168;-;   15;-;    9;-;    7;-;   79;-;  110;-;   74;-;    7;-
4607;5027;05;A;  52;101008; 5;w;09; 5377;-; 4026;-;  232;-;  284;-; 5103;-; 4845;-;  226;-;   32;-;   22;-;    4;-;   89;-;  139;-;  110;-;   20;-; 3711;-; 3531;-;  175;-;    5;-;   15;-;   14;-;  116;-;  154;-;  113;-;   16;-
4607;5027;05;A;  52;101008; 5;w;10; 3697;-; 2925;-;  223;-;  289;-; 3434;-; 3211;-;  205;-;   18;-;   17;-;   14;-;   79;-;  130;-;   99;-;   23;-; 2608;-; 2395;-;  205;-;    8;-;   17;-;   17;-;  102;-;  170;-;  124;-;   11;-
4607;5027;05;A;  52;101008; 5;w;11; 3273;-; 2540;-;  276;-;  278;-; 2954;-; 2714;-;  226;-;   14;-;   17;-;    8;-;   88;-;  180;-;  133;-;   26;-; 2234;-; 2034;-;  193;-;    7;-;   21;-;   11;-;  100;-;  167;-;  135;-;    7;-
4607;5027;05;A;  52;101008; 5;w;12; 3025;-; 2929;-;  252;-;  246;-; 2731;-; 2525;-;  194;-;   12;-;   15;-;    9;-;   88;-;  155;-;  115;-;   27;-; 2659;-; 2436;-;  205;-;   18;-;   17;-;    5;-;   98;-;  143;-;  115;-;    7;-
4607;5027;05;A;  52;101008; 5;w;13; 3338;-; 3910;-;  231;-;  252;-; 3069;-; 2854;-;  207;-;    8;-;   13;-;   10;-;   87;-;  134;-;  107;-;   25;-; 3619;-; 3395;-;  215;-;    9;-;   25;-;    9;-;   80;-;  163;-;  126;-;   14;-
4607;5027;05;A;  52;101008; 5;w;14; 3479;-; 4228;-;  219;-;  228;-; 3219;-; 3002;-;  193;-;   24;-;   18;-;    8;-;   76;-;  135;-;  101;-;   23;-; 3945;-; 3769;-;  167;-;    9;-;   29;-;   12;-;   75;-;  141;-;  113;-;   26;-
4607;5027;05;A;  52;101008; 5;w;15; 3519;-; 4616;-;  203;-;  245;-; 3267;-; 3029;-;  226;-;   12;-;   24;-;    9;-;   81;-;  113;-;   91;-;   25;-; 4318;-; 4121;-;  177;-;   20;-;   34;-;    7;-;   92;-;  146;-;  112;-;   19;-
4607;5027;05;A;  52;101008; 5;w;16; 3584;-; 4684;-;  202;-;  212;-; 3338;-; 3146;-;  182;-;   10;-;   25;-;    7;-;   81;-;  114;-;   87;-;   19;-; 4419;-; 4207;-;  192;-;   20;-;   34;-;    9;-;   76;-;  127;-;   91;-;   19;-
4607;5027;05;A;  52;101008; 5;w;17; 3669;-; 4631;-;  189;-;  160;-; 3444;-; 3241;-;  187;-;   16;-;   12;-;   13;-;   71;-;  105;-;   79;-;   24;-; 4444;-; 4241;-;  182;-;   21;-;   15;-;   16;-;   45;-;   99;-;   71;-;   12;-
4607;5027;05;A;  52;101008; 5;w;18; 3623;-; 4628;-;  131;-;  116;-; 3450;-; 3274;-;  160;-;   16;-;   13;-;   15;-;   40;-;   76;-;   51;-;   29;-; 4483;-; 4320;-;  135;-;   28;-;   19;-;    6;-;   28;-;   82;-;   64;-;   10;-
4607;5027;05;A;  52;101008; 5;w;19; 3263;-; 4533;-;  106;-;  107;-; 3076;-; 2929;-;  133;-;   14;-;   15;-;    9;-;   28;-;   69;-;   52;-;   66;-; 4389;-; 4227;-;  136;-;   26;-;   18;-;   12;-;   30;-;   65;-;   49;-;   19;-
4607;5027;05;A;  52;101008; 5;w;20; 2662;-; 3473;-;   60;-;   82;-; 2569;-; 2432;-;  123;-;   14;-;   10;-;    6;-;   16;-;   38;-;   27;-;   23;-; 3367;-; 3229;-;  129;-;    9;-;   15;-;    9;-;   13;-;   60;-;   49;-;    9;-
4607;5027;05;A;  52;101008; 5;w;21; 1807;-; 2538;-;   70;-;   73;-; 1720;-; 1612;-;  101;-;    7;-;    6;-;    6;-;   25;-;   39;-;   28;-;   11;-; 2451;-; 2345;-;   93;-;   13;-;    8;-;    9;-;   20;-;   44;-;   30;-;    6;-
4607;5027;05;A;  52;101008; 5;w;22; 1336;-; 1785;-;   62;-;   71;-; 1258;-; 1153;-;   99;-;    6;-;    7;-;    5;-;   27;-;   30;-;   24;-;    9;-; 1705;-; 1623;-;   71;-;   11;-;    2;-;    6;-;   12;-;   53;-;   33;-;    7;-
4607;5027;05;A;  52;101008; 5;w;23; 1163;-; 1641;-;   41;-;   51;-; 1112;-; 1025;-;   83;-;    4;-;    0;-;    7;-;   12;-;   22;-;   16;-;   10;-; 1579;-; 1528;-;   43;-;    8;-;    6;-;    4;-;   10;-;   37;-;   28;-;    5;-
4607;5027;05;A;  52;101008; 5;w;24; 1041;-; 1379;-;   41;-;   51;-;  985;-;  914;-;   64;-;    7;-;    4;-;    5;-;   11;-;   25;-;   20;-;   11;-; 1326;-; 1268;-;   57;-;    1;-;    0;-;    4;-;    5;-;   42;-;   29;-;    2;-
4607;5027;05;A;  52;101009; 6;u;01;  620;-;  924;-;   31;-;   37;-;  584;-;  532;-;   50;-;    2;-;    3;-;    1;-;    6;-;   24;-;   17;-;    2;-;  882;-;  836;-;   43;-;    3;-;    2;-;    4;-;    1;-;   32;-;   23;-;    3;-
4607;5027;05;A;  52;101009; 6;u;02;  350;-;  449;-;   25;-;   19;-;  324;-;  294;-;   29;-;    1;-;    0;-;    1;-;    3;-;   21;-;   16;-;    1;-;  427;-;  407;-;   20;-;    0;-;    2;-;    2;-;    1;-;   16;-;    8;-;    1;-
4607;5027;05;A;  52;101009; 6;u;03;  290;-;  302;-;   34;-;   22;-;  251;-;  222;-;   28;-;    1;-;    1;-;    1;-;   12;-;   21;-;   11;-;    4;-;  280;-;  261;-;   19;-;    0;-;    0;-;    0;-;    4;-;   18;-;   14;-;    0;-
4607;5027;05;A;  52;101009; 6;u;04;  569;-;  358;-;   41;-;   39;-;  523;-;  471;-;   50;-;    2;-;    3;-;    4;-;   11;-;   26;-;   18;-;    2;-;  315;-;  281;-;   34;-;    0;-;    3;-;    3;-;   17;-;   19;-;   13;-;    1;-
4607;5027;05;A;  52;101009; 6;u;05;  821;-;  575;-;   51;-;   53;-;  760;-;  688;-;   65;-;    7;-;    2;-;    4;-;   19;-;   28;-;   20;-;    8;-;  518;-;  448;-;   69;-;    1;-;    3;-;    2;-;   29;-;   22;-;   15;-;    1;-
4607;5027;05;A;  52;101009; 6;u;06; 1086;-;  704;-;   73;-;   47;-; 1003;-;  918;-;   81;-;    4;-;    8;-;    8;-;   28;-;   37;-;   26;-;    2;-;  648;-;  564;-;   79;-;    5;-;    7;-;    4;-;   19;-;   24;-;   14;-;    2;-
4607;5027;05;A;  52;101009; 6;u;07; 1118;-;  847;-;   64;-;   42;-; 1033;-;  921;-;  108;-;    4;-;   11;-;    6;-;   34;-;   24;-;   20;-;   10;-;  788;-;  723;-;   59;-;    6;-;   15;-;    8;-;   13;-;   21;-;   14;-;    2;-
4607;5027;05;A;  52;101009; 6;u;08; 1397;-; 1155;-;   67;-;   55;-; 1314;-; 1180;-;  130;-;    4;-;   15;-;    8;-;   31;-;   28;-;   23;-;    1;-; 1085;-;  973;-;  108;-;    4;-;   13;-;    3;-;   24;-;   28;-;   24;-;    2;-
4607;5027;05;A;  52;101009; 6;u;09; 2012;-; 1532;-;   76;-;  102;-; 1909;-; 1724;-;  177;-;    8;-;   13;-;    6;-;   37;-;   33;-;   26;-;   14;-; 1408;-; 1308;-;   97;-;    3;-;   18;-;   12;-;   54;-;   36;-;   29;-;    4;-
4607;5027;05;A;  52;101009; 6;u;10; 2830;-; 2111;-;   67;-;   62;-; 2727;-; 2529;-;  185;-;   13;-;   19;-;    4;-;   41;-;   22;-;   14;-;   17;-; 2030;-; 1888;-;  129;-;   13;-;   15;-;   14;-;   22;-;   26;-;   24;-;    4;-
4607;5027;05;A;  52;101009; 6;u;11; 3011;-; 2406;-;   55;-;   61;-; 2916;-; 2728;-;  161;-;   27;-;   18;-;    5;-;   24;-;   26;-;   21;-;   22;-; 2327;-; 2160;-;  145;-;   22;-;   13;-;    6;-;   32;-;   23;-;   20;-;    5;-
4607;5027;05;A;  52;101009; 6;u;12; 3150;-; 2543;-;   53;-;   46;-; 3060;-; 2885;-;  149;-;   26;-;   21;-;    7;-;   25;-;   21;-;   20;-;   16;-; 2466;-; 2317;-;  116;-;   33;-;   24;-;    3;-;   23;-;   20;-;   19;-;    7;-
4607;5027;05;A;  52;101009; 6;u;13; 3363;-; 3046;-;   46;-;   40;-; 3269;-; 3088;-;  156;-;   25;-;   21;-;    6;-;   21;-;   19;-;   17;-;   27;-; 2978;-; 2833;-;  129;-;   16;-;   20;-;    5;-;   18;-;   17;-;   13;-;    8;-
4607;5027;05;A;  52;101009; 6;u;14; 3468;-; 3347;-;   36;-;   28;-; 3394;-; 3205;-;  156;-;   33;-;   21;-;    1;-;   25;-;   10;-;    9;-;   17;-; 3290;-; 3132;-;  128;-;   30;-;   23;-;    4;-;   12;-;   12;-;    8;-;    6;-
4607;5027;05;A;  52;101009; 6;u;15; 3379;-; 3524;-;   46;-;   52;-; 3288;-; 3127;-;  133;-;   28;-;   24;-;    2;-;   28;-;   16;-;   15;-;   21;-; 3442;-; 3292;-;  120;-;   30;-;   20;-;    4;-;   30;-;   18;-;   16;-;   10;-
4607;5027;05;A;  52;101009; 6;u;16; 3052;-; 3398;-;   34;-;   48;-; 2988;-; 2795;-;  152;-;   41;-;   14;-;    1;-;   20;-;   13;-;    9;-;   16;-; 3319;-; 3159;-;  123;-;   37;-;   18;-;    6;-;   17;-;   25;-;   21;-;   13;-
4607;5027;05;A;  52;101009; 6;u;17; 2648;-; 3284;-;   44;-;   27;-; 2566;-; 2364;-;  160;-;   42;-;   24;-;    6;-;   28;-;   10;-;    8;-;   14;-; 3243;-; 3093;-;  112;-;   38;-;    6;-;    4;-;   14;-;    9;-;    5;-;    8;-
4607;5027;05;A;  52;101009; 6;u;18; 2659;-; 3174;-;   32;-;   40;-; 2599;-; 2463;-;  108;-;   28;-;   14;-;    6;-;   14;-;   12;-;   10;-;   14;-; 3108;-; 2961;-;  111;-;   36;-;   19;-;   10;-;   14;-;   16;-;   14;-;    7;-
4607;5027;05;A;  52;101009; 6;u;19; 2695;-; 2959;-;   21;-;   33;-; 2646;-; 2520;-;  101;-;   25;-;    9;-;    4;-;    9;-;    8;-;    7;-;   19;-; 2902;-; 2770;-;  117;-;   15;-;   19;-;    6;-;   17;-;   10;-;    8;-;    5;-
4607;5027;05;A;  52;101009; 6;u;20; 2139;-; 2356;-;   22;-;   25;-; 2090;-; 1964;-;  110;-;   16;-;    9;-;    2;-;   12;-;    8;-;    8;-;   18;-; 2315;-; 2203;-;   96;-;   16;-;   12;-;    3;-;   13;-;    9;-;    7;-;    4;-
4607;5027;05;A;  52;101009; 6;u;21; 1468;-; 1832;-;   19;-;   20;-; 1431;-; 1352;-;   65;-;   14;-;    7;-;    6;-;    8;-;    5;-;    4;-;   11;-; 1799;-; 1714;-;   79;-;    6;-;    9;-;    4;-;    9;-;    7;-;    7;-;    4;-
4607;5027;05;A;  52;101009; 6;u;22; 1219;-; 1220;-;    8;-;   23;-; 1204;-; 1142;-;   53;-;    9;-;    1;-;    4;-;    2;-;    2;-;    2;-;    6;-; 1188;-; 1139;-;   39;-;   10;-;    6;-;    3;-;   11;-;    9;-;    7;-;    3;-
4607;5027;05;A;  52;101009; 6;u;23; 1289;-; 1216;-;   14;-;   11;-; 1260;-; 1190;-;   69;-;    1;-;    2;-;    3;-;    7;-;    4;-;    4;-;   13;-; 1199;-; 1147;-;   43;-;    9;-;    4;-;    1;-;    9;-;    1;-;    1;-;    2;-
4607;5027;05;A;  52;101009; 6;u;24; 1180;-; 1384;-;    8;-;   13;-; 1162;-; 1111;-;   51;-;    0;-;    1;-;    3;-;    3;-;    2;-;    1;-;    9;-; 1365;-; 1316;-;   47;-;    2;-;    0;-;    2;-;    9;-;    2;-;    2;-;    6;-
4607;5027;05;A;  52;101010; 7;s;01;  796;-; 1085;-;    4;-;    4;-;  787;-;  743;-;   43;-;    1;-;    2;-;    1;-;    2;-;    1;-;    1;-;    3;-; 1076;-; 1033;-;   38;-;    5;-;    2;-;    2;-;    2;-;    0;-;    0;-;    3;-
4607;5027;05;A;  52;101010; 7;s;02;  655;-;  544;-;   12;-;    5;-;  639;-;  604;-;   34;-;    1;-;    1;-;    3;-;    6;-;    3;-;    1;-;    3;-;  538;-;  521;-;   17;-;    0;-;    0;-;    2;-;    2;-;    1;-;    1;-;    1;-
4607;5027;05;A;  52;101010; 7;s;03;  454;-;  347;-;    8;-;    6;-;  441;-;  417;-;   24;-;    0;-;    3;-;    3;-;    3;-;    2;-;    1;-;    2;-;  340;-;  323;-;   17;-;    0;-;    1;-;    4;-;    2;-;    0;-;    0;-;    0;-
4607;5027;05;A;  52;101010; 7;s;04;  623;-;  379;-;    6;-;    4;-;  613;-;  555;-;   57;-;    1;-;    1;-;    1;-;    4;-;    1;-;    1;-;    3;-;  374;-;  340;-;   33;-;    1;-;    1;-;    0;-;    3;-;    1;-;    1;-;    0;-
4607;5027;05;A;  52;101010; 7;s;05;  707;-;  567;-;   11;-;    7;-;  689;-;  615;-;   69;-;    5;-;    5;-;    7;-;    3;-;    1;-;    1;-;    2;-;  559;-;  499;-;   58;-;    2;-;    0;-;    5;-;    1;-;    1;-;    1;-;    1;-
4607;5027;05;A;  52;101010; 7;s;06;  842;-;  548;-;   26;-;    7;-;  798;-;  737;-;   59;-;    2;-;   13;-;    4;-;   13;-;    9;-;    6;-;    5;-;  537;-;  496;-;   39;-;    2;-;    3;-;    4;-;    3;-;    0;-;    0;-;    1;-
4607;5027;05;A;  52;101010; 7;s;07;  654;-;  546;-;   14;-;   14;-;  632;-;  573;-;   59;-;    0;-;    6;-;    3;-;    6;-;    5;-;    2;-;    2;-;  525;-;  481;-;   44;-;    0;-;    6;-;    8;-;    3;-;    3;-;    3;-;    1;-
4607;5027;05;A;  52;101010; 7;s;08;  832;-;  630;-;   17;-;    9;-;  793;-;  716;-;   73;-;    4;-;   16;-;    3;-;   10;-;    4;-;    3;-;    6;-;  614;-;  568;-;   43;-;    3;-;    4;-;    4;-;    4;-;    1;-;    1;-;    3;-
4607;5027;05;A;  52;101010; 7;s;09; 1042;-;  933;-;   12;-;   21;-;  995;-;  901;-;   89;-;    5;-;   11;-;    3;-;    8;-;    1;-;    1;-;   24;-;  904;-;  852;-;   50;-;    2;-;    6;-;    6;-;    9;-;    6;-;    5;-;    2;-
4607;5027;05;A;  52;101010; 7;s;10; 1422;-; 1283;-;   19;-;   18;-; 1389;-; 1283;-;   91;-;   15;-;    3;-;    6;-;    8;-;    5;-;    4;-;   11;-; 1255;-; 1173;-;   72;-;   10;-;    7;-;    5;-;   10;-;    3;-;    2;-;    3;-
4607;5027;05;A;  52;101010; 7;s;11; 1893;-; 1835;-;   17;-;   32;-; 1857;-; 1738;-;   98;-;   21;-;    4;-;    6;-;    4;-;    7;-;    5;-;   15;-; 1797;-; 1701;-;   69;-;   27;-;    4;-;   10;-;   12;-;   10;-;    8;-;    2;-
4607;5027;05;A;  52;101010; 7;s;12; 2292;-; 2083;-;   16;-;   27;-; 2246;-; 2125;-;   93;-;   28;-;   19;-;    5;-;    8;-;    3;-;    3;-;   11;-; 2047;-; 1950;-;   64;-;   33;-;    8;-;    7;-;   10;-;   10;-;    9;-;    1;-
4607;5027;05;A;  52;101010; 7;s;13; 2589;-; 2447;-;   18;-;   23;-; 2533;-; 2421;-;   84;-;   28;-;   19;-;    1;-;   11;-;    6;-;    5;-;   19;-; 2412;-; 2319;-;   67;-;   26;-;    9;-;    3;-;    8;-;   12;-;    6;-;    3;-
4607;5027;05;A;  52;101010; 7;s;14; 2952;-; 2739;-;   21;-;   18;-; 2914;-; 2768;-;  106;-;   40;-;    7;-;    6;-;    9;-;    6;-;    6;-;   10;-; 2705;-; 2610;-;   68;-;   27;-;   11;-;    5;-;    5;-;    8;-;    4;-;    5;-
4607;5027;05;A;  52;101010; 7;s;15; 2878;-; 3018;-;   12;-;   34;-; 2837;-; 2701;-;   97;-;   39;-;   14;-;    2;-;    7;-;    3;-;    3;-;   15;-; 2970;-; 2846;-;   83;-;   41;-;    9;-;    5;-;   19;-;   10;-;    5;-;    5;-
4607;5027;05;A;  52;101010; 7;s;16; 2977;-; 2737;-;   14;-;   18;-; 2928;-; 2786;-;  107;-;   35;-;   13;-;    3;-;    4;-;    7;-;    6;-;   22;-; 2703;-; 2596;-;   76;-;   31;-;   10;-;    4;-;   11;-;    3;-;    3;-;    6;-
4607;5027;05;A;  52;101010; 7;s;17; 2752;-; 2707;-;   30;-;   16;-; 2689;-; 2549;-;  100;-;   40;-;    8;-;    6;-;   13;-;   11;-;   10;-;   25;-; 2673;-; 2570;-;   73;-;   30;-;   13;-;    7;-;    2;-;    7;-;    6;-;    5;-
4607;5027;05;A;  52;101010; 7;s;18; 2973;-; 2838;-;   23;-;   27;-; 2924;-; 2806;-;   99;-;   19;-;   11;-;    8;-;    8;-;    7;-;    5;-;   15;-; 2779;-; 2661;-;   83;-;   35;-;   25;-;    4;-;   14;-;    9;-;    6;-;    7;-
4607;5027;05;A;  52;101010; 7;s;19; 2855;-; 2875;-;   19;-;   22;-; 2807;-; 2655;-;  119;-;   33;-;    6;-;    2;-;    8;-;    9;-;    8;-;   23;-; 2819;-; 2708;-;   92;-;   19;-;   30;-;    3;-;    8;-;   11;-;    9;-;    4;-
4607;5027;05;A;  52;101010; 7;s;20; 2572;-; 2296;-;   22;-;   22;-; 2520;-; 2413;-;   92;-;   15;-;    9;-;    7;-;    9;-;    6;-;    5;-;   21;-; 2248;-; 2161;-;   69;-;   18;-;   23;-;    9;-;    8;-;    5;-;    5;-;    3;-
4607;5027;05;A;  52;101010; 7;s;21; 1829;-; 1713;-;   27;-;   17;-; 1783;-; 1717;-;   61;-;    5;-;    8;-;    7;-;   13;-;    7;-;    6;-;   11;-; 1687;-; 1625;-;   57;-;    5;-;    7;-;    8;-;    3;-;    6;-;    4;-;    2;-
4607;5027;05;A;  52;101010; 7;s;22; 1499;-; 1228;-;   24;-;   25;-; 1463;-; 1379;-;   78;-;    6;-;    3;-;    3;-;    6;-;   15;-;   11;-;    9;-; 1191;-; 1132;-;   52;-;    7;-;    8;-;    9;-;   10;-;    6;-;    6;-;    4;-
4607;5027;05;A;  52;101010; 7;s;23; 1196;-; 1118;-;   34;-;   30;-; 1156;-; 1068;-;   85;-;    3;-;    1;-;    2;-;   10;-;   22;-;   15;-;    5;-; 1086;-; 1043;-;   35;-;    8;-;    2;-;    0;-;    7;-;   23;-;   19;-;    0;-
4607;5027;05;A;  52;101010; 7;s;24;  661;-;  877;-;   30;-;   29;-;  622;-;  559;-;   61;-;    2;-;    4;-;    2;-;    7;-;   21;-;   15;-;    5;-;  843;-;  794;-;   49;-;    0;-;    3;-;    6;-;    7;-;   16;-;   14;-;    2;-
4607;5027;05;A;  52;101011; 1;u;01;  287;-;  479;-;   28;-;   25;-;  256;-;  217;-;   39;-;    0;-;    0;-;    2;-;   10;-;   16;-;   15;-;    3;-;  453;-;  415;-;   37;-;    1;-;    1;-;    3;-;    4;-;   18;-;   14;-;    0;-
4607;5027;05;A;  52;101011; 1;u;02;  182;-;  191;-;   35;-;   30;-;  146;-;  134;-;   11;-;    1;-;    1;-;    1;-;    4;-;   30;-;   23;-;    0;-;  159;-;  149;-;   10;-;    0;-;    1;-;    0;-;    7;-;   23;-;   16;-;    1;-
4607;5027;05;A;  52;101011; 1;u;03;  174;-;  120;-;   37;-;   25;-;  136;-;  129;-;    7;-;    0;-;    0;-;    0;-;    9;-;   28;-;   23;-;    1;-;   95;-;   75;-;   20;-;    0;-;    0;-;    0;-;    6;-;   19;-;   17;-;    0;-
4607;5027;05;A;  52;101011; 1;u;04;  549;-;  190;-;   57;-;   45;-;  487;-;  437;-;   49;-;    1;-;    2;-;    1;-;   23;-;   33;-;   24;-;    3;-;  143;-;  116;-;   26;-;    1;-;    1;-;    1;-;   17;-;   27;-;   21;-;    1;-
4607;5027;05;A;  52;101011; 1;u;05; 1106;-;  474;-;  107;-;   79;-;  989;-;  921;-;   62;-;    6;-;    1;-;    8;-;   42;-;   57;-;   45;-;    9;-;  393;-;  344;-;   49;-;    0;-;    1;-;    4;-;   34;-;   41;-;   33;-;    1;-
4607;5027;05;A;  52;101011; 1;u;06; 2747;-;  885;-;  209;-;  132;-; 2514;-; 2393;-;  107;-;   14;-;    7;-;    6;-;   61;-;  142;-;  120;-;   17;-;  749;-;  694;-;   52;-;    3;-;    0;-;   10;-;   36;-;   86;-;   64;-;    4;-
4607;5027;05;A;  52;101011; 1;u;07; 4832;-; 1936;-;  234;-;  179;-; 4545;-; 4281;-;  239;-;   25;-;   17;-;    1;-;   98;-;  135;-;  110;-;   36;-; 1747;-; 1632;-;  102;-;   13;-;    4;-;    5;-;   67;-;  107;-;   85;-;    6;-
4607;5027;05;A;  52;101011; 1;u;08; 5778;-; 3340;-;  233;-;  220;-; 5486;-; 5215;-;  248;-;   23;-;   24;-;    2;-;   90;-;  141;-;  106;-;   35;-; 3101;-; 2949;-;  144;-;    8;-;   11;-;    5;-;   93;-;  122;-;   90;-;    8;-
4607;5027;05;A;  52;101011; 1;u;09; 5219;-; 3634;-;  214;-;  218;-; 4971;-; 4727;-;  224;-;   20;-;   12;-;    6;-;   79;-;  129;-;  105;-;   22;-; 3394;-; 3249;-;  144;-;    1;-;   12;-;    5;-;  110;-;  103;-;   75;-;   10;-
4607;5027;05;A;  52;101011; 1;u;10; 4061;-; 2751;-;  254;-;  247;-; 3755;-; 3528;-;  212;-;   15;-;   22;-;   11;-;   81;-;  162;-;  123;-;   30;-; 2486;-; 2298;-;  184;-;    4;-;   11;-;   10;-;  102;-;  135;-;  103;-;    7;-
4607;5027;05;A;  52;101011; 1;u;11; 3258;-; 2517;-;  265;-;  260;-; 2949;-; 2733;-;  204;-;   12;-;   13;-;    3;-;   97;-;  165;-;  124;-;   31;-; 2240;-; 2056;-;  182;-;    2;-;   11;-;    9;-;  103;-;  148;-;  114;-;    6;-
4607;5027;05;A;  52;101011; 1;u;12; 2940;-; 2574;-;  244;-;  257;-; 2653;-; 2462;-;  187;-;    4;-;   21;-;   10;-;   92;-;  142;-;  119;-;   22;-; 2299;-; 2122;-;  171;-;    6;-;   13;-;    4;-;   97;-;  156;-;  119;-;    5;-
4607;5027;05;A;  52;101011; 1;u;13; 3071;-; 2810;-;  245;-;  214;-; 2793;-; 2573;-;  205;-;   15;-;   11;-;    4;-;   87;-;  154;-;  120;-;   22;-; 2577;-; 2398;-;  170;-;    9;-;   12;-;    3;-;   93;-;  118;-;   95;-;    7;-
4607;5027;05;A;  52;101011; 1;u;14; 3089;-; 3058;-;  225;-;  223;-; 2834;-; 2630;-;  192;-;   12;-;   10;-;    3;-;   82;-;  140;-;  112;-;   20;-; 2815;-; 2593;-;  213;-;    9;-;   12;-;    4;-;   87;-;  132;-;  102;-;    8;-
4607;5027;05;A;  52;101011; 1;u;15; 2598;-; 3867;-;  250;-;  237;-; 2326;-; 2130;-;  184;-;   12;-;    8;-;    7;-;  103;-;  140;-;  108;-;   14;-; 3597;-; 3367;-;  217;-;   13;-;   24;-;    7;-;   84;-;  146;-;  121;-;    9;-
4607;5027;05;A;  52;101011; 1;u;16; 2968;-; 4371;-;  227;-;  199;-; 2700;-; 2492;-;  192;-;   16;-;   18;-;    6;-;   91;-;  130;-;  101;-;   23;-; 4128;-; 3908;-;  204;-;   16;-;   21;-;    6;-;   80;-;  113;-;   87;-;   23;-
4607;5027;05;A;  52;101011; 1;u;17; 3273;-; 4331;-;  205;-;  183;-; 3036;-; 2855;-;  171;-;   10;-;   11;-;    6;-;   62;-;  137;-;  116;-;   21;-; 4074;-; 3872;-;  180;-;   22;-;   36;-;    6;-;   68;-;  109;-;   77;-;   38;-
4607;5027;05;A;  52;101011; 1;u;18; 3357;-; 4868;-;  133;-;  141;-; 3190;-; 3023;-;  148;-;   19;-;   14;-;    1;-;   40;-;   92;-;   74;-;   20;-; 4672;-; 4536;-;  116;-;   20;-;   28;-;    4;-;   43;-;   94;-;   77;-;   27;-
4607;5027;05;A;  52;101011; 1;u;19; 3310;-; 4349;-;  116;-;  123;-; 3152;-; 3005;-;  126;-;   21;-;   10;-;    6;-;   30;-;   80;-;   66;-;   32;-; 4171;-; 4039;-;  115;-;   17;-;   22;-;    3;-;   30;-;   90;-;   67;-;   33;-
4607;5027;05;A;  52;101011; 1;u;20; 2226;-; 3023;-;   64;-;   75;-; 2137;-; 2031;-;   97;-;    9;-;    6;-;    1;-;   15;-;   48;-;   37;-;   19;-; 2938;-; 2824;-;  104;-;   10;-;    6;-;    2;-;   17;-;   56;-;   41;-;    4;-
4607;5027;05;A;  52;101011; 1;u;21; 1562;-; 1855;-;   73;-;   76;-; 1476;-; 1395;-;   76;-;    5;-;    2;-;    1;-;   12;-;   60;-;   42;-;   11;-; 1769;-; 1695;-;   64;-;   10;-;    5;-;    6;-;   17;-;   53;-;   39;-;    5;-
4607;5027;05;A;  52;101011; 1;u;22; 1058;-; 1230;-;   53;-;   54;-;  995;-;  926;-;   65;-;    4;-;    0;-;    3;-;   17;-;   33;-;   27;-;   10;-; 1170;-; 1118;-;   48;-;    4;-;    2;-;    0;-;    9;-;   45;-;   32;-;    4;-
4607;5027;05;A;  52;101011; 1;u;23;  863;-; 1362;-;   48;-;   38;-;  803;-;  725;-;   73;-;    5;-;    4;-;    0;-;   12;-;   36;-;   30;-;    8;-; 1319;-; 1261;-;   52;-;    6;-;    2;-;    0;-;    4;-;   34;-;   24;-;    3;-
4607;5027;05;A;  52;101011; 1;u;24;  496;-;  891;-;   39;-;   55;-;  455;-;  408;-;   47;-;    0;-;    1;-;    0;-;   11;-;   28;-;   25;-;    1;-;  826;-;  775;-;   47;-;    4;-;    5;-;    4;-;   11;-;   40;-;   23;-;    5;-
4607;5027;05;A;  52;101012; 2;u;01;  241;-;  483;-;   25;-;   38;-;  214;-;  172;-;   42;-;    0;-;    0;-;    1;-;    4;-;   20;-;   13;-;    2;-;  443;-;  407;-;   33;-;    3;-;    1;-;    2;-;    6;-;   30;-;   21;-;    1;-
4607;5027;05;A;  52;101012; 2;u;02;  168;-;  181;-;   45;-;   28;-;  120;-;  104;-;   16;-;    0;-;    0;-;    1;-;    9;-;   35;-;   26;-;    3;-;  152;-;  130;-;   21;-;    1;-;    1;-;    1;-;    5;-;   22;-;   17;-;    0;-
4607;5027;05;A;  52;101012; 2;u;03;  165;-;  131;-;   51;-;   42;-;  112;-;   90;-;   22;-;    0;-;    2;-;    2;-;    7;-;   42;-;   29;-;    0;-;   89;-;   67;-;   21;-;    1;-;    0;-;    0;-;   12;-;   30;-;   20;-;    0;-
4607;5027;05;A;  52;101012; 2;u;04;  483;-;  208;-;   71;-;   60;-;  407;-;  352;-;   54;-;    1;-;    1;-;    3;-;   26;-;   42;-;   30;-;    4;-;  146;-;  119;-;   27;-;    0;-;    1;-;    3;-;   20;-;   37;-;   29;-;    1;-
4607;5027;05;A;  52;101012; 2;u;05; 1049;-;  426;-;  122;-;   97;-;  917;-;  854;-;   57;-;    6;-;    6;-;    6;-;   38;-;   78;-;   58;-;    4;-;  325;-;  278;-;   46;-;    1;-;    3;-;    1;-;   38;-;   58;-;   44;-;    1;-
4607;5027;05;A;  52;101012; 2;u;06; 2596;-;  793;-;  173;-;  127;-; 2389;-; 2268;-;  103;-;   18;-;   15;-;    5;-;   49;-;  119;-;  101;-;   19;-;  660;-;  588;-;   67;-;    5;-;    3;-;    3;-;   39;-;   85;-;   70;-;    3;-
4607;5027;05;A;  52;101012; 2;u;07; 4781;-; 1818;-;  241;-;  167;-; 4495;-; 4193;-;  281;-;   21;-;   22;-;    2;-;  103;-;  136;-;  100;-;   23;-; 1640;-; 1514;-;  115;-;   11;-;    6;-;    3;-;   69;-;   95;-;   75;-;    5;-
4607;5027;05;A;  52;101012; 2;u;08; 5831;-; 3225;-;  240;-;  203;-; 5526;-; 5269;-;  238;-;   19;-;   26;-;    8;-;   90;-;  142;-;  109;-;   39;-; 2998;-; 2826;-;  168;-;    4;-;   10;-;    5;-;   83;-;  115;-;   83;-;   14;-
4607;5027;05;A;  52;101012; 2;u;09; 5986;-; 3755;-;  262;-;  247;-; 5665;-; 5446;-;  204;-;   15;-;   21;-;    4;-;  115;-;  143;-;  111;-;   38;-; 3482;-; 3299;-;  172;-;   11;-;   16;-;   10;-;  105;-;  132;-;   95;-;   10;-
4607;5027;05;A;  52;101012; 2;u;10; 4456;-; 2705;-;  312;-;  250;-; 4078;-; 3849;-;  214;-;   15;-;   18;-;    5;-;  123;-;  184;-;  130;-;   48;-; 2431;-; 2258;-;  169;-;    4;-;   13;-;    9;-;  107;-;  134;-;  103;-;   11;-
4607;5027;05;A;  52;101012; 2;u;11; 3075;-; 2379;-;  251;-;  251;-; 2797;-; 2595;-;  200;-;    2;-;    9;-;    5;-;   88;-;  158;-;  116;-;   18;-; 2110;-; 1926;-;  178;-;    6;-;   12;-;    5;-;   83;-;  163;-;  136;-;    6;-
4607;5027;05;A;  52;101012; 2;u;12; 2768;-; 2429;-;  241;-;  254;-; 2491;-; 2279;-;  203;-;    9;-;   16;-;    2;-;   89;-;  150;-;  111;-;   20;-; 2158;-; 1978;-;  172;-;    8;-;   11;-;    5;-;   91;-;  158;-;  123;-;    6;-
4607;5027;05;A;  52;101012; 2;u;13; 2897;-; 2697;-;  230;-;  266;-; 2631;-; 2411;-;  205;-;   15;-;   17;-;    2;-;   79;-;  149;-;  124;-;   19;-; 2416;-; 2217;-;  189;-;   10;-;    9;-;    2;-;   94;-;  170;-;  138;-;    6;-
4607;5027;05;A;  52;101012; 2;u;14; 3075;-; 3033;-;  225;-;  220;-; 2822;-; 2632;-;  179;-;   11;-;   13;-;    5;-;   71;-;  149;-;  128;-;   15;-; 2792;-; 2624;-;  158;-;   10;-;   14;-;    3;-;   79;-;  138;-;  104;-;    7;-
4607;5027;05;A;  52;101012; 2;u;15; 2781;-; 3910;-;  244;-;  241;-; 2501;-; 2327;-;  162;-;   12;-;   17;-;    9;-;   93;-;  142;-;  107;-;   19;-; 3619;-; 3434;-;  178;-;    7;-;   31;-;    2;-;   89;-;  150;-;  119;-;   19;-
4607;5027;05;A;  52;101012; 2;u;16; 2913;-; 4149;-;  203;-;  196;-; 2679;-; 2485;-;  187;-;    7;-;   15;-;    4;-;   76;-;  123;-;   95;-;   16;-; 3898;-; 3692;-;  189;-;   17;-;   31;-;    5;-;   77;-;  114;-;   86;-;   24;-
4607;5027;05;A;  52;101012; 2;u;17; 3259;-; 4454;-;  157;-;  178;-; 3076;-; 2891;-;  177;-;    8;-;   11;-;    3;-;   47;-;  107;-;   86;-;   15;-; 4216;-; 4019;-;  177;-;   20;-;   26;-;    5;-;   65;-;  108;-;   81;-;   34;-
4607;5027;05;A;  52;101012; 2;u;18; 3518;-; 4824;-;  146;-;  148;-; 3341;-; 3187;-;  145;-;    9;-;   10;-;    6;-;   47;-;   93;-;   74;-;   21;-; 4633;-; 4482;-;  129;-;   22;-;   24;-;    4;-;   47;-;   97;-;   70;-;   19;-
4607;5027;05;A;  52;101012; 2;u;19; 3644;-; 4507;-;  117;-;   94;-; 3474;-; 3300;-;  167;-;    7;-;   10;-;    1;-;   31;-;   85;-;   70;-;   43;-; 4360;-; 4250;-;   95;-;   15;-;   31;-;    4;-;   23;-;   67;-;   52;-;   22;-
4607;5027;05;A;  52;101012; 2;u;20; 2300;-; 3069;-;   67;-;   79;-; 2194;-; 2070;-;  119;-;    5;-;    8;-;    3;-;   17;-;   47;-;   35;-;   31;-; 2972;-; 2854;-;  108;-;   10;-;   10;-;    3;-;   21;-;   55;-;   43;-;    8;-
4607;5027;05;A;  52;101012; 2;u;21; 1369;-; 1923;-;   58;-;   71;-; 1295;-; 1205;-;   85;-;    5;-;    7;-;    5;-;   14;-;   39;-;   29;-;    9;-; 1842;-; 1752;-;   88;-;    2;-;    5;-;    6;-;    7;-;   58;-;   42;-;    5;-
4607;5027;05;A;  52;101012; 2;u;22; 1164;-; 1446;-;   46;-;   52;-; 1107;-; 1035;-;   70;-;    2;-;    3;-;    2;-;    7;-;   37;-;   27;-;    8;-; 1387;-; 1330;-;   52;-;    5;-;    5;-;    1;-;   14;-;   37;-;   30;-;    2;-
4607;5027;05;A;  52;101012; 2;u;23;  798;-; 1466;-;   39;-;   48;-;  746;-;  697;-;   48;-;    1;-;    2;-;    4;-;    7;-;   28;-;   25;-;   11;-; 1409;-; 1358;-;   41;-;   10;-;    4;-;    2;-;   12;-;   34;-;   21;-;    5;-
4607;5027;05;A;  52;101012; 2;u;24;  451;-;  873;-;   33;-;   51;-;  416;-;  379;-;   36;-;    1;-;    1;-;    1;-;    7;-;   25;-;   18;-;    1;-;  817;-;  766;-;   50;-;    1;-;    1;-;    2;-;    7;-;   42;-;   32;-;    4;-
4607;5027;05;A;  52;101013; 3;u;01;  254;-;  456;-;   32;-;   31;-;  222;-;  193;-;   29;-;    0;-;    0;-;    2;-;    4;-;   26;-;   15;-;    0;-;  423;-;  397;-;   24;-;    2;-;    1;-;    2;-;    5;-;   24;-;   14;-;    1;-
4607;5027;05;A;  52;101013; 3;u;02;  167;-;  196;-;   40;-;   30;-;  127;-;  113;-;   11;-;    3;-;    0;-;    1;-;    8;-;   31;-;   20;-;    0;-;  164;-;  148;-;   15;-;    1;-;    0;-;    0;-;    4;-;   26;-;   19;-;    2;-
4607;5027;05;A;  52;101013; 3;u;03;  187;-;  159;-;   46;-;   33;-;  140;-;  122;-;   18;-;    0;-;    0;-;    0;-;   10;-;   36;-;   24;-;    1;-;  124;-;  111;-;   13;-;    0;-;    1;-;    0;-;    8;-;   25;-;   17;-;    1;-
4607;5027;05;A;  52;101013; 3;u;04;  490;-;  218;-;   61;-;   56;-;  424;-;  386;-;   37;-;    1;-;    1;-;    2;-;   15;-;   44;-;   33;-;    4;-;  161;-;  134;-;   27;-;    0;-;    0;-;    1;-;   23;-;   32;-;   19;-;    1;-
4607;5027;05;A;  52;101013; 3;u;05;  943;-;  425;-;  125;-;   94;-;  811;-;  762;-;   44;-;    5;-;    0;-;    4;-;   48;-;   73;-;   59;-;    7;-;  330;-;  300;-;   29;-;    1;-;    1;-;    3;-;   38;-;   53;-;   38;-;    0;-
4607;5027;05;A;  52;101013; 3;u;06; 2472;-;  743;-;  167;-;  133;-; 2289;-; 2180;-;   99;-;   10;-;    3;-;    3;-;   49;-;  115;-;   92;-;   13;-;  607;-;  566;-;   39;-;    2;-;    1;-;    3;-;   37;-;   93;-;   72;-;    2;-
4607;5027;05;A;  52;101013; 3;u;07; 4677;-; 1727;-;  271;-;  159;-; 4336;-; 4078;-;  242;-;   16;-;   10;-;    0;-;  103;-;  168;-;  132;-;   60;-; 1552;-; 1441;-;  105;-;    6;-;   10;-;    2;-;   60;-;   97;-;   76;-;    6;-
4607;5027;05;A;  52;101013; 3;u;08; 5739;-; 2877;-;  229;-;  181;-; 5385;-; 5139;-;  231;-;   15;-;   18;-;    3;-;   88;-;  138;-;  106;-;  107;-; 2675;-; 2530;-;  144;-;    1;-;   12;-;    3;-;   82;-;   96;-;   76;-;    9;-
4607;5027;05;A;  52;101013; 3;u;09; 5378;-; 3881;-;  214;-;  260;-; 5082;-; 4849;-;  213;-;   20;-;   19;-;    8;-;   90;-;  116;-;   91;-;   63;-; 3601;-; 3451;-;  144;-;    6;-;   12;-;    4;-;  114;-;  142;-;  102;-;    8;-
4607;5027;05;A;  52;101013; 3;u;10; 3692;-; 2675;-;  264;-;  282;-; 3376;-; 3190;-;  176;-;   10;-;   18;-;    8;-;   90;-;  166;-;  126;-;   34;-; 2375;-; 2212;-;  156;-;    7;-;   12;-;    5;-;  116;-;  161;-;  119;-;    6;-
4607;5027;05;A;  52;101013; 3;u;11; 3082;-; 2434;-;  262;-;  229;-; 2773;-; 2567;-;  196;-;   10;-;   16;-;    3;-;   94;-;  165;-;  130;-;   31;-; 2182;-; 1988;-;  187;-;    7;-;   12;-;    4;-;   87;-;  138;-;  112;-;   11;-
4607;5027;05;A;  52;101013; 3;u;12; 2881;-; 2543;-;  233;-;  231;-; 2614;-; 2419;-;  191;-;    4;-;   13;-;    2;-;   95;-;  136;-;  110;-;   21;-; 2294;-; 2128;-;  159;-;    7;-;   11;-;    5;-;   86;-;  140;-;  116;-;    7;-
4607;5027;05;A;  52;101013; 3;u;13; 3066;-; 2803;-;  231;-;  241;-; 2804;-; 2600;-;  193;-;   11;-;   12;-;    1;-;   81;-;  149;-;  120;-;   19;-; 2536;-; 2360;-;  172;-;    4;-;   15;-;    2;-;   94;-;  145;-;  121;-;   11;-
4607;5027;05;A;  52;101013; 3;u;14; 3143;-; 3234;-;  229;-;  239;-; 2879;-; 2688;-;  183;-;    8;-;   27;-;    4;-;   77;-;  148;-;  123;-;    8;-; 2968;-; 2791;-;  174;-;    3;-;   20;-;    3;-;   85;-;  151;-;  112;-;    7;-
4607;5027;05;A;  52;101013; 3;u;15; 2916;-; 4007;-;  214;-;  212;-; 2668;-; 2472;-;  187;-;    9;-;   18;-;    6;-;   80;-;  128;-;  103;-;   16;-; 3745;-; 3552;-;  181;-;   12;-;   33;-;    5;-;   80;-;  127;-;   98;-;   17;-
4607;5027;05;A;  52;101013; 3;u;16; 2890;-; 4369;-;  199;-;  220;-; 2653;-; 2452;-;  188;-;   13;-;   19;-;    3;-;   74;-;  122;-;   93;-;   19;-; 4093;-; 3902;-;  181;-;   10;-;   31;-;    2;-;   63;-;  155;-;  113;-;   25;-
4607;5027;05;A;  52;101013; 3;u;17; 3295;-; 4462;-;  166;-;  179;-; 3098;-; 2920;-;  168;-;   10;-;   19;-;    7;-;   62;-;   97;-;   76;-;   12;-; 4216;-; 4053;-;  151;-;   12;-;   33;-;    1;-;   72;-;  106;-;   76;-;   34;-
4607;5027;05;A;  52;101013; 3;u;18; 3381;-; 4772;-;  123;-;  146;-; 3209;-; 3045;-;  158;-;    6;-;   11;-;    1;-;   39;-;   83;-;   67;-;   38;-; 4570;-; 4427;-;  131;-;   12;-;   25;-;    5;-;   48;-;   93;-;   65;-;   31;-
4607;5027;05;A;  52;101013; 3;u;19; 3391;-; 4569;-;   99;-;  106;-; 3261;-; 3100;-;  152;-;    9;-;    4;-;    1;-;   25;-;   73;-;   60;-;   27;-; 4421;-; 4294;-;  111;-;   16;-;   19;-;    5;-;   30;-;   71;-;   59;-;   23;-
4607;5027;05;A;  52;101013; 3;u;20; 2504;-; 3279;-;   95;-;   75;-; 2382;-; 2257;-;  116;-;    9;-;    6;-;    4;-;   28;-;   63;-;   49;-;   21;-; 3193;-; 3076;-;  103;-;   14;-;    5;-;    4;-;   14;-;   57;-;   41;-;    6;-
4607;5027;05;A;  52;101013; 3;u;21; 1512;-; 1949;-;   69;-;   65;-; 1420;-; 1334;-;   73;-;   13;-;    7;-;    6;-;   24;-;   39;-;   31;-;   16;-; 1871;-; 1788;-;   78;-;    5;-;    5;-;    6;-;   11;-;   48;-;   35;-;    8;-
4607;5027;05;A;  52;101013; 3;u;22; 1263;-; 1630;-;   57;-;   63;-; 1189;-; 1130;-;   56;-;    3;-;    3;-;    3;-;   10;-;   44;-;   33;-;   14;-; 1556;-; 1486;-;   65;-;    5;-;    2;-;    2;-;   11;-;   50;-;   39;-;    9;-
4607;5027;05;A;  52;101013; 3;u;23;  977;-; 1723;-;   50;-;   57;-;  916;-;  846;-;   66;-;    4;-;    3;-;    2;-;   12;-;   36;-;   28;-;    8;-; 1659;-; 1603;-;   46;-;   10;-;    2;-;    2;-;   17;-;   38;-;   26;-;    5;-
4607;5027;05;A;  52;101013; 3;u;24;  509;-; 1034;-;   37;-;   36;-;  465;-;  406;-;   56;-;    3;-;    2;-;    1;-;   10;-;   26;-;   21;-;    5;-;  995;-;  943;-;   51;-;    1;-;    2;-;    3;-;    7;-;   26;-;   16;-;    1;-
4607;5027;05;A;  52;101014; 4;u;01;  273;-;  496;-;   35;-;   40;-;  236;-;  197;-;   39;-;    0;-;    0;-;    1;-;    5;-;   29;-;   23;-;    2;-;  456;-;  427;-;   28;-;    1;-;    0;-;    4;-;    4;-;   32;-;   23;-;    0;-
4607;5027;05;A;  52;101014; 4;u;02;  168;-;  176;-;   48;-;   32;-;  119;-;  101;-;   17;-;    1;-;    0;-;    4;-;    7;-;   37;-;   27;-;    1;-;  143;-;  121;-;   21;-;    1;-;    0;-;    0;-;    4;-;   28;-;   20;-;    1;-
4607;5027;05;A;  52;101014; 4;u;03;  168;-;  140;-;   42;-;   41;-;  122;-;  105;-;   17;-;    0;-;    1;-;    1;-;   10;-;   31;-;   22;-;    3;-;   98;-;   78;-;   20;-;    0;-;    0;-;    0;-;    8;-;   33;-;   24;-;    1;-
4607;5027;05;A;  52;101014; 4;u;04;  443;-;  214;-;   70;-;   59;-;  368;-;  324;-;   44;-;    0;-;    2;-;    1;-;   22;-;   47;-;   24;-;    3;-;  153;-;  120;-;   33;-;    0;-;    1;-;    1;-;   26;-;   32;-;   27;-;    1;-
4607;5027;05;A;  52;101014; 4;u;05; 1028;-;  454;-;  122;-;   78;-;  894;-;  831;-;   58;-;    5;-;    4;-;    7;-;   41;-;   74;-;   51;-;    8;-;  375;-;  331;-;   44;-;    0;-;    0;-;    1;-;   37;-;   40;-;   31;-;    1;-
4607;5027;05;A;  52;101014; 4;u;06; 2467;-;  823;-;  183;-;  127;-; 2245;-; 2135;-;  102;-;    8;-;    3;-;    6;-;   47;-;  130;-;   99;-;   36;-;  690;-;  623;-;   65;-;    2;-;    2;-;    1;-;   36;-;   90;-;   67;-;    4;-
4607;5027;05;A;  52;101014; 4;u;07; 4658;-; 1761;-;  267;-;  164;-; 4338;-; 4088;-;  240;-;   10;-;   20;-;    3;-;  116;-;  148;-;  107;-;   33;-; 1585;-; 1474;-;  106;-;    5;-;    6;-;    2;-;   64;-;   98;-;   75;-;    6;-
4607;5027;05;A;  52;101014; 4;u;08; 5549;-; 3169;-;  201;-;  192;-; 5221;-; 4963;-;  241;-;   17;-;   19;-;    7;-;   77;-;  117;-;   85;-;  108;-; 2958;-; 2772;-;  177;-;    9;-;    8;-;    2;-;   84;-;  106;-;   68;-;   11;-
4607;5027;05;A;  52;101014; 4;u;09; 5349;-; 3646;-;  212;-;  271;-; 4990;-; 4741;-;  229;-;   20;-;   15;-;    3;-;   91;-;  118;-;   96;-;  132;-; 3345;-; 3140;-;  199;-;    6;-;   14;-;    9;-;  130;-;  132;-;  103;-;   16;-
4607;5027;05;A;  52;101014; 4;u;10; 3757;-; 2551;-;  266;-;  251;-; 3454;-; 3256;-;  192;-;    6;-;   13;-;   16;-;   92;-;  158;-;  120;-;   24;-; 2277;-; 2119;-;  153;-;    5;-;   16;-;    6;-;   99;-;  146;-;  106;-;    7;-
4607;5027;05;A;  52;101014; 4;u;11; 3050;-; 2489;-;  249;-;  245;-; 2770;-; 2560;-;  205;-;    5;-;   10;-;    6;-;   79;-;  164;-;  129;-;   21;-; 2221;-; 2023;-;  197;-;    1;-;   21;-;    8;-;   99;-;  138;-;  114;-;    2;-
4607;5027;05;A;  52;101014; 4;u;12; 2812;-; 2549;-;  280;-;  229;-; 2494;-; 2308;-;  182;-;    4;-;   15;-;    2;-;  111;-;  167;-;  134;-;   23;-; 2298;-; 2102;-;  187;-;    9;-;   13;-;    5;-;   78;-;  146;-;  113;-;    9;-
4607;5027;05;A;  52;101014; 4;u;13; 2989;-; 2763;-;  240;-;  242;-; 2724;-; 2502;-;  214;-;    8;-;   10;-;    3;-;   84;-;  153;-;  126;-;   15;-; 2501;-; 2330;-;  167;-;    4;-;   17;-;    5;-;   89;-;  148;-;  112;-;    3;-
4607;5027;05;A;  52;101014; 4;u;14; 3161;-; 3154;-;  232;-;  235;-; 2896;-; 2689;-;  203;-;    4;-;   17;-;    6;-;   74;-;  152;-;  128;-;   16;-; 2893;-; 2691;-;  198;-;    4;-;   19;-;   15;-;   72;-;  148;-;  119;-;    7;-
4607;5027;05;A;  52;101014; 4;u;15; 2751;-; 4079;-;  226;-;  230;-; 2494;-; 2285;-;  201;-;    8;-;   15;-;    3;-;   95;-;  128;-;   98;-;   16;-; 3797;-; 3581;-;  211;-;    5;-;   33;-;    6;-;   85;-;  139;-;  108;-;   19;-
4607;5027;05;A;  52;101014; 4;u;16; 2942;-; 4319;-;  184;-;  212;-; 2730;-; 2507;-;  215;-;    8;-;   13;-;    8;-;   78;-;   98;-;   66;-;   15;-; 4054;-; 3854;-;  190;-;   10;-;   30;-;    1;-;   77;-;  134;-;   96;-;   23;-
4607;5027;05;A;  52;101014; 4;u;17; 3242;-; 4492;-;  140;-;  150;-; 3062;-; 2855;-;  199;-;    8;-;   11;-;    5;-;   51;-;   84;-;   65;-;   29;-; 4278;-; 4096;-;  178;-;    4;-;   26;-;    1;-;   56;-;   93;-;   66;-;   38;-
4607;5027;05;A;  52;101014; 4;u;18; 3588;-; 4636;-;  152;-;  150;-; 3403;-; 3259;-;  135;-;    9;-;   12;-;    3;-;   47;-;  102;-;   77;-;   21;-; 4422;-; 4272;-;  143;-;    7;-;   28;-;    8;-;   51;-;   91;-;   73;-;   36;-
4607;5027;05;A;  52;101014; 4;u;19; 3249;-; 4412;-;   82;-;  112;-; 3140;-; 2997;-;  136;-;    7;-;    4;-;    1;-;   23;-;   58;-;   40;-;   23;-; 4254;-; 4129;-;  115;-;   10;-;   20;-;    3;-;   37;-;   72;-;   62;-;   26;-
4607;5027;05;A;  52;101014; 4;u;20; 2306;-; 3203;-;   78;-;   90;-; 2206;-; 2097;-;  103;-;    6;-;    3;-;    2;-;   22;-;   54;-;   40;-;   19;-; 3094;-; 2980;-;  106;-;    8;-;    6;-;    3;-;   18;-;   69;-;   53;-;   13;-
4607;5027;05;A;  52;101014; 4;u;21; 1510;-; 2158;-;   72;-;   57;-; 1416;-; 1334;-;   77;-;    5;-;    8;-;    6;-;   14;-;   52;-;   39;-;   14;-; 2096;-; 2008;-;   83;-;    5;-;    2;-;   10;-;   11;-;   36;-;   27;-;    3;-
4607;5027;05;A;  52;101014; 4;u;22; 1238;-; 1590;-;   55;-;   52;-; 1172;-; 1082;-;   86;-;    4;-;    4;-;    4;-;   11;-;   40;-;   30;-;    7;-; 1524;-; 1456;-;   64;-;    4;-;    7;-;    0;-;    9;-;   43;-;   30;-;    7;-
4607;5027;05;A;  52;101014; 4;u;23;  967;-; 1754;-;   55;-;   59;-;  903;-;  845;-;   58;-;    0;-;    2;-;    3;-;   10;-;   42;-;   33;-;    7;-; 1684;-; 1630;-;   48;-;    6;-;    5;-;    1;-;   10;-;   48;-;   37;-;    6;-
4607;5027;05;A;  52;101014; 4;u;24;  601;-;  884;-;   36;-;   54;-;  559;-;  521;-;   37;-;    1;-;    2;-;    1;-;   11;-;   24;-;   20;-;    4;-;  828;-;  785;-;   41;-;    2;-;    1;-;    4;-;   10;-;   40;-;   21;-;    1;-
4607;5027;05;A;  52;101015; 5;u;01;  329;-;  502;-;   43;-;   43;-;  283;-;  236;-;   46;-;    1;-;    2;-;    3;-;    8;-;   32;-;   23;-;    1;-;  456;-;  418;-;   38;-;    0;-;    0;-;    2;-;    6;-;   35;-;   24;-;    3;-
4607;5027;05;A;  52;101015; 5;u;02;  202;-;  221;-;   41;-;   30;-;  158;-;  134;-;   23;-;    1;-;    3;-;    2;-;    6;-;   33;-;   26;-;    0;-;  191;-;  167;-;   24;-;    0;-;    0;-;    0;-;   10;-;   20;-;   18;-;    0;-
4607;5027;05;A;  52;101015; 5;u;03;  172;-;  147;-;   60;-;   40;-;  111;-;   91;-;   19;-;    1;-;    0;-;    1;-;   17;-;   42;-;   27;-;    1;-;  105;-;   83;-;   22;-;    0;-;    1;-;    0;-;    8;-;   32;-;   26;-;    1;-
4607;5027;05;A;  52;101015; 5;u;04;  456;-;  223;-;   72;-;   55;-;  380;-;  332;-;   47;-;    1;-;    2;-;    3;-;   22;-;   47;-;   32;-;    2;-;  165;-;  133;-;   32;-;    0;-;    2;-;    1;-;   16;-;   38;-;   34;-;    1;-
4607;5027;05;A;  52;101015; 5;u;05;  936;-;  421;-;  127;-;   84;-;  802;-;  750;-;   51;-;    1;-;    1;-;    7;-;   49;-;   71;-;   55;-;    6;-;  335;-;  285;-;   50;-;    0;-;    1;-;    0;-;   40;-;   44;-;   31;-;    1;-
4607;5027;05;A;  52;101015; 5;u;06; 2309;-;  769;-;  176;-;  145;-; 2102;-; 2006;-;   89;-;    7;-;    3;-;    4;-;   59;-;  113;-;   94;-;   28;-;  620;-;  575;-;   43;-;    2;-;    2;-;    5;-;   43;-;   97;-;   64;-;    2;-
4607;5027;05;A;  52;101015; 5;u;07; 4477;-; 1664;-;  269;-;  168;-; 4176;-; 3883;-;  281;-;   12;-;   10;-;    4;-;  103;-;  162;-;  116;-;   22;-; 1484;-; 1384;-;   95;-;    5;-;    6;-;    6;-;   79;-;   83;-;   64;-;    6;-
4607;5027;05;A;  52;101015; 5;u;08; 5541;-; 3173;-;  265;-;  211;-; 5230;-; 4980;-;  244;-;    6;-;   21;-;    2;-;  125;-;  138;-;  111;-;   25;-; 2944;-; 2760;-;  178;-;    6;-;   12;-;    5;-;   91;-;  115;-;   87;-;    6;-
4607;5027;05;A;  52;101015; 5;u;09; 4771;-; 3395;-;  236;-;  242;-; 4449;-; 4229;-;  207;-;   13;-;   13;-;    5;-;  103;-;  128;-;  102;-;   73;-; 3133;-; 2938;-;  190;-;    5;-;   10;-;    5;-;  113;-;  124;-;   88;-;   10;-
4607;5027;05;A;  52;101015; 5;u;10; 3480;-; 2505;-;  247;-;  291;-; 3173;-; 2962;-;  198;-;   13;-;   16;-;    6;-;   91;-;  150;-;  113;-;   44;-; 2187;-; 2004;-;  178;-;    5;-;   17;-;    3;-;  128;-;  160;-;  125;-;   10;-
4607;5027;05;A;  52;101015; 5;u;11; 2828;-; 2406;-;  260;-;  255;-; 2539;-; 2353;-;  179;-;    7;-;    7;-;    3;-;   84;-;  173;-;  135;-;   22;-; 2131;-; 1951;-;  178;-;    2;-;   17;-;    8;-;  102;-;  145;-;  115;-;    3;-
4607;5027;05;A;  52;101015; 5;u;12; 2719;-; 2734;-;  249;-;  269;-; 2440;-; 2237;-;  200;-;    3;-;   13;-;    2;-;   99;-;  148;-;  124;-;   17;-; 2442;-; 2271;-;  168;-;    3;-;   15;-;    5;-;   98;-;  166;-;  131;-;    8;-
4607;5027;05;A;  52;101015; 5;u;13; 3055;-; 3444;-;  222;-;  215;-; 2800;-; 2572;-;  215;-;   13;-;   21;-;    2;-;   87;-;  133;-;  110;-;   12;-; 3200;-; 2958;-;  239;-;    3;-;   19;-;    1;-;   75;-;  139;-;  115;-;   10;-
4607;5027;05;A;  52;101015; 5;u;14; 3287;-; 3444;-;  219;-;  212;-; 3034;-; 2854;-;  170;-;   10;-;   11;-;    6;-;   76;-;  137;-;  111;-;   23;-; 3196;-; 3046;-;  145;-;    5;-;   21;-;    2;-;   91;-;  119;-;  103;-;   15;-
4607;5027;05;A;  52;101015; 5;u;15; 3230;-; 4003;-;  202;-;  195;-; 2987;-; 2789;-;  189;-;    9;-;   15;-;    5;-;   73;-;  124;-;   92;-;   26;-; 3739;-; 3578;-;  150;-;   11;-;   39;-;    2;-;   77;-;  116;-;   87;-;   30;-
4607;5027;05;A;  52;101015; 5;u;16; 3351;-; 4183;-;  177;-;  175;-; 3132;-; 2957;-;  168;-;    7;-;   20;-;    4;-;   63;-;  110;-;   79;-;   22;-; 3943;-; 3782;-;  153;-;    8;-;   30;-;    5;-;   56;-;  114;-;   86;-;   35;-
4607;5027;05;A;  52;101015; 5;u;17; 3354;-; 4378;-;  143;-;  154;-; 3171;-; 2992;-;  176;-;    3;-;   19;-;    2;-;   44;-;   97;-;   73;-;   21;-; 4171;-; 4036;-;  127;-;    8;-;   20;-;    4;-;   45;-;  105;-;   80;-;   33;-
4607;5027;05;A;  52;101015; 5;u;18; 3455;-; 3546;-;  136;-;  122;-; 3259;-; 3117;-;  131;-;   11;-;    9;-;    3;-;   36;-;   97;-;   75;-;   51;-; 3251;-; 3138;-;  108;-;    5;-;   24;-;    5;-;   46;-;   71;-;   53;-;  149;-
4607;5027;05;A;  52;101015; 5;u;19; 2747;-; 4051;-;   91;-;  109;-; 2625;-; 2525;-;   92;-;    8;-;    8;-;    4;-;   31;-;   56;-;   42;-;   23;-; 3900;-; 3794;-;   99;-;    7;-;   20;-;    1;-;   39;-;   69;-;   61;-;   22;-
4607;5027;05;A;  52;101015; 5;u;20; 2358;-; 2895;-;   63;-;   71;-; 2262;-; 2206;-;   50;-;    6;-;    9;-;    2;-;   14;-;   47;-;   37;-;   24;-; 2805;-; 2721;-;   81;-;    3;-;    8;-;    4;-;   22;-;   45;-;   35;-;   11;-
4607;5027;05;A;  52;101015; 5;u;21; 1695;-; 2512;-;   56;-;   78;-; 1630;-; 1573;-;   50;-;    7;-;    3;-;    4;-;   15;-;   37;-;   32;-;    6;-; 2419;-; 2356;-;   60;-;    3;-;    5;-;    7;-;   15;-;   56;-;   34;-;   10;-
4607;5027;05;A;  52;101015; 5;u;22; 1404;-; 1645;-;   50;-;   63;-; 1338;-; 1291;-;   46;-;    1;-;    5;-;    8;-;   14;-;   28;-;   18;-;   11;-; 1569;-; 1527;-;   41;-;    1;-;    6;-;    7;-;   13;-;   43;-;   30;-;    7;-
4607;5027;05;A;  52;101015; 5;u;23; 1133;-; 1672;-;   36;-;   44;-; 1080;-; 1033;-;   45;-;    2;-;    6;-;    7;-;    9;-;   20;-;   17;-;   11;-; 1621;-; 1573;-;   45;-;    3;-;    4;-;    4;-;    3;-;   37;-;   21;-;    3;-
4607;5027;05;A;  52;101015; 5;u;24;  755;-; 1231;-;   34;-;   39;-;  719;-;  683;-;   36;-;    0;-;    0;-;    6;-;    6;-;   22;-;   19;-;    2;-; 1191;-; 1147;-;   43;-;    1;-;    1;-;    6;-;    3;-;   30;-;   16;-;    0;-
4607;5027;05;A;  52;101016; 6;u;01;  507;-;  744;-;   27;-;   31;-;  474;-;  438;-;   36;-;    0;-;    2;-;    2;-;    6;-;   19;-;   12;-;    4;-;  710;-;  673;-;   36;-;    1;-;    2;-;    4;-;    4;-;   23;-;   20;-;    1;-
4607;5027;05;A;  52;101016; 6;u;02;  334;-;  352;-;   30;-;   24;-;  301;-;  281;-;   18;-;    2;-;    0;-;    3;-;    6;-;   21;-;   19;-;    3;-;  326;-;  306;-;   17;-;    3;-;    2;-;    5;-;    2;-;   17;-;   16;-;    0;-
4607;5027;05;A;  52;101016; 6;u;03;  254;-;  272;-;   34;-;   23;-;  217;-;  203;-;   14;-;    0;-;    2;-;    0;-;    9;-;   25;-;   17;-;    1;-;  248;-;  233;-;   15;-;    0;-;    0;-;    1;-;    8;-;   14;-;    8;-;    1;-
4607;5027;05;A;  52;101016; 6;u;04;  445;-;  246;-;   38;-;   29;-;  405;-;  369;-;   35;-;    1;-;    1;-;    2;-;   14;-;   22;-;   12;-;    1;-;  214;-;  193;-;   21;-;    0;-;    3;-;    0;-;   13;-;   16;-;   13;-;    0;-
4607;5027;05;A;  52;101016; 6;u;05;  596;-;  426;-;   35;-;   54;-;  555;-;  512;-;   42;-;    1;-;    1;-;    0;-;   16;-;   19;-;   10;-;    5;-;  371;-;  327;-;   43;-;    1;-;    1;-;    5;-;   34;-;   15;-;    9;-;    0;-
4607;5027;05;A;  52;101016; 6;u;06; 1042;-;  501;-;   56;-;   33;-;  971;-;  919;-;   52;-;    0;-;    5;-;    8;-;   22;-;   26;-;   21;-;   10;-;  461;-;  417;-;   44;-;    0;-;    6;-;    2;-;   13;-;   18;-;   11;-;    1;-
4607;5027;05;A;  52;101016; 6;u;07; 1043;-;  765;-;   64;-;   46;-;  961;-;  858;-;   98;-;    5;-;    9;-;    5;-;   36;-;   23;-;   17;-;    9;-;  712;-;  651;-;   60;-;    1;-;    6;-;    5;-;   16;-;   25;-;   17;-;    1;-
4607;5027;05;A;  52;101016; 6;u;08; 1158;-; 1036;-;   69;-;   60;-; 1066;-;  945;-;  118;-;    3;-;   11;-;    7;-;   40;-;   22;-;   19;-;   12;-;  968;-;  903;-;   65;-;    0;-;    7;-;    5;-;   26;-;   29;-;   24;-;    1;-
4607;5027;05;A;  52;101016; 6;u;09; 1535;-; 1350;-;   70;-;   55;-; 1429;-; 1276;-;  148;-;    5;-;   10;-;    4;-;   38;-;   28;-;   27;-;   26;-; 1282;-; 1172;-;  107;-;    3;-;    9;-;    5;-;   39;-;   11;-;    9;-;    4;-
4607;5027;05;A;  52;101016; 6;u;10; 2137;-; 1728;-;   58;-;   46;-; 2051;-; 1914;-;  136;-;    1;-;    9;-;   10;-;   27;-;   21;-;   16;-;   19;-; 1667;-; 1564;-;  102;-;    1;-;   10;-;    5;-;   15;-;   26;-;   26;-;    5;-
4607;5027;05;A;  52;101016; 6;u;11; 2446;-; 2217;-;   48;-;   43;-; 2366;-; 2232;-;  131;-;    3;-;   16;-;    5;-;   19;-;   24;-;   17;-;   16;-; 2156;-; 2054;-;   97;-;    5;-;   13;-;    9;-;   16;-;   18;-;   14;-;    5;-
4607;5027;05;A;  52;101016; 6;u;12; 2488;-; 2365;-;   51;-;   42;-; 2403;-; 2283;-;  118;-;    2;-;   10;-;    7;-;   23;-;   21;-;   21;-;   24;-; 2302;-; 2205;-;   93;-;    4;-;   18;-;    4;-;   23;-;   15;-;   13;-;    3;-
4607;5027;05;A;  52;101016; 6;u;13; 2701;-; 2820;-;   36;-;   51;-; 2638;-; 2540;-;   95;-;    3;-;   12;-;    5;-;   15;-;   16;-;   15;-;   15;-; 2750;-; 2668;-;   81;-;    1;-;   17;-;    9;-;   21;-;   21;-;   19;-;    2;-
4607;5027;05;A;  52;101016; 6;u;14; 2923;-; 3081;-;   31;-;   29;-; 2851;-; 2724;-;  124;-;    3;-;   26;-;    8;-;   12;-;   11;-;    9;-;   15;-; 3025;-; 2944;-;   76;-;    5;-;   19;-;    5;-;   14;-;   10;-;    9;-;    8;-
4607;5027;05;A;  52;101016; 6;u;15; 2707;-; 3340;-;   52;-;   47;-; 2611;-; 2494;-;  115;-;    2;-;   19;-;   10;-;   23;-;   19;-;   12;-;   25;-; 3245;-; 3146;-;   97;-;    2;-;   18;-;    9;-;   20;-;   18;-;   16;-;   30;-
4607;5027;05;A;  52;101016; 6;u;16; 2505;-; 2985;-;   47;-;   30;-; 2412;-; 2310;-;   97;-;    5;-;   22;-;   10;-;   20;-;   17;-;   14;-;   24;-; 2938;-; 2844;-;   94;-;    0;-;   12;-;    7;-;   13;-;   10;-;    8;-;    5;-
4607;5027;05;A;  52;101016; 6;u;17; 2268;-; 2443;-;   28;-;   23;-; 2216;-; 2107;-;  108;-;    1;-;    9;-;    8;-;   10;-;   10;-;    9;-;   15;-; 2401;-; 2318;-;   81;-;    2;-;   11;-;    7;-;    5;-;   11;-;   11;-;    8;-
4607;5027;05;A;  52;101016; 6;u;18; 2291;-; 2242;-;   20;-;   30;-; 2249;-; 2139;-;  108;-;    2;-;    8;-;    3;-;    6;-;   11;-;    9;-;   14;-; 2188;-; 2111;-;   74;-;    3;-;   12;-;    6;-;   12;-;   12;-;   11;-;   12;-
4607;5027;05;A;  52;101016; 6;u;19; 2460;-; 2357;-;   29;-;   24;-; 2398;-; 2279;-;  114;-;    5;-;   16;-;   11;-;   11;-;    7;-;    4;-;   17;-; 2323;-; 2254;-;   66;-;    3;-;    7;-;    6;-;    7;-;   11;-;   11;-;    3;-
4607;5027;05;A;  52;101016; 6;u;20; 1996;-; 1939;-;   17;-;   15;-; 1957;-; 1870;-;   86;-;    1;-;    4;-;    4;-;    9;-;    4;-;    4;-;   18;-; 1914;-; 1844;-;   68;-;    2;-;    5;-;    5;-;    4;-;    6;-;    6;-;    5;-
4607;5027;05;A;  52;101016; 6;u;21; 1402;-; 1465;-;   22;-;   12;-; 1364;-; 1279;-;   84;-;    1;-;    6;-;    6;-;    7;-;    9;-;    7;-;   10;-; 1445;-; 1375;-;   68;-;    2;-;    5;-;    3;-;    4;-;    5;-;    3;-;    3;-
4607;5027;05;A;  52;101016; 6;u;22; 1037;-; 1091;-;   12;-;   15;-; 1017;-;  958;-;   56;-;    3;-;    3;-;    5;-;    3;-;    4;-;    3;-;    5;-; 1074;-; 1038;-;   35;-;    1;-;    1;-;    3;-;    7;-;    5;-;    4;-;    1;-
4607;5027;05;A;  52;101016; 6;u;23; 1028;-; 1116;-;    9;-;    8;-; 1014;-;  970;-;   44;-;    0;-;    2;-;    3;-;    4;-;    2;-;    2;-;    3;-; 1104;-; 1079;-;   23;-;    2;-;    2;-;    3;-;    4;-;    1;-;    1;-;    2;-
4607;5027;05;A;  52;101016; 6;u;24;  849;-; 1020;-;    9;-;   11;-;  834;-;  788;-;   42;-;    4;-;    2;-;    5;-;    2;-;    2;-;    1;-;    4;-; 1006;-;  967;-;   39;-;    0;-;    2;-;    2;-;    7;-;    2;-;    2;-;    1;-
4607;5027;05;A;  52;101017; 7;s;01;  668;-;  909;-;    9;-;    5;-;  653;-;  612;-;   37;-;    4;-;    0;-;    2;-;    5;-;    2;-;    2;-;    6;-;  897;-;  871;-;   25;-;    1;-;    2;-;    4;-;    0;-;    1;-;    1;-;    5;-
4607;5027;05;A;  52;101017; 7;s;02;  524;-;  528;-;    4;-;    5;-;  515;-;  490;-;   25;-;    0;-;    0;-;    1;-;    2;-;    1;-;    0;-;    5;-;  521;-;  507;-;   13;-;    1;-;    0;-;    3;-;    1;-;    1;-;    1;-;    2;-
4607;5027;05;A;  52;101017; 7;s;03;  355;-;  319;-;    9;-;    6;-;  343;-;  308;-;   35;-;    0;-;    0;-;    1;-;    7;-;    1;-;    1;-;    3;-;  311;-;  297;-;   14;-;    0;-;    0;-;    1;-;    4;-;    1;-;    1;-;    2;-
4607;5027;05;A;  52;101017; 7;s;04;  583;-;  352;-;    3;-;    5;-;  577;-;  533;-;   43;-;    1;-;    2;-;    1;-;    2;-;    0;-;    0;-;    1;-;  342;-;  317;-;   25;-;    0;-;    3;-;    0;-;    2;-;    3;-;    2;-;    2;-
4607;5027;05;A;  52;101017; 7;s;05;  574;-;  475;-;    5;-;    4;-;  567;-;  534;-;   32;-;    1;-;    2;-;    1;-;    4;-;    0;-;    0;-;    0;-;  470;-;  428;-;   40;-;    2;-;    0;-;    1;-;    3;-;    0;-;    0;-;    1;-
4607;5027;05;A;  52;101017; 7;s;06;  750;-;  430;-;   17;-;    6;-;  719;-;  672;-;   46;-;    1;-;   11;-;    0;-;   12;-;    5;-;    4;-;    3;-;  420;-;  396;-;   24;-;    0;-;    3;-;    2;-;    3;-;    1;-;    1;-;    1;-
4607;5027;05;A;  52;101017; 7;s;07;  715;-;  473;-;   15;-;    6;-;  673;-;  612;-;   60;-;    1;-;   22;-;    4;-;    6;-;    5;-;    5;-;    5;-;  464;-;  433;-;   31;-;    0;-;    1;-;    1;-;    4;-;    1;-;    1;-;    2;-
4607;5027;05;A;  52;101017; 7;s;08;  757;-;  478;-;   19;-;   13;-;  716;-;  628;-;   88;-;    0;-;   17;-;    4;-;   12;-;    3;-;    2;-;    5;-;  462;-;  436;-;   26;-;    0;-;    3;-;    4;-;    4;-;    5;-;    5;-;    0;-
4607;5027;05;A;  52;101017; 7;s;09;  848;-;  702;-;   16;-;   12;-;  818;-;  732;-;   85;-;    1;-;    6;-;    5;-;    6;-;    5;-;    5;-;    8;-;  684;-;  649;-;   34;-;    1;-;    5;-;    5;-;    1;-;    6;-;    6;-;    1;-
4607;5027;05;A;  52;101017; 7;s;10; 1273;-; 1078;-;   16;-;   13;-; 1242;-; 1157;-;   82;-;    3;-;    6;-;    7;-;    3;-;    6;-;    6;-;    9;-; 1060;-; 1013;-;   43;-;    4;-;    3;-;    8;-;    4;-;    1;-;    1;-;    2;-
4607;5027;05;A;  52;101017; 7;s;11; 1551;-; 1558;-;   13;-;   20;-; 1519;-; 1431;-;   84;-;    4;-;    8;-;    5;-;    5;-;    3;-;    3;-;   11;-; 1524;-; 1449;-;   69;-;    6;-;    8;-;    7;-;    5;-;    8;-;    5;-;    6;-
4607;5027;05;A;  52;101017; 7;s;12; 1881;-; 2026;-;   13;-;   17;-; 1844;-; 1735;-;  105;-;    4;-;    4;-;    3;-;    5;-;    5;-;    5;-;   20;-; 1996;-; 1929;-;   57;-;   10;-;    9;-;    7;-;    3;-;    7;-;    7;-;    4;-
4607;5027;05;A;  52;101017; 7;s;13; 2186;-; 2225;-;    8;-;   16;-; 2165;-; 2067;-;   93;-;    5;-;    4;-;    3;-;    2;-;    3;-;    2;-;    9;-; 2193;-; 2103;-;   82;-;    8;-;   11;-;    6;-;    3;-;    7;-;    6;-;    5;-
4607;5027;05;A;  52;101017; 7;s;14; 2512;-; 2522;-;   18;-;   13;-; 2465;-; 2359;-;   92;-;   14;-;   11;-;    4;-;    5;-;    9;-;    8;-;   18;-; 2501;-; 2427;-;   69;-;    5;-;    5;-;    4;-;    5;-;    4;-;    3;-;    3;-
4607;5027;05;A;  52;101017; 7;s;15; 2494;-; 2828;-;   22;-;   21;-; 2453;-; 2339;-;  106;-;    8;-;   10;-;   11;-;    5;-;    6;-;    3;-;    9;-; 2793;-; 2714;-;   71;-;    8;-;    6;-;    6;-;    7;-;    8;-;    4;-;    8;-
4607;5027;05;A;  52;101017; 7;s;16; 2476;-; 2640;-;   16;-;   24;-; 2427;-; 2313;-;  111;-;    3;-;   16;-;    9;-;    6;-;    1;-;    1;-;   17;-; 2604;-; 2513;-;   83;-;    8;-;    8;-;    8;-;    8;-;    8;-;    7;-;    4;-
4607;5027;05;A;  52;101017; 7;s;17; 2507;-; 2413;-;   24;-;   22;-; 2453;-; 2317;-;  128;-;    8;-;   12;-;   10;-;    8;-;    6;-;    5;-;   18;-; 2370;-; 2287;-;   73;-;   10;-;   17;-;    7;-;   10;-;    5;-;    1;-;    4;-
4607;5027;05;A;  52;101017; 7;s;18; 2736;-; 2348;-;   27;-;   27;-; 2672;-; 2574;-;   90;-;    8;-;   15;-;   10;-;   10;-;    7;-;    7;-;   22;-; 2287;-; 2205;-;   79;-;    3;-;   33;-;    8;-;   13;-;    6;-;    4;-;    1;-
4607;5027;05;A;  52;101017; 7;s;19; 2477;-; 2115;-;   24;-;   24;-; 2420;-; 2308;-;  107;-;    5;-;   13;-;    8;-;    7;-;    9;-;    8;-;   20;-; 2063;-; 1978;-;   80;-;    5;-;   23;-;    7;-;    6;-;   11;-;   10;-;    5;-
4607;5027;05;A;  52;101017; 7;s;20; 2050;-; 1907;-;   23;-;   25;-; 2005;-; 1917;-;   85;-;    3;-;    5;-;    7;-;    9;-;    7;-;    6;-;   17;-; 1865;-; 1784;-;   78;-;    3;-;   13;-;   12;-;    6;-;    7;-;    7;-;    4;-
4607;5027;05;A;  52;101017; 7;s;21; 1603;-; 1466;-;   23;-;   21;-; 1565;-; 1475;-;   87;-;    3;-;    3;-;   11;-;    5;-;    7;-;    3;-;   12;-; 1438;-; 1373;-;   64;-;    1;-;    5;-;    8;-;    6;-;    7;-;    5;-;    2;-
4607;5027;05;A;  52;101017; 7;s;22; 1422;-; 1348;-;   30;-;   25;-; 1377;-; 1304;-;   70;-;    3;-;    3;-;    9;-;    7;-;   14;-;   12;-;   12;-; 1318;-; 1277;-;   41;-;    0;-;    2;-;   11;-;    4;-;   10;-;    8;-;    3;-
4607;5027;05;A;  52;101017; 7;s;23; 1137;-; 1086;-;   37;-;   33;-; 1090;-; 1001;-;   88;-;    1;-;    4;-;    8;-;    4;-;   25;-;   20;-;    6;-; 1048;-; 1013;-;   34;-;    1;-;    3;-;    8;-;    5;-;   20;-;   17;-;    2;-
4607;5027;05;A;  52;101017; 7;s;24;  620;-;  975;-;   33;-;   43;-;  582;-;  525;-;   57;-;    0;-;    1;-;    5;-;   11;-;   17;-;    9;-;    4;-;  929;-;  886;-;   43;-;    0;-;    1;-;   11;-;   10;-;   22;-;   20;-;    2;-
4607;5027;05;A;  52;101018; 1;u;01;  296;-;  408;-;   21;-;   30;-;  272;-;  244;-;   28;-;    0;-;    1;-;    3;-;    4;-;   14;-;   12;-;    2;-;  376;-;  350;-;   26;-;    0;-;    1;-;    6;-;    5;-;   19;-;   12;-;    1;-
4607;5027;05;A;  52;101018; 1;u;02;  166;-;  167;-;   28;-;   24;-;  136;-;  121;-;   14;-;    1;-;    1;-;    3;-;    5;-;   20;-;   15;-;    1;-;  143;-;  129;-;   14;-;    0;-;    0;-;    0;-;    6;-;   18;-;   13;-;    0;-
4607;5027;05;A;  52;101018; 1;u;03;  138;-;  124;-;   30;-;   31;-;  106;-;   98;-;    8;-;    0;-;    0;-;    0;-;   10;-;   20;-;   17;-;    2;-;   91;-;   75;-;   16;-;    0;-;    0;-;    0;-;    8;-;   23;-;   19;-;    2;-
4607;5027;05;A;  52;101018; 1;u;04;  407;-;  186;-;   51;-;   36;-;  350;-;  313;-;   37;-;    0;-;    2;-;    2;-;   20;-;   29;-;   27;-;    4;-;  150;-;  123;-;   27;-;    0;-;    0;-;    2;-;    9;-;   25;-;   21;-;    0;-
4607;5027;05;A;  52;101018; 1;u;05;  961;-;  347;-;   87;-;   92;-;  864;-;  812;-;   48;-;    4;-;    5;-;    7;-;   34;-;   46;-;   40;-;    5;-;  253;-;  231;-;   22;-;    0;-;    2;-;    3;-;   48;-;   41;-;   29;-;    0;-
4607;5027;05;A;  52;101018; 1;u;06; 2787;-;  874;-;  206;-;  122;-; 2546;-; 2423;-;  117;-;    6;-;    8;-;   12;-;   58;-;  136;-;  104;-;   27;-;  741;-;  677;-;   60;-;    4;-;    5;-;   12;-;   36;-;   74;-;   57;-;    6;-
4607;5027;05;A;  52;101018; 1;u;07; 4955;-; 1864;-;  247;-;  174;-; 4662;-; 4408;-;  236;-;   18;-;   16;-;    9;-;   92;-;  146;-;  121;-;   30;-; 1675;-; 1549;-;  121;-;    5;-;    6;-;    8;-;   59;-;  107;-;   83;-;    9;-
4607;5027;05;A;  52;101018; 1;u;08; 6103;-; 3335;-;  257;-;  228;-; 5791;-; 5540;-;  236;-;   15;-;   18;-;   12;-;  112;-;  133;-;  103;-;   37;-; 3089;-; 2944;-;  141;-;    4;-;   13;-;   13;-;   92;-;  123;-;   95;-;    5;-
4607;5027;05;A;  52;101018; 1;u;09; 4829;-; 2932;-;  243;-;  180;-; 4536;-; 4363;-;  167;-;    6;-;   25;-;    7;-;   97;-;  139;-;  115;-;   25;-; 2739;-; 2610;-;  124;-;    5;-;    9;-;   10;-;   70;-;  100;-;   70;-;    4;-
4607;5027;05;A;  52;101018; 1;u;10; 4011;-; 2911;-;  280;-;  285;-; 3679;-; 3517;-;  158;-;    4;-;   32;-;   10;-;  102;-;  168;-;  138;-;   20;-; 2608;-; 2462;-;  145;-;    1;-;   11;-;    5;-;  118;-;  162;-;  123;-;    7;-
4607;5027;05;A;  52;101018; 1;u;11; 3181;-; 2340;-;  261;-;  250;-; 2885;-; 2687;-;  193;-;    5;-;   13;-;    8;-;   98;-;  155;-;  118;-;   22;-; 2072;-; 1919;-;  149;-;    4;-;   11;-;    5;-;  107;-;  138;-;  110;-;    7;-
4607;5027;05;A;  52;101018; 1;u;12; 2804;-; 2505;-;  253;-;  216;-; 2516;-; 2329;-;  181;-;    6;-;   17;-;    3;-;  105;-;  145;-;  121;-;   18;-; 2275;-; 2110;-;  161;-;    4;-;   10;-;    6;-;   86;-;  124;-;  102;-;    4;-
4607;5027;05;A;  52;101018; 1;u;13; 2849;-; 2896;-;  224;-;  265;-; 2589;-; 2387;-;  194;-;    8;-;   11;-;    2;-;   76;-;  146;-;  119;-;   25;-; 2610;-; 2440;-;  164;-;    6;-;   13;-;    3;-;   97;-;  165;-;  129;-;    8;-
4607;5027;05;A;  52;101018; 1;u;14; 2977;-; 3048;-;  215;-;  224;-; 2726;-; 2555;-;  163;-;    8;-;    9;-;    2;-;   76;-;  137;-;  114;-;   27;-; 2811;-; 2628;-;  177;-;    6;-;    9;-;    2;-;   90;-;  132;-;   99;-;    4;-
4607;5027;05;A;  52;101018; 1;u;15; 2688;-; 3871;-;  219;-;  220;-; 2441;-; 2280;-;  153;-;    8;-;   11;-;    3;-;   82;-;  134;-;  104;-;   17;-; 3628;-; 3435;-;  189;-;    4;-;   14;-;    5;-;   92;-;  123;-;   91;-;    9;-
4607;5027;05;A;  52;101018; 1;u;16; 2780;-; 4221;-;  185;-;  212;-; 2564;-; 2357;-;  196;-;   11;-;   13;-;    5;-;   86;-;   94;-;   79;-;   18;-; 3957;-; 3773;-;  176;-;    8;-;   25;-;    1;-;   83;-;  128;-;   92;-;   27;-
4607;5027;05;A;  52;101018; 1;u;17; 3191;-; 4409;-;  181;-;  187;-; 2977;-; 2792;-;  176;-;    9;-;   18;-;    8;-;   62;-;  111;-;   81;-;   15;-; 4162;-; 3985;-;  171;-;    6;-;   32;-;    4;-;   67;-;  116;-;   89;-;   28;-
4607;5027;05;A;  52;101018; 1;u;18; 3442;-; 4553;-;  137;-;  137;-; 3269;-; 3126;-;  139;-;    4;-;    7;-;    2;-;   43;-;   92;-;   74;-;   29;-; 4363;-; 4220;-;  136;-;    7;-;   24;-;    3;-;   39;-;   95;-;   70;-;   29;-
4607;5027;05;A;  52;101018; 1;u;19; 3168;-; 4483;-;  113;-;  100;-; 3019;-; 2880;-;  133;-;    6;-;    8;-;    5;-;   30;-;   78;-;   66;-;   28;-; 4346;-; 4213;-;  124;-;    9;-;   16;-;    5;-;   27;-;   68;-;   56;-;   21;-
4607;5027;05;A;  52;101018; 1;u;20; 2277;-; 2926;-;   65;-;   74;-; 2190;-; 2085;-;   97;-;    8;-;    7;-;    1;-;   17;-;   47;-;   39;-;   15;-; 2839;-; 2733;-;  100;-;    6;-;    7;-;    1;-;   18;-;   55;-;   41;-;    6;-
4607;5027;05;A;  52;101018; 1;u;21; 1382;-; 1872;-;   69;-;   75;-; 1298;-; 1213;-;   84;-;    1;-;    5;-;    6;-;   12;-;   51;-;   37;-;   10;-; 1790;-; 1702;-;   85;-;    3;-;    2;-;    5;-;   13;-;   57;-;   41;-;    5;-
4607;5027;05;A;  52;101018; 1;u;22; 1144;-; 1300;-;   46;-;   59;-; 1091;-; 1028;-;   61;-;    2;-;    1;-;    1;-;   11;-;   34;-;   21;-;    6;-; 1239;-; 1191;-;   44;-;    4;-;    0;-;    3;-;   11;-;   45;-;   30;-;    2;-
4607;5027;05;A;  52;101018; 1;u;23;  866;-; 1460;-;   46;-;   43;-;  811;-;  737;-;   73;-;    1;-;    0;-;    2;-;    5;-;   39;-;   32;-;    9;-; 1414;-; 1361;-;   48;-;    5;-;    1;-;    2;-;    9;-;   32;-;   23;-;    2;-
4607;5027;05;A;  52;101018; 1;u;24;  468;-;  960;-;   38;-;   58;-;  426;-;  372;-;   53;-;    1;-;    4;-;    1;-;    5;-;   32;-;   21;-;    0;-;  897;-;  833;-;   59;-;    5;-;    0;-;    4;-;    7;-;   47;-;   31;-;    5;-
4607;5027;05;A;  52;101019; 2;u;01;  242;-;  506;-;   35;-;   40;-;  203;-;  161;-;   42;-;    0;-;    2;-;    0;-;    7;-;   28;-;   21;-;    2;-;  463;-;  430;-;   30;-;    3;-;    2;-;    3;-;    4;-;   33;-;   19;-;    1;-
4607;5027;05;A;  52;101019; 2;u;02;  174;-;  180;-;   43;-;   33;-;  130;-;  118;-;   12;-;    0;-;    1;-;    2;-;   11;-;   30;-;   20;-;    0;-;  145;-;  127;-;   18;-;    0;-;    1;-;    1;-;    5;-;   27;-;   21;-;    1;-
4607;5027;05;A;  52;101019; 2;u;03;  143;-;  129;-;   38;-;   41;-;  103;-;   84;-;   19;-;    0;-;    1;-;    0;-;    9;-;   29;-;   21;-;    1;-;   88;-;   70;-;   18;-;    0;-;    0;-;    0;-;    9;-;   32;-;   23;-;    0;-
4607;5027;05;A;  52;101019; 2;u;04;  446;-;  188;-;   55;-;   55;-;  387;-;  350;-;   36;-;    1;-;    1;-;    0;-;   20;-;   35;-;   23;-;    3;-;  129;-;  102;-;   27;-;    0;-;    3;-;    0;-;   18;-;   37;-;   27;-;    1;-
4607;5027;05;A;  52;101019; 2;u;05;  964;-;  423;-;  113;-;   97;-;  846;-;  803;-;   40;-;    3;-;    3;-;    5;-;   44;-;   64;-;   49;-;    2;-;  324;-;  294;-;   30;-;    0;-;    0;-;    1;-;   42;-;   54;-;   45;-;    2;-
4607;5027;05;A;  52;101019; 2;u;06; 2465;-;  755;-;  177;-;  122;-; 2262;-; 2154;-;  102;-;    6;-;    6;-;    5;-;   52;-;  120;-;   95;-;   20;-;  623;-;  557;-;   65;-;    1;-;    5;-;    2;-;   41;-;   79;-;   57;-;    5;-
4607;5027;05;A;  52;101019; 2;u;07; 4781;-; 1788;-;  265;-;  164;-; 4460;-; 4196;-;  253;-;   11;-;   16;-;    2;-;  116;-;  147;-;  117;-;   40;-; 1609;-; 1495;-;  110;-;    4;-;    7;-;    3;-;   65;-;   96;-;   83;-;    8;-
4607;5027;05;A;  52;101019; 2;u;08; 5878;-; 3339;-;  251;-;  183;-; 5598;-; 5352;-;  231;-;   15;-;   13;-;    5;-;  108;-;  138;-;  109;-;   16;-; 3130;-; 2981;-;  144;-;    5;-;   19;-;    4;-;   82;-;   97;-;   74;-;    7;-
4607;5027;05;A;  52;101019; 2;u;09; 5234;-; 3605;-;  227;-;  264;-; 4961;-; 4770;-;  182;-;    9;-;   26;-;    4;-;   85;-;  138;-;  111;-;   20;-; 3318;-; 3177;-;  138;-;    3;-;   16;-;    6;-;  116;-;  142;-;  107;-;    7;-
4607;5027;05;A;  52;101019; 2;u;10; 4009;-; 2615;-;  240;-;  266;-; 3722;-; 3524;-;  193;-;    5;-;   12;-;    7;-;   97;-;  136;-;  107;-;   35;-; 2333;-; 2162;-;  167;-;    4;-;   10;-;    3;-;  118;-;  145;-;  109;-;    6;-
4607;5027;05;A;  52;101019; 2;u;11; 3052;-; 2448;-;  272;-;  261;-; 2738;-; 2565;-;  172;-;    1;-;   16;-;    6;-;   91;-;  175;-;  138;-;   26;-; 2162;-; 2001;-;  155;-;    6;-;   17;-;    5;-;   92;-;  164;-;  132;-;    8;-
4607;5027;05;A;  52;101019; 2;u;12; 2734;-; 2461;-;  272;-;  235;-; 2429;-; 2227;-;  200;-;    2;-;   16;-;    1;-;   93;-;  178;-;  146;-;   17;-; 2213;-; 2030;-;  177;-;    6;-;   12;-;    3;-;   86;-;  146;-;  117;-;    1;-
4607;5027;05;A;  52;101019; 2;u;13; 2889;-; 2648;-;  239;-;  259;-; 2612;-; 2421;-;  189;-;    2;-;   17;-;    6;-;   84;-;  149;-;  122;-;   21;-; 2375;-; 2207;-;  167;-;    1;-;   10;-;    2;-;  101;-;  156;-;  130;-;    4;-
4607;5027;05;A;  52;101019; 2;u;14; 3159;-; 3092;-;  252;-;  257;-; 2868;-; 2669;-;  194;-;    5;-;   15;-;    6;-;   93;-;  153;-;  129;-;   24;-; 2808;-; 2624;-;  181;-;    3;-;   20;-;    3;-;  104;-;  150;-;  120;-;    7;-
4607;5027;05;A;  52;101019; 2;u;15; 2758;-; 3872;-;  195;-;  241;-; 2520;-; 2320;-;  191;-;    9;-;   22;-;    5;-;   77;-;  113;-;   86;-;   21;-; 3578;-; 3397;-;  176;-;    5;-;   24;-;    7;-;   92;-;  142;-;  104;-;   29;-
4607;5027;05;A;  52;101019; 2;u;16; 2881;-; 3795;-;  206;-;  173;-; 2630;-; 2436;-;  182;-;   12;-;   21;-;    3;-;   72;-;  131;-;   97;-;   24;-; 3559;-; 3409;-;  149;-;    1;-;   24;-;    4;-;   59;-;  110;-;   80;-;   39;-
4607;5027;05;A;  52;101019; 2;u;17; 3201;-; 4321;-;  178;-;  165;-; 2995;-; 2814;-;  175;-;    6;-;   14;-;    6;-;   62;-;  110;-;   80;-;   14;-; 4092;-; 3920;-;  166;-;    6;-;   31;-;    1;-;   73;-;   91;-;   65;-;   33;-
4607;5027;05;A;  52;101019; 2;u;18; 3431;-; 4645;-;  158;-;  130;-; 3221;-; 3081;-;  134;-;    6;-;   15;-;    4;-;   51;-;  103;-;   75;-;   37;-; 4456;-; 4339;-;  112;-;    5;-;   21;-;    4;-;   36;-;   90;-;   72;-;   38;-
4607;5027;05;A;  52;101019; 2;u;19; 3209;-; 4456;-;   93;-;  125;-; 3076;-; 2946;-;  123;-;    7;-;    9;-;    1;-;   24;-;   68;-;   54;-;   31;-; 4289;-; 4200;-;   83;-;    6;-;   23;-;    5;-;   34;-;   86;-;   63;-;   19;-
4607;5027;05;A;  52;101019; 2;u;20; 2378;-; 3146;-;   63;-;   78;-; 2284;-; 2177;-;  105;-;    2;-;    4;-;    1;-;   15;-;   47;-;   40;-;   27;-; 3051;-; 2944;-;  102;-;    5;-;   11;-;    2;-;   17;-;   59;-;   46;-;    6;-
4607;5027;05;A;  52;101019; 2;u;21; 1500;-; 2024;-;   53;-;   59;-; 1426;-; 1334;-;   89;-;    3;-;    3;-;    5;-;   12;-;   36;-;   28;-;   18;-; 1952;-; 1869;-;   80;-;    3;-;    4;-;    2;-;   11;-;   46;-;   27;-;    9;-
4607;5027;05;A;  52;101019; 2;u;22; 1202;-; 1456;-;   52;-;   52;-; 1139;-; 1051;-;   86;-;    2;-;    3;-;    3;-;    5;-;   44;-;   32;-;    8;-; 1397;-; 1324;-;   71;-;    2;-;    2;-;    3;-;    3;-;   46;-;   34;-;    5;-
4607;5027;05;A;  52;101019; 2;u;23;  940;-; 1639;-;   49;-;   47;-;  886;-;  820;-;   64;-;    2;-;    3;-;    4;-;   13;-;   32;-;   26;-;    2;-; 1587;-; 1532;-;   52;-;    3;-;    0;-;    2;-;    7;-;   38;-;   30;-;    5;-
4607;5027;05;A;  52;101019; 2;u;24;  533;-; 1028;-;   46;-;   51;-;  486;-;  434;-;   51;-;    1;-;    0;-;    5;-;    3;-;   38;-;   29;-;    1;-;  975;-;  911;-;   63;-;    1;-;    0;-;    5;-;    6;-;   40;-;   25;-;    2;-
4607;5027;05;A;  52;101020; 3;u;01;  315;-;  533;-;   43;-;   32;-;  267;-;  228;-;   39;-;    0;-;    1;-;    0;-;   11;-;   32;-;   20;-;    4;-;  500;-;  470;-;   30;-;    0;-;    0;-;    3;-;    3;-;   26;-;   19;-;    1;-
4607;5027;05;A;  52;101020; 3;u;02;  150;-;  203;-;   40;-;   35;-;  108;-;   96;-;   12;-;    0;-;    0;-;    2;-;    7;-;   31;-;   22;-;    2;-;  167;-;  146;-;   21;-;    0;-;    0;-;    0;-;    6;-;   29;-;   17;-;    1;-
4607;5027;05;A;  52;101020; 3;u;03;  157;-;  133;-;   52;-;   44;-;  104;-;   94;-;    9;-;    1;-;    0;-;    1;-;    9;-;   42;-;   32;-;    1;-;   89;-;   76;-;   13;-;    0;-;    0;-;    1;-;    6;-;   37;-;   23;-;    0;-
4607;5027;05;A;  52;101020; 3;u;04;  389;-;  215;-;   51;-;   80;-;  337;-;  307;-;   30;-;    0;-;    1;-;    1;-;   22;-;   28;-;   16;-;    0;-;  133;-;  114;-;   19;-;    0;-;    1;-;    0;-;   23;-;   57;-;   38;-;    1;-
4607;5027;05;A;  52;101020; 3;u;05;  822;-;  335;-;  119;-;   71;-;  697;-;  657;-;   39;-;    1;-;    1;-;    8;-;   42;-;   69;-;   50;-;    5;-;  262;-;  235;-;   27;-;    0;-;    1;-;    1;-;   35;-;   35;-;   21;-;    1;-
4607;5027;05;A;  52;101020; 3;u;06; 2434;-;  704;-;  182;-;  118;-; 2239;-; 2123;-;  108;-;    8;-;    1;-;    6;-;   57;-;  119;-;   84;-;   12;-;  585;-;  534;-;   48;-;    3;-;    0;-;    2;-;   38;-;   78;-;   52;-;    1;-
4607;5027;05;A;  52;101020; 3;u;07; 4874;-; 1732;-;  247;-;  167;-; 4584;-; 4319;-;  250;-;   15;-;   14;-;    3;-;   98;-;  146;-;  112;-;   29;-; 1559;-; 1453;-;  101;-;    5;-;    3;-;    1;-;   63;-;  103;-;   77;-;    3;-
4607;5027;05;A;  52;101020; 3;u;08; 5826;-; 3122;-;  249;-;  193;-; 5520;-; 5272;-;  239;-;    9;-;   29;-;    5;-;  114;-;  130;-;   92;-;   28;-; 2904;-; 2755;-;  145;-;    4;-;   18;-;    6;-;   82;-;  105;-;   73;-;    7;-
4607;5027;05;A;  52;101020; 3;u;09; 5381;-; 3676;-;  279;-;  252;-; 5043;-; 4815;-;  215;-;   13;-;   17;-;    5;-;  122;-;  152;-;  119;-;   42;-; 3398;-; 3250;-;  144;-;    4;-;   16;-;    5;-;  102;-;  145;-;  104;-;   10;-
4607;5027;05;A;  52;101020; 3;u;10; 3937;-; 2625;-;  274;-;  263;-; 3619;-; 3419;-;  190;-;   10;-;    8;-;    2;-;  118;-;  154;-;  123;-;   36;-; 2353;-; 2183;-;  168;-;    2;-;    8;-;    6;-;  102;-;  155;-;  116;-;    1;-
4607;5027;05;A;  52;101020; 3;u;11; 3162;-; 2435;-;  272;-;  247;-; 2852;-; 2686;-;  164;-;    2;-;    9;-;    5;-;  103;-;  164;-;  122;-;   29;-; 2175;-; 2002;-;  171;-;    2;-;   12;-;    6;-;   95;-;  146;-;  112;-;    1;-
4607;5027;05;A;  52;101020; 3;u;12; 2924;-; 2589;-;  259;-;  252;-; 2630;-; 2417;-;  210;-;    3;-;   14;-;    3;-;  101;-;  155;-;  122;-;   21;-; 2311;-; 2142;-;  167;-;    2;-;   16;-;    2;-;   93;-;  157;-;  130;-;   10;-
4607;5027;05;A;  52;101020; 3;u;13; 2804;-; 3211;-;  208;-;  335;-; 2568;-; 2375;-;  188;-;    5;-;   11;-;    3;-;   70;-;  135;-;   99;-;   17;-; 2859;-; 2647;-;  211;-;    1;-;   14;-;    1;-;  117;-;  217;-;  164;-;    3;-
4607;5027;05;A;  52;101020; 3;u;14; 2966;-; 3600;-;  191;-;  334;-; 2736;-; 2569;-;  164;-;    3;-;   16;-;    1;-;   78;-;  112;-;   92;-;   23;-; 3227;-; 3044;-;  181;-;    2;-;   27;-;    1;-;  126;-;  207;-;  161;-;   12;-
4607;5027;05;A;  52;101020; 3;u;15; 2987;-; 3757;-;  240;-;  221;-; 2686;-; 2501;-;  177;-;    8;-;   14;-;    1;-;   95;-;  144;-;  104;-;   47;-; 3474;-; 3296;-;  176;-;    2;-;   27;-;    5;-;   77;-;  139;-;  108;-;   35;-
4607;5027;05;A;  52;101020; 3;u;16; 3051;-; 4059;-;  200;-;  218;-; 2824;-; 2625;-;  190;-;    9;-;   14;-;    5;-;   75;-;  120;-;   98;-;   13;-; 3763;-; 3584;-;  174;-;    5;-;   34;-;    6;-;   87;-;  125;-;   94;-;   44;-
4607;5027;05;A;  52;101020; 3;u;17; 3353;-; 4472;-;  181;-;  193;-; 3143;-; 2964;-;  176;-;    3;-;   15;-;    5;-;   67;-;  109;-;   84;-;   14;-; 4216;-; 4015;-;  197;-;    4;-;   25;-;    2;-;   70;-;  121;-;   97;-;   38;-
4607;5027;05;A;  52;101020; 3;u;18; 3561;-; 4726;-;  130;-;  136;-; 3391;-; 3252;-;  129;-;   10;-;    9;-;    5;-;   51;-;   74;-;   48;-;   31;-; 4544;-; 4416;-;  114;-;   14;-;   14;-;    6;-;   41;-;   89;-;   73;-;   32;-
4607;5027;05;A;  52;101020; 3;u;19; 3524;-; 4523;-;  140;-;  143;-; 3355;-; 3221;-;  130;-;    4;-;    9;-;    3;-;   39;-;   98;-;   74;-;   20;-; 4339;-; 4221;-;  113;-;    5;-;   18;-;    9;-;   39;-;   95;-;   72;-;   23;-
4607;5027;05;A;  52;101020; 3;u;20; 2445;-; 3423;-;   56;-;   88;-; 2365;-; 2250;-;  106;-;    9;-;    5;-;    4;-;    9;-;   43;-;   35;-;   19;-; 3307;-; 3193;-;  110;-;    4;-;    7;-;    6;-;   22;-;   60;-;   47;-;   21;-
4607;5027;05;A;  52;101020; 3;u;21; 1664;-; 2217;-;   68;-;   81;-; 1579;-; 1486;-;   90;-;    3;-;    3;-;    6;-;    9;-;   53;-;   44;-;   14;-; 2126;-; 2050;-;   72;-;    4;-;    4;-;    6;-;   13;-;   62;-;   44;-;    6;-
4607;5027;05;A;  52;101020; 3;u;22; 1217;-; 1547;-;   61;-;   56;-; 1147;-; 1079;-;   66;-;    2;-;    5;-;    7;-;   16;-;   38;-;   26;-;    4;-; 1485;-; 1421;-;   60;-;    4;-;    2;-;    1;-;    7;-;   48;-;   35;-;    4;-
4607;5027;05;A;  52;101020; 3;u;23; 1129;-; 1652;-;   50;-;   52;-; 1062;-;  982;-;   78;-;    2;-;    1;-;    3;-;   12;-;   35;-;   30;-;   16;-; 1593;-; 1529;-;   61;-;    3;-;    3;-;    2;-;   15;-;   35;-;   25;-;    4;-
4607;5027;05;A;  52;101020; 3;u;24;  821;-; 1215;-;   38;-;   49;-;  773;-;  704;-;   68;-;    1;-;    1;-;    2;-;    3;-;   33;-;   25;-;    9;-; 1162;-; 1103;-;   58;-;    1;-;    1;-;    1;-;    7;-;   41;-;   24;-;    3;-
4607;5027;05;A;  52;101021; 4;u;01;  449;-;  633;-;   44;-;   38;-;  402;-;  354;-;   47;-;    1;-;    0;-;    6;-;    7;-;   31;-;   19;-;    3;-;  594;-;  567;-;   26;-;    1;-;    0;-;    5;-;    6;-;   27;-;   14;-;    1;-
4607;5027;05;A;  52;101021; 4;u;02;  205;-;  210;-;   39;-;   35;-;  163;-;  140;-;   23;-;    0;-;    1;-;    1;-;   10;-;   28;-;   19;-;    2;-;  175;-;  153;-;   22;-;    0;-;    0;-;    1;-;    3;-;   31;-;   22;-;    0;-
4607;5027;05;A;  52;101021; 4;u;03;  128;-;  146;-;   37;-;   41;-;   90;-;   83;-;    7;-;    0;-;    0;-;    0;-;   10;-;   27;-;   21;-;    1;-;  104;-;   84;-;   20;-;    0;-;    1;-;    0;-;    8;-;   33;-;   23;-;    0;-
4607;5027;05;A;  52;101021; 4;u;04;  415;-;  216;-;   62;-;   71;-;  350;-;  310;-;   39;-;    1;-;    1;-;    0;-;   27;-;   35;-;   26;-;    2;-;  143;-;  113;-;   30;-;    0;-;    1;-;    1;-;   25;-;   45;-;   39;-;    1;-
4607;5027;05;A;  52;101021; 4;u;05;  885;-;  392;-;  138;-;   80;-;  737;-;  693;-;   41;-;    3;-;    1;-;    7;-;   43;-;   88;-;   62;-;    9;-;  309;-;  267;-;   42;-;    0;-;    0;-;    1;-;   35;-;   44;-;   35;-;    3;-
4607;5027;05;A;  52;101021; 4;u;06; 2413;-;  739;-;  181;-;  105;-; 2205;-; 2092;-;  108;-;    5;-;    6;-;    6;-;   63;-;  112;-;   86;-;   21;-;  630;-;  567;-;   62;-;    1;-;    1;-;    1;-;   38;-;   66;-;   48;-;    3;-
4607;5027;05;A;  52;101021; 4;u;07; 4760;-; 1684;-;  259;-;  172;-; 4456;-; 4181;-;  267;-;    8;-;   14;-;    4;-;  111;-;  144;-;  108;-;   31;-; 1505;-; 1392;-;  110;-;    3;-;    4;-;    2;-;   69;-;  101;-;   75;-;    3;-
4607;5027;05;A;  52;101021; 4;u;08; 5923;-; 3175;-;  254;-;  192;-; 5585;-; 5279;-;  295;-;   11;-;   28;-;    5;-;  107;-;  142;-;  110;-;   56;-; 2958;-; 2776;-;  180;-;    2;-;   13;-;    6;-;   83;-;  103;-;   74;-;   12;-
4607;5027;05;A;  52;101021; 4;u;09; 5432;-; 3832;-;  255;-;  267;-; 5107;-; 4887;-;  209;-;   11;-;   13;-;    5;-;  123;-;  127;-;   95;-;   57;-; 3536;-; 3364;-;  168;-;    4;-;   12;-;   10;-;  104;-;  153;-;  114;-;   17;-
4607;5027;05;A;  52;101021; 4;u;10; 4177;-; 2999;-;  306;-;  295;-; 3822;-; 3620;-;  197;-;    5;-;   19;-;    9;-;  111;-;  186;-;  148;-;   30;-; 2681;-; 2508;-;  169;-;    4;-;   17;-;   11;-;  121;-;  163;-;  129;-;    6;-
4607;5027;05;A;  52;101021; 4;u;11; 3296;-; 2608;-;  272;-;  268;-; 2987;-; 2791;-;  193;-;    3;-;   17;-;    5;-;  104;-;  163;-;  127;-;   20;-; 2311;-; 2148;-;  160;-;    3;-;   14;-;    6;-;   99;-;  163;-;  131;-;   15;-
4607;5027;05;A;  52;101021; 4;u;12; 2942;-; 2732;-;  253;-;  289;-; 2664;-; 2459;-;  203;-;    2;-;   11;-;    4;-;  100;-;  149;-;  115;-;   14;-; 2421;-; 2265;-;  151;-;    5;-;   15;-;    4;-;  114;-;  171;-;  140;-;    7;-
4607;5027;05;A;  52;101021; 4;u;13; 2948;-; 3001;-;  236;-;  230;-; 2687;-; 2478;-;  201;-;    8;-;    8;-;    1;-;   94;-;  141;-;  116;-;   17;-; 2756;-; 2578;-;  172;-;    6;-;   13;-;    6;-;   77;-;  147;-;  121;-;    2;-
4607;5027;05;A;  52;101021; 4;u;14; 3094;-; 3292;-;  231;-;  223;-; 2816;-; 2618;-;  192;-;    6;-;   20;-;    3;-;   80;-;  148;-;  117;-;   27;-; 3039;-; 2841;-;  194;-;    4;-;   21;-;    5;-;   75;-;  143;-;  113;-;    9;-
4607;5027;05;A;  52;101021; 4;u;15; 2943;-; 4050;-;  252;-;  259;-; 2662;-; 2469;-;  188;-;    5;-;   16;-;    5;-;   97;-;  150;-;  112;-;   13;-; 3740;-; 3544;-;  190;-;    6;-;   33;-;    8;-;   98;-;  153;-;  116;-;   18;-
4607;5027;05;A;  52;101021; 4;u;16; 3052;-; 4081;-;  196;-;  224;-; 2813;-; 2625;-;  182;-;    6;-;   25;-;    2;-;   69;-;  125;-;  103;-;   18;-; 3807;-; 3631;-;  170;-;    6;-;   24;-;    2;-;   86;-;  136;-;  110;-;   26;-
4607;5027;05;A;  52;101021; 4;u;17; 3462;-; 4260;-;  185;-;  189;-; 3235;-; 3048;-;  177;-;   10;-;   16;-;    4;-;   71;-;  110;-;   79;-;   26;-; 4022;-; 3838;-;  176;-;    8;-;   18;-;    6;-;   60;-;  123;-;  100;-;   31;-
4607;5027;05;A;  52;101021; 4;u;18; 3682;-; 4644;-;  136;-;  134;-; 3519;-; 3345;-;  162;-;   12;-;    5;-;    3;-;   43;-;   90;-;   66;-;   22;-; 4439;-; 4281;-;  152;-;    6;-;   34;-;    4;-;   48;-;   82;-;   62;-;   37;-
4607;5027;05;A;  52;101021; 4;u;19; 3323;-; 4500;-;   94;-;  129;-; 3192;-; 3071;-;  116;-;    5;-;   17;-;    2;-;   30;-;   62;-;   49;-;   20;-; 4327;-; 4185;-;  136;-;    6;-;   20;-;    2;-;   44;-;   83;-;   62;-;   24;-
4607;5027;05;A;  52;101021; 4;u;20; 2794;-; 3360;-;   73;-;   87;-; 2696;-; 2593;-;   93;-;   10;-;    1;-;    5;-;   18;-;   50;-;   40;-;   24;-; 3255;-; 3146;-;   96;-;   13;-;    6;-;    1;-;   28;-;   58;-;   44;-;   12;-
4607;5027;05;A;  52;101021; 4;u;21; 1662;-; 2270;-;   61;-;   77;-; 1589;-; 1483;-;   98;-;    8;-;    4;-;    6;-;    7;-;   48;-;   30;-;    8;-; 2173;-; 2066;-;  104;-;    3;-;    8;-;    5;-;   18;-;   54;-;   36;-;   12;-
4607;5027;05;A;  52;101021; 4;u;22; 1379;-; 1768;-;   49;-;   55;-; 1317;-; 1232;-;   83;-;    2;-;    3;-;    4;-;   10;-;   35;-;   21;-;   10;-; 1703;-; 1619;-;   82;-;    2;-;    5;-;    4;-;   13;-;   38;-;   24;-;    5;-
4607;5027;05;A;  52;101021; 4;u;23; 1203;-; 1714;-;   50;-;   56;-; 1145;-; 1064;-;   80;-;    1;-;    2;-;    3;-;   12;-;   35;-;   27;-;    6;-; 1648;-; 1585;-;   57;-;    6;-;    1;-;    2;-;   11;-;   43;-;   31;-;    9;-
4607;5027;05;A;  52;101021; 4;u;24;  682;-; 1156;-;   42;-;   48;-;  634;-;  578;-;   54;-;    2;-;    2;-;    4;-;    7;-;   31;-;   23;-;    4;-; 1103;-; 1037;-;   64;-;    2;-;    2;-;    5;-;    5;-;   38;-;   23;-;    3;-
4607;5027;05;A;  52;101022; 5;u;01;  305;-;  438;-;   34;-;   32;-;  268;-;  228;-;   40;-;    0;-;    0;-;    0;-;    4;-;   30;-;   21;-;    3;-;  402;-;  372;-;   29;-;    1;-;    0;-;    2;-;    3;-;   27;-;   19;-;    4;-
4607;5027;05;A;  52;101022; 5;u;02;  190;-;  218;-;   46;-;   33;-;  141;-;  115;-;   25;-;    1;-;    2;-;    0;-;   14;-;   32;-;   23;-;    1;-;  183;-;  155;-;   27;-;    1;-;    0;-;    0;-;    3;-;   30;-;   20;-;    2;-
4607;5027;05;A;  52;101022; 5;u;03;  161;-;  173;-;   47;-;   50;-;  113;-;   98;-;   15;-;    0;-;    1;-;    2;-;   13;-;   32;-;   20;-;    0;-;  123;-;   96;-;   27;-;    0;-;    0;-;    0;-;   11;-;   39;-;   30;-;    0;-
4607;5027;05;A;  52;101022; 5;u;04;  445;-;  208;-;   75;-;   54;-;  366;-;  323;-;   42;-;    1;-;    2;-;    6;-;   19;-;   50;-;   35;-;    2;-;  150;-;  119;-;   31;-;    0;-;    4;-;    2;-;   17;-;   35;-;   26;-;    0;-
4607;5027;05;A;  52;101022; 5;u;05;  932;-;  398;-;  123;-;   83;-;  800;-;  747;-;   50;-;    3;-;    2;-;    9;-;   51;-;   63;-;   46;-;    7;-;  313;-;  266;-;   45;-;    2;-;    1;-;    2;-;   37;-;   44;-;   28;-;    1;-
4607;5027;05;A;  52;101022; 5;u;06; 2278;-;  756;-;  179;-;  120;-; 2066;-; 1972;-;   83;-;   11;-;    3;-;    6;-;   58;-;  115;-;   87;-;   30;-;  634;-;  573;-;   59;-;    2;-;    2;-;    3;-;   33;-;   84;-;   53;-;    0;-
4607;5027;05;A;  52;101022; 5;u;07; 4613;-; 1628;-;  258;-;  167;-; 4286;-; 4026;-;  248;-;   12;-;   18;-;    3;-;  100;-;  155;-;  107;-;   51;-; 1455;-; 1347;-;  102;-;    6;-;    3;-;    3;-;   64;-;  100;-;   69;-;    3;-
4607;5027;05;A;  52;101022; 5;u;08; 5545;-; 3108;-;  269;-;  222;-; 5223;-; 4965;-;  250;-;    8;-;   19;-;    5;-;  126;-;  138;-;  114;-;   34;-; 2861;-; 2685;-;  172;-;    4;-;   15;-;    2;-;   95;-;  125;-;   92;-;   10;-
4607;5027;05;A;  52;101022; 5;u;09; 5072;-; 3480;-;  263;-;  300;-; 4720;-; 4512;-;  196;-;   12;-;   14;-;    9;-;  100;-;  154;-;  119;-;   75;-; 3158;-; 3007;-;  150;-;    1;-;   10;-;    7;-;  126;-;  167;-;  123;-;   12;-
4607;5027;05;A;  52;101022; 5;u;10; 3609;-; 2883;-;  286;-;  277;-; 3276;-; 3068;-;  201;-;    7;-;   15;-;    6;-;  110;-;  170;-;  134;-;   32;-; 2590;-; 2421;-;  168;-;    1;-;    8;-;   13;-;  116;-;  148;-;  112;-;    8;-
4607;5027;05;A;  52;101022; 5;u;11; 2998;-; 2622;-;  262;-;  292;-; 2703;-; 2503;-;  192;-;    8;-;   11;-;    4;-;  101;-;  157;-;  127;-;   22;-; 2302;-; 2118;-;  176;-;    8;-;   16;-;    6;-;  113;-;  173;-;  144;-;   12;-
4607;5027;05;A;  52;101022; 5;u;12; 2847;-; 2879;-;  252;-;  257;-; 2566;-; 2365;-;  194;-;    7;-;   13;-;    6;-;   98;-;  148;-;  110;-;   16;-; 2593;-; 2390;-;  198;-;    5;-;   22;-;    2;-;  107;-;  148;-;  117;-;    7;-
4607;5027;05;A;  52;101022; 5;u;13; 3100;-; 3648;-;  212;-;  259;-; 2846;-; 2660;-;  176;-;   10;-;   18;-;    2;-;   72;-;  138;-;  104;-;   24;-; 3356;-; 3155;-;  196;-;    5;-;   22;-;    4;-;   91;-;  164;-;  133;-;   11;-
4607;5027;05;A;  52;101022; 5;u;14; 3466;-; 3959;-;  221;-;  253;-; 3209;-; 3015;-;  182;-;   12;-;   15;-;    1;-;   83;-;  137;-;  106;-;   21;-; 3665;-; 3482;-;  179;-;    4;-;   26;-;    5;-;   90;-;  158;-;  119;-;   15;-
4607;5027;05;A;  52;101022; 5;u;15; 3192;-; 4216;-;  194;-;  213;-; 2974;-; 2766;-;  197;-;   11;-;    9;-;    1;-;   67;-;  126;-;   92;-;   15;-; 3949;-; 3791;-;  155;-;    3;-;   26;-;    3;-;   93;-;  117;-;   93;-;   28;-
4607;5027;05;A;  52;101022; 5;u;16; 3561;-; 4416;-;  186;-;  197;-; 3344;-; 3120;-;  214;-;   10;-;   14;-;    4;-;   70;-;  112;-;   85;-;   17;-; 4167;-; 4015;-;  148;-;    4;-;   29;-;    6;-;   54;-;  137;-;  102;-;   23;-
4607;5027;05;A;  52;101022; 5;u;17; 3658;-; 4545;-;  164;-;  172;-; 3453;-; 3274;-;  170;-;    9;-;   18;-;    9;-;   49;-;  106;-;   83;-;   23;-; 4313;-; 4167;-;  141;-;    5;-;   30;-;    4;-;   60;-;  108;-;   87;-;   30;-
4607;5027;05;A;  52;101022; 5;u;18; 3618;-; 4299;-;  108;-;  146;-; 3453;-; 3298;-;  146;-;    9;-;   12;-;    8;-;   39;-;   61;-;   46;-;   45;-; 4104;-; 3985;-;  107;-;   12;-;   25;-;    3;-;   53;-;   90;-;   72;-;   24;-
4607;5027;05;A;  52;101022; 5;u;19; 3177;-; 3995;-;   83;-;  103;-; 3058;-; 2954;-;   93;-;   11;-;   15;-;    5;-;   19;-;   59;-;   44;-;   21;-; 3860;-; 3730;-;  125;-;    5;-;    9;-;    5;-;   35;-;   63;-;   52;-;   23;-
4607;5027;05;A;  52;101022; 5;u;20; 2642;-; 3184;-;   70;-;   75;-; 2542;-; 2423;-;  111;-;    8;-;    8;-;    4;-;   25;-;   41;-;   28;-;   22;-; 3084;-; 2952;-;  126;-;    6;-;   16;-;    3;-;   20;-;   52;-;   41;-;    9;-
4607;5027;05;A;  52;101022; 5;u;21; 1676;-; 2199;-;   60;-;   65;-; 1594;-; 1491;-;   98;-;    5;-;    5;-;    3;-;   15;-;   42;-;   29;-;   17;-; 2123;-; 2017;-;   98;-;    8;-;   10;-;    5;-;   14;-;   46;-;   28;-;    1;-
4607;5027;05;A;  52;101022; 5;u;22; 1347;-; 1587;-;   54;-;   68;-; 1277;-; 1205;-;   70;-;    2;-;    7;-;    7;-;   13;-;   34;-;   28;-;    9;-; 1511;-; 1444;-;   64;-;    3;-;    3;-;    7;-;   11;-;   50;-;   33;-;    5;-
4607;5027;05;A;  52;101022; 5;u;23; 1211;-; 1684;-;   42;-;   41;-; 1161;-; 1073;-;   85;-;    3;-;    0;-;    6;-;   11;-;   25;-;   21;-;    8;-; 1638;-; 1564;-;   69;-;    5;-;    1;-;    0;-;    7;-;   34;-;   27;-;    4;-
4607;5027;05;A;  52;101022; 5;u;24;  772;-; 1339;-;   27;-;   41;-;  737;-;  683;-;   53;-;    1;-;    2;-;    2;-;    5;-;   20;-;   13;-;    6;-; 1291;-; 1242;-;   48;-;    1;-;    2;-;    4;-;    1;-;   36;-;   27;-;    5;-
4607;5027;05;A;  52;101023; 6;u;01;  519;-;  927;-;   26;-;   31;-;  490;-;  441;-;   48;-;    1;-;    0;-;    3;-;    4;-;   19;-;   12;-;    3;-;  894;-;  835;-;   56;-;    3;-;    0;-;    9;-;    2;-;   20;-;   14;-;    2;-
4607;5027;05;A;  52;101023; 6;u;02;  323;-;  363;-;   23;-;   27;-;  291;-;  264;-;   27;-;    0;-;    3;-;    0;-;    9;-;   14;-;    9;-;    6;-;  334;-;  311;-;   23;-;    0;-;    1;-;    3;-;    6;-;   18;-;   12;-;    1;-
4607;5027;05;A;  52;101023; 6;u;03;  260;-;  241;-;   31;-;   22;-;  225;-;  207;-;   18;-;    0;-;    1;-;    2;-;    6;-;   23;-;   16;-;    3;-;  217;-;  191;-;   26;-;    0;-;    1;-;    0;-;    3;-;   19;-;   11;-;    1;-
4607;5027;05;A;  52;101023; 6;u;04;  468;-;  274;-;   37;-;   40;-;  427;-;  381;-;   46;-;    0;-;    2;-;    1;-;   13;-;   23;-;   17;-;    2;-;  231;-;  210;-;   21;-;    0;-;    3;-;    1;-;   18;-;   21;-;   13;-;    0;-
4607;5027;05;A;  52;101023; 6;u;05;  577;-;  370;-;   40;-;   50;-;  532;-;  488;-;   44;-;    0;-;    1;-;    2;-;   19;-;   19;-;   15;-;    4;-;  317;-;  280;-;   37;-;    0;-;    3;-;    3;-;   27;-;   20;-;   13;-;    0;-
4607;5027;05;A;  52;101023; 6;u;06;  962;-;  446;-;   65;-;   32;-;  885;-;  831;-;   52;-;    2;-;    8;-;    5;-;   27;-;   33;-;   19;-;    4;-;  406;-;  367;-;   39;-;    0;-;    4;-;    1;-;   13;-;   18;-;   11;-;    4;-
4607;5027;05;A;  52;101023; 6;u;07; 1027;-;  689;-;   46;-;   42;-;  969;-;  848;-;  117;-;    4;-;    8;-;    1;-;   23;-;   22;-;   17;-;    4;-;  638;-;  581;-;   51;-;    6;-;    8;-;    2;-;   21;-;   19;-;   14;-;    1;-
4607;5027;05;A;  52;101023; 6;u;08; 1284;-;  884;-;   70;-;   60;-; 1194;-; 1056;-;  134;-;    4;-;   12;-;    7;-;   30;-;   33;-;   26;-;    8;-;  814;-;  735;-;   79;-;    0;-;    7;-;    5;-;   28;-;   27;-;   20;-;    3;-
4607;5027;05;A;  52;101023; 6;u;09; 1751;-; 1339;-;   65;-;   56;-; 1658;-; 1496;-;  154;-;    8;-;   12;-;    1;-;   42;-;   22;-;   19;-;   16;-; 1272;-; 1187;-;   84;-;    1;-;    7;-;    8;-;   27;-;   21;-;   18;-;    4;-
4607;5027;05;A;  52;101023; 6;u;10; 2266;-; 2096;-;   61;-;   66;-; 2174;-; 2047;-;  124;-;    3;-;   11;-;    5;-;   30;-;   26;-;   23;-;   20;-; 2014;-; 1907;-;  100;-;    7;-;   12;-;    7;-;   24;-;   35;-;   31;-;    4;-
4607;5027;05;A;  52;101023; 6;u;11; 2619;-; 2374;-;   48;-;   66;-; 2525;-; 2373;-;  141;-;   11;-;   18;-;    3;-;   25;-;   20;-;   15;-;   28;-; 2286;-; 2172;-;  107;-;    7;-;   17;-;    5;-;   32;-;   29;-;   25;-;    5;-
4607;5027;05;A;  52;101023; 6;u;12; 2834;-; 2686;-;   55;-;   51;-; 2735;-; 2590;-;  136;-;    9;-;   18;-;    5;-;   29;-;   21;-;   17;-;   26;-; 2620;-; 2520;-;   93;-;    7;-;   10;-;    4;-;   20;-;   27;-;   23;-;    5;-
4607;5027;05;A;  52;101023; 6;u;13; 3080;-; 2977;-;   53;-;   39;-; 2982;-; 2847;-;  125;-;   10;-;   19;-;   15;-;   18;-;   20;-;   18;-;   26;-; 2911;-; 2760;-;  142;-;    9;-;   22;-;    1;-;   22;-;   16;-;   12;-;    5;-
4607;5027;05;A;  52;101023; 6;u;14; 3423;-; 3078;-;   59;-;   52;-; 3328;-; 3167;-;  143;-;   18;-;   13;-;   24;-;   18;-;   17;-;   14;-;   23;-; 3010;-; 2889;-;  112;-;    9;-;   13;-;    7;-;   17;-;   28;-;   23;-;    3;-
4607;5027;05;A;  52;101023; 6;u;15; 2981;-; 3340;-;   36;-;   40;-; 2886;-; 2739;-;  138;-;    9;-;   19;-;    7;-;   15;-;   14;-;   13;-;   40;-; 3273;-; 3165;-;   98;-;   10;-;   20;-;    8;-;   16;-;   16;-;   12;-;    7;-
4607;5027;05;A;  52;101023; 6;u;16; 2670;-; 3190;-;   41;-;   44;-; 2590;-; 2460;-;  124;-;    6;-;   18;-;    6;-;   16;-;   19;-;   16;-;   21;-; 3117;-; 3004;-;  110;-;    3;-;   20;-;    5;-;   24;-;   15;-;   12;-;    9;-
4607;5027;05;A;  52;101023; 6;u;17; 2266;-; 2832;-;   29;-;   30;-; 2213;-; 2109;-;  101;-;    3;-;    7;-;    3;-;   13;-;   13;-;   11;-;   17;-; 2777;-; 2692;-;   83;-;    2;-;   15;-;    5;-;   15;-;   10;-;    8;-;   10;-
4607;5027;05;A;  52;101023; 6;u;18; 2291;-; 2754;-;   21;-;   29;-; 2240;-; 2156;-;   82;-;    2;-;   14;-;    4;-;   11;-;    6;-;    5;-;   16;-; 2701;-; 2621;-;   76;-;    4;-;   16;-;    8;-;    8;-;   13;-;   12;-;    8;-
4607;5027;05;A;  52;101023; 6;u;19; 2384;-; 2695;-;   19;-;   46;-; 2335;-; 2245;-;   87;-;    3;-;    6;-;    6;-;    7;-;    6;-;    5;-;   24;-; 2638;-; 2544;-;   90;-;    4;-;    8;-;   16;-;   18;-;   12;-;    8;-;    3;-
4607;5027;05;A;  52;101023; 6;u;20; 2263;-; 2240;-;   20;-;   31;-; 2216;-; 2134;-;   78;-;    4;-;    8;-;    2;-;   14;-;    4;-;    4;-;   19;-; 2201;-; 2117;-;   78;-;    6;-;    5;-;   15;-;   11;-;    5;-;    3;-;    3;-
4607;5027;05;A;  52;101023; 6;u;21; 1430;-; 1606;-;   13;-;   17;-; 1404;-; 1346;-;   51;-;    7;-;    7;-;    3;-;    6;-;    4;-;    2;-;    6;-; 1577;-; 1518;-;   57;-;    2;-;    7;-;    4;-;    7;-;    6;-;    6;-;    5;-
4607;5027;05;A;  52;101023; 6;u;22; 1158;-; 1191;-;   13;-;   10;-; 1135;-; 1075;-;   57;-;    3;-;    1;-;    1;-;    7;-;    5;-;    3;-;    9;-; 1176;-; 1134;-;   41;-;    1;-;    1;-;    4;-;    5;-;    1;-;    0;-;    4;-
4607;5027;05;A;  52;101023; 6;u;23; 1090;-; 1102;-;   14;-;   15;-; 1066;-; 1016;-;   48;-;    2;-;    4;-;    7;-;    3;-;    4;-;    3;-;    6;-; 1083;-; 1043;-;   38;-;    2;-;    2;-;    6;-;    8;-;    1;-;    1;-;    2;-
4607;5027;05;A;  52;101023; 6;u;24; 1067;-; 1394;-;    7;-;   12;-; 1052;-; 1016;-;   36;-;    0;-;    0;-;    0;-;    6;-;    1;-;    1;-;    8;-; 1381;-; 1332;-;   48;-;    1;-;    0;-;    5;-;    6;-;    1;-;    1;-;    1;-
4607;5027;05;A;  52;101024; 7;s;01;  711;-;  943;-;   10;-;    4;-;  694;-;  666;-;   27;-;    1;-;    3;-;    1;-;    6;-;    3;-;    1;-;    4;-;  937;-;  912;-;   25;-;    0;-;    0;-;    1;-;    3;-;    0;-;    0;-;    2;-
4607;5027;05;A;  52;101024; 7;s;02;  498;-;  539;-;   11;-;   12;-;  480;-;  460;-;   19;-;    1;-;    1;-;    4;-;    4;-;    3;-;    1;-;    6;-;  524;-;  511;-;   12;-;    1;-;    2;-;    3;-;    6;-;    3;-;    3;-;    1;-
4607;5027;05;A;  52;101024; 7;s;03;  353;-;  377;-;    5;-;    7;-;  348;-;  322;-;   24;-;    2;-;    0;-;    0;-;    4;-;    1;-;    1;-;    0;-;  370;-;  349;-;   21;-;    0;-;    0;-;    2;-;    4;-;    1;-;    1;-;    0;-
4607;5027;05;A;  52;101024; 7;s;04;  576;-;  301;-;    9;-;    6;-;  564;-;  525;-;   38;-;    1;-;    0;-;    1;-;    3;-;    5;-;    3;-;    3;-;  293;-;  266;-;   27;-;    0;-;    0;-;    2;-;    2;-;    2;-;    0;-;    2;-
4607;5027;05;A;  52;101024; 7;s;05;  559;-;  489;-;    6;-;    9;-;  545;-;  511;-;   34;-;    0;-;    1;-;    2;-;    2;-;    2;-;    2;-;    7;-;  479;-;  446;-;   32;-;    1;-;    0;-;    2;-;    7;-;    0;-;    0;-;    1;-
4607;5027;05;A;  52;101024; 7;s;06;  706;-;  381;-;   20;-;    6;-;  678;-;  636;-;   40;-;    2;-;    5;-;    3;-;   14;-;    3;-;    3;-;    3;-;  375;-;  356;-;   19;-;    0;-;    0;-;    2;-;    3;-;    1;-;    1;-;    0;-
4607;5027;05;A;  52;101024; 7;s;07;  582;-;  447;-;   20;-;   11;-;  542;-;  479;-;   61;-;    2;-;   16;-;    3;-;   14;-;    3;-;    3;-;    4;-;  432;-;  407;-;   25;-;    0;-;    3;-;    4;-;    5;-;    2;-;    2;-;    1;-
4607;5027;05;A;  52;101024; 7;s;08;  705;-;  470;-;   18;-;    9;-;  668;-;  578;-;   89;-;    1;-;   16;-;    3;-;   13;-;    2;-;    2;-;    3;-;  459;-;  432;-;   27;-;    0;-;    2;-;    6;-;    1;-;    2;-;    1;-;    0;-
4607;5027;05;A;  52;101024; 7;s;09;  933;-;  803;-;   20;-;   18;-;  896;-;  819;-;   77;-;    0;-;   14;-;    0;-;   13;-;    7;-;    7;-;    3;-;  776;-;  731;-;   45;-;    0;-;    8;-;    3;-;    9;-;    6;-;    6;-;    1;-
4607;5027;05;A;  52;101024; 7;s;10; 1269;-; 1211;-;   25;-;    8;-; 1229;-; 1144;-;   85;-;    0;-;    8;-;    4;-;   14;-;    7;-;    6;-;    7;-; 1197;-; 1143;-;   52;-;    2;-;    4;-;    4;-;    2;-;    2;-;    2;-;    2;-
4607;5027;05;A;  52;101024; 7;s;11; 1537;-; 1952;-;   22;-;   26;-; 1493;-; 1410;-;   82;-;    1;-;   10;-;    2;-;   13;-;    7;-;    4;-;   12;-; 1909;-; 1833;-;   70;-;    6;-;    9;-;    6;-;   12;-;    8;-;    7;-;    8;-
4607;5027;05;A;  52;101024; 7;s;12; 1753;-; 2133;-;   20;-;   28;-; 1713;-; 1602;-;  104;-;    7;-;   12;-;    0;-;   11;-;    9;-;    9;-;    8;-; 2096;-; 2012;-;   76;-;    8;-;    6;-;    5;-;   13;-;   10;-;   10;-;    3;-
4607;5027;05;A;  52;101024; 7;s;13; 2100;-; 2444;-;   22;-;   14;-; 2057;-; 1958;-;   94;-;    5;-;   10;-;    3;-;   15;-;    4;-;    3;-;   11;-; 2412;-; 2342;-;   65;-;    5;-;   11;-;    2;-;    9;-;    3;-;    3;-;    7;-
4607;5027;05;A;  52;101024; 7;s;14; 2549;-; 2672;-;   18;-;   21;-; 2504;-; 2382;-;  117;-;    5;-;   12;-;    1;-;    8;-;    9;-;    7;-;   15;-; 2635;-; 2552;-;   80;-;    3;-;   10;-;    3;-;   12;-;    6;-;    6;-;    6;-
4607;5027;05;A;  52;101024; 7;s;15; 2498;-; 2784;-;   14;-;   20;-; 2453;-; 2357;-;   87;-;    9;-;   12;-;    2;-;    6;-;    6;-;    4;-;   19;-; 2748;-; 2644;-;   95;-;    9;-;   13;-;    1;-;    9;-;   10;-;    6;-;    3;-
4607;5027;05;A;  52;101024; 7;s;16; 2665;-; 2507;-;   12;-;   23;-; 2623;-; 2521;-;   90;-;   12;-;    7;-;    2;-;    6;-;    4;-;    3;-;   23;-; 2469;-; 2390;-;   74;-;    5;-;   13;-;    3;-;   13;-;    7;-;    6;-;    2;-
4607;5027;05;A;  52;101024; 7;s;17; 2812;-; 2279;-;   21;-;   24;-; 2764;-; 2647;-;  110;-;    7;-;   13;-;    6;-;    9;-;    6;-;    4;-;   14;-; 2233;-; 2144;-;   88;-;    1;-;   19;-;    5;-;   15;-;    4;-;    4;-;    3;-
4607;5027;05;A;  52;101024; 7;s;18; 2976;-; 2349;-;   27;-;   26;-; 2921;-; 2826;-;   89;-;    6;-;   11;-;   11;-;    6;-;   10;-;    9;-;   17;-; 2300;-; 2226;-;   73;-;    1;-;   19;-;    3;-;   14;-;    9;-;    9;-;    4;-
4607;5027;05;A;  52;101024; 7;s;19; 2747;-; 2351;-;   19;-;   32;-; 2686;-; 2571;-;  107;-;    8;-;    9;-;    4;-;    9;-;    6;-;    4;-;   33;-; 2291;-; 2203;-;   85;-;    3;-;   18;-;    7;-;   11;-;   14;-;   11;-;   10;-
4607;5027;05;A;  52;101024; 7;s;20; 2326;-; 2023;-;   28;-;   26;-; 2277;-; 2195;-;   79;-;    3;-;    8;-;    6;-;   11;-;   11;-;   11;-;   13;-; 1981;-; 1904;-;   73;-;    4;-;   10;-;    7;-;   11;-;    8;-;    8;-;    6;-
4607;5027;05;A;  52;101024; 7;s;21; 1602;-; 1546;-;   27;-;   21;-; 1559;-; 1477;-;   79;-;    3;-;    3;-;    7;-;   12;-;    8;-;    8;-;   13;-; 1520;-; 1455;-;   64;-;    1;-;    3;-;    3;-;   10;-;    8;-;    7;-;    2;-
4607;5027;05;A;  52;101024; 7;s;22; 1315;-; 1143;-;   20;-;   19;-; 1273;-; 1193;-;   78;-;    2;-;    6;-;    3;-;    9;-;    8;-;    6;-;   16;-; 1117;-; 1076;-;   41;-;    0;-;    4;-;    4;-;    9;-;    6;-;    6;-;    3;-
4607;5027;05;A;  52;101024; 7;s;23; 1010;-; 1047;-;   36;-;   26;-;  963;-;  887;-;   74;-;    2;-;    3;-;    1;-;   10;-;   25;-;   20;-;    8;-; 1018;-;  958;-;   59;-;    1;-;    1;-;    2;-;    3;-;   21;-;   16;-;    2;-
4607;5027;05;A;  52;101024; 7;s;24;  554;-;  906;-;   20;-;   32;-;  528;-;  485;-;   39;-;    4;-;    4;-;    0;-;    5;-;   15;-;   10;-;    2;-;  871;-;  821;-;   49;-;    1;-;    1;-;    2;-;    8;-;   22;-;   21;-;    2;-
4607;5027;05;A;  52;101025; 1;w;01;  280;-;  450;-;   30;-;   26;-;  244;-;  203;-;   37;-;    4;-;    3;-;    0;-;   11;-;   19;-;   17;-;    3;-;  422;-;  393;-;   28;-;    1;-;    2;-;    3;-;    4;-;   19;-;   18;-;    0;-
4607;5027;05;A;  52;101025; 1;w;02;  161;-;  182;-;   28;-;   24;-;  124;-;  110;-;   14;-;    0;-;    5;-;    0;-;    6;-;   22;-;   18;-;    4;-;  157;-;  137;-;   19;-;    1;-;    0;-;    1;-;    8;-;   15;-;   11;-;    1;-
4607;5027;05;A;  52;101025; 1;w;03;  139;-;  127;-;   39;-;   32;-;  100;-;   91;-;    8;-;    1;-;    0;-;    1;-;   14;-;   24;-;   20;-;    0;-;   93;-;   81;-;   12;-;    0;-;    1;-;    0;-;    5;-;   27;-;   22;-;    1;-
4607;5027;05;A;  52;101025; 1;w;04;  392;-;  176;-;   62;-;   47;-;  327;-;  295;-;   30;-;    2;-;    1;-;    1;-;   21;-;   40;-;   32;-;    2;-;  127;-;  106;-;   21;-;    0;-;    0;-;    3;-;   12;-;   32;-;   24;-;    2;-
4607;5027;05;A;  52;101025; 1;w;05;  854;-;  380;-;   92;-;   86;-;  760;-;  717;-;   41;-;    2;-;    0;-;    5;-;   41;-;   46;-;   40;-;    2;-;  292;-;  263;-;   29;-;    0;-;    0;-;    4;-;   37;-;   45;-;   36;-;    2;-
4607;5027;05;A;  52;101025; 1;w;06; 2786;-;  880;-;  181;-;  128;-; 2567;-; 2469;-;   94;-;    4;-;    6;-;    5;-;   51;-;  125;-;  101;-;   32;-;  749;-;  695;-;   51;-;    3;-;    1;-;    2;-;   45;-;   81;-;   65;-;    2;-
4607;5027;05;A;  52;101025; 1;w;07; 5077;-; 2030;-;  234;-;  151;-; 4791;-; 4561;-;  216;-;   14;-;   13;-;    6;-;   96;-;  132;-;  107;-;   39;-; 1871;-; 1770;-;   97;-;    4;-;    5;-;    2;-;   67;-;   82;-;   67;-;    3;-
4607;5027;05;A;  52;101025; 1;w;08; 6085;-; 3658;-;  263;-;  187;-; 5702;-; 5452;-;  237;-;   13;-;   17;-;   10;-;  103;-;  150;-;  114;-;  103;-; 3443;-; 3274;-;  162;-;    7;-;    7;-;    7;-;   72;-;  108;-;   83;-;   21;-
4607;5027;05;A;  52;101025; 1;w;09; 6174;-; 4038;-;  257;-;  220;-; 5871;-; 5666;-;  197;-;    8;-;   18;-;    6;-;  114;-;  137;-;  105;-;   28;-; 3799;-; 3643;-;  155;-;    1;-;    9;-;    9;-;   95;-;  116;-;   91;-;   10;-
4607;5027;05;A;  52;101025; 1;w;10; 4848;-; 2966;-;  297;-;  269;-; 4465;-; 4211;-;  238;-;   16;-;   17;-;    5;-;  112;-;  180;-;  144;-;   69;-; 2680;-; 2483;-;  195;-;    2;-;   12;-;   10;-;   95;-;  164;-;  124;-;    5;-
4607;5027;05;A;  52;101025; 1;w;11; 3565;-; 2401;-;  292;-;  238;-; 3217;-; 2958;-;  255;-;    4;-;   16;-;    3;-;  121;-;  168;-;  122;-;   40;-; 2145;-; 1981;-;  162;-;    2;-;   15;-;    4;-;   75;-;  159;-;  126;-;    3;-
4607;5027;05;A;  52;101025; 1;w;12; 2836;-; 2470;-;  227;-;  275;-; 2564;-; 2307;-;  246;-;   11;-;   15;-;    5;-;   92;-;  130;-;   97;-;   30;-; 2183;-; 1992;-;  187;-;    4;-;    8;-;    5;-;  105;-;  165;-;  134;-;    4;-
4607;5027;05;A;  52;101025; 1;w;13; 2856;-; 3037;-;  254;-;  256;-; 2566;-; 2356;-;  203;-;    7;-;   12;-;    7;-;   99;-;  148;-;  117;-;   24;-; 2760;-; 2550;-;  209;-;    1;-;   15;-;    8;-;   98;-;  150;-;  124;-;    6;-
4607;5027;05;A;  52;101025; 1;w;14; 3115;-; 3244;-;  242;-;  244;-; 2839;-; 2612;-;  222;-;    5;-;   12;-;    6;-;   83;-;  153;-;  125;-;   22;-; 2975;-; 2761;-;  209;-;    5;-;   17;-;   11;-;  107;-;  126;-;   95;-;    8;-
4607;5027;05;A;  52;101025; 1;w;15; 2784;-; 3869;-;  230;-;  265;-; 2508;-; 2293;-;  208;-;    7;-;   17;-;    3;-;   94;-;  133;-;  103;-;   29;-; 3568;-; 3370;-;  187;-;   11;-;   19;-;    3;-;  115;-;  147;-;  111;-;   17;-
4607;5027;05;A;  52;101025; 1;w;16; 2879;-; 4214;-;  224;-;  210;-; 2630;-; 2415;-;  206;-;    9;-;    9;-;    2;-;   89;-;  133;-;  105;-;   16;-; 3948;-; 3746;-;  197;-;    5;-;   25;-;    4;-;   79;-;  127;-;   96;-;   31;-
4607;5027;05;A;  52;101025; 1;w;17; 3205;-; 4251;-;  161;-;  169;-; 3005;-; 2810;-;  188;-;    7;-;   11;-;    7;-;   55;-;   99;-;   81;-;   28;-; 4007;-; 3818;-;  179;-;   10;-;   33;-;    2;-;   69;-;   98;-;   78;-;   42;-
4607;5027;05;A;  52;101025; 1;w;18; 3547;-; 4455;-;  128;-;  158;-; 3382;-; 3213;-;  160;-;    9;-;   13;-;    2;-;   44;-;   82;-;   59;-;   24;-; 4244;-; 4103;-;  132;-;    9;-;   12;-;    3;-;   55;-;  100;-;   82;-;   41;-
4607;5027;05;A;  52;101025; 1;w;19; 3314;-; 4562;-;   95;-;  121;-; 3177;-; 3017;-;  153;-;    7;-;   11;-;    3;-;   28;-;   64;-;   49;-;   31;-; 4382;-; 4252;-;  120;-;   10;-;   23;-;    6;-;   33;-;   82;-;   66;-;   36;-
4607;5027;05;A;  52;101025; 1;w;20; 2413;-; 3413;-;   89;-;   94;-; 2305;-; 2190;-;  111;-;    4;-;    6;-;    4;-;   22;-;   63;-;   49;-;   13;-; 3292;-; 3172;-;  117;-;    3;-;    9;-;    4;-;   33;-;   57;-;   40;-;   18;-
4607;5027;05;A;  52;101025; 1;w;21; 1546;-; 2139;-;   77;-;   75;-; 1450;-; 1363;-;   83;-;    4;-;    7;-;    4;-;   14;-;   59;-;   46;-;   12;-; 2054;-; 1944;-;  105;-;    5;-;    7;-;    6;-;   18;-;   51;-;   33;-;    3;-
4607;5027;05;A;  52;101025; 1;w;22; 1297;-; 1642;-;   59;-;   73;-; 1221;-; 1137;-;   81;-;    3;-;    2;-;    1;-;   14;-;   44;-;   31;-;   15;-; 1557;-; 1468;-;   84;-;    5;-;    2;-;    5;-;   17;-;   51;-;   38;-;   10;-
4607;5027;05;A;  52;101025; 1;w;23;  894;-; 1480;-;   51;-;   49;-;  839;-;  763;-;   75;-;    1;-;    0;-;    1;-;   10;-;   40;-;   33;-;    4;-; 1425;-; 1353;-;   69;-;    3;-;    1;-;    1;-;   11;-;   37;-;   25;-;    5;-
4607;5027;05;A;  52;101025; 1;w;24;  445;-;  904;-;   34;-;   50;-;  408;-;  354;-;   52;-;    2;-;    0;-;    2;-;    7;-;   25;-;   21;-;    3;-;  851;-;  791;-;   58;-;    2;-;    1;-;    2;-;    5;-;   43;-;   34;-;    2;-
4607;5027;05;A;  52;101026; 2;w;01;  276;-;  526;-;   46;-;   36;-;  228;-;  193;-;   35;-;    0;-;    0;-;    1;-;    5;-;   40;-;   32;-;    2;-;  489;-;  460;-;   28;-;    1;-;    1;-;    2;-;    9;-;   25;-;   16;-;    0;-
4607;5027;05;A;  52;101026; 2;w;02;  166;-;  197;-;   42;-;   42;-;  123;-;  103;-;   19;-;    1;-;    1;-;    2;-;   15;-;   25;-;   16;-;    0;-;  153;-;  138;-;   15;-;    0;-;    1;-;    0;-;    7;-;   35;-;   24;-;    1;-
4607;5027;05;A;  52;101026; 2;w;03;  154;-;  135;-;   58;-;   38;-;   92;-;   77;-;   15;-;    0;-;    1;-;    0;-;   13;-;   45;-;   31;-;    3;-;   96;-;   72;-;   24;-;    0;-;    0;-;    0;-;    7;-;   31;-;   23;-;    1;-
4607;5027;05;A;  52;101026; 2;w;04;  387;-;  227;-;   63;-;   69;-;  319;-;  293;-;   26;-;    0;-;    1;-;    0;-;   20;-;   43;-;   32;-;    4;-;  157;-;  131;-;   26;-;    0;-;    0;-;    1;-;   28;-;   40;-;   32;-;    1;-
4607;5027;05;A;  52;101026; 2;w;05;  896;-;  369;-;  113;-;   79;-;  779;-;  727;-;   50;-;    2;-;    1;-;    6;-;   41;-;   66;-;   50;-;    3;-;  287;-;  249;-;   38;-;    0;-;    1;-;    0;-;   34;-;   45;-;   33;-;    2;-
4607;5027;05;A;  52;101026; 2;w;06; 2787;-;  841;-;  185;-;  129;-; 2575;-; 2478;-;   89;-;    8;-;    3;-;    3;-;   49;-;  133;-;  104;-;   24;-;  704;-;  647;-;   54;-;    3;-;    4;-;    3;-;   45;-;   81;-;   57;-;    4;-
4607;5027;05;A;  52;101026; 2;w;07; 5374;-; 2130;-;  203;-;  182;-; 5130;-; 4887;-;  230;-;   13;-;   11;-;    4;-;   82;-;  117;-;   89;-;   30;-; 1930;-; 1821;-;  103;-;    6;-;    9;-;    3;-;   71;-;  108;-;   89;-;    9;-
4607;5027;05;A;  52;101026; 2;w;08; 6201;-; 3653;-;  235;-;  185;-; 5834;-; 5571;-;  239;-;   24;-;   22;-;   11;-;  119;-;  105;-;   76;-;  110;-; 3442;-; 3297;-;  142;-;    3;-;   12;-;    5;-;   76;-;  104;-;   81;-;   14;-
4607;5027;05;A;  52;101026; 2;w;09; 6232;-; 4124;-;  257;-;  209;-; 5899;-; 5697;-;  188;-;   14;-;   24;-;    3;-;  119;-;  135;-;   96;-;   52;-; 3898;-; 3719;-;  176;-;    3;-;    7;-;    5;-;   91;-;  113;-;   91;-;   10;-
4607;5027;05;A;  52;101026; 2;w;10; 4987;-; 3267;-;  299;-;  260;-; 4602;-; 4369;-;  216;-;   17;-;   18;-;   14;-;  107;-;  178;-;  137;-;   68;-; 2987;-; 2793;-;  190;-;    4;-;   11;-;    8;-;  105;-;  147;-;  110;-;    9;-
4607;5027;05;A;  52;101026; 2;w;11; 3477;-; 2460;-;  297;-;  253;-; 3140;-; 2915;-;  222;-;    3;-;   17;-;    9;-;  113;-;  175;-;  141;-;   23;-; 2184;-; 2003;-;  178;-;    3;-;   19;-;    8;-;   84;-;  161;-;  120;-;    4;-
4607;5027;05;A;  52;101026; 2;w;12; 3046;-; 2450;-;  295;-;  261;-; 2715;-; 2472;-;  236;-;    7;-;   14;-;    6;-;  100;-;  189;-;  154;-;   22;-; 2179;-; 2008;-;  166;-;    5;-;    7;-;    9;-;   97;-;  155;-;  118;-;    3;-
4607;5027;05;A;  52;101026; 2;w;13; 3278;-; 2966;-;  296;-;  237;-; 2950;-; 2708;-;  236;-;    6;-;   15;-;    4;-;   97;-;  195;-;  155;-;   17;-; 2709;-; 2489;-;  216;-;    4;-;   16;-;    6;-;   98;-;  133;-;  113;-;    4;-
4607;5027;05;A;  52;101026; 2;w;14; 3697;-; 3527;-;  319;-;  264;-; 3346;-; 3126;-;  211;-;    9;-;   12;-;    9;-;  119;-;  191;-;  138;-;   20;-; 3241;-; 3046;-;  191;-;    4;-;   15;-;    4;-;  113;-;  147;-;  114;-;    7;-
4607;5027;05;A;  52;101026; 2;w;15; 3435;-; 3956;-;  319;-;  242;-; 3078;-; 2883;-;  192;-;    3;-;   19;-;    6;-;  123;-;  190;-;  150;-;   19;-; 3657;-; 3438;-;  214;-;    5;-;   26;-;    2;-;  111;-;  129;-;   92;-;   31;-
4607;5027;05;A;  52;101026; 2;w;16; 3509;-; 4058;-;  262;-;  253;-; 3206;-; 2964;-;  233;-;    9;-;   22;-;    8;-;   95;-;  159;-;  126;-;   19;-; 3748;-; 3569;-;  167;-;   12;-;   38;-;    9;-;   84;-;  160;-;  123;-;   19;-
4607;5027;05;A;  52;101026; 2;w;17; 3694;-; 4203;-;  231;-;  210;-; 3425;-; 3197;-;  223;-;    5;-;   15;-;    4;-;   82;-;  145;-;  120;-;   23;-; 3926;-; 3756;-;  156;-;   14;-;   29;-;    5;-;   75;-;  130;-;   96;-;   38;-
4607;5027;05;A;  52;101026; 2;w;18; 3781;-; 4400;-;  121;-;  178;-; 3624;-; 3470;-;  147;-;    7;-;   13;-;    4;-;   43;-;   74;-;   53;-;   23;-; 4163;-; 4027;-;  129;-;    7;-;   21;-;    8;-;   63;-;  107;-;   85;-;   38;-
4607;5027;05;A;  52;101026; 2;w;19; 3422;-; 4592;-;   93;-;  140;-; 3286;-; 3155;-;  125;-;    6;-;   12;-;    6;-;   20;-;   67;-;   51;-;   31;-; 4401;-; 4259;-;  138;-;    4;-;   21;-;    3;-;   44;-;   93;-;   79;-;   30;-
4607;5027;05;A;  52;101026; 2;w;20; 2587;-; 3935;-;   83;-;  122;-; 2474;-; 2357;-;  105;-;   12;-;    6;-;    3;-;   20;-;   60;-;   46;-;   24;-; 3768;-; 3626;-;  133;-;    9;-;   18;-;    6;-;   38;-;   78;-;   61;-;   27;-
4607;5027;05;A;  52;101026; 2;w;21; 1772;-; 2443;-;   65;-;   92;-; 1694;-; 1613;-;   78;-;    3;-;    1;-;    7;-;   12;-;   46;-;   32;-;   12;-; 2337;-; 2216;-;  115;-;    6;-;    8;-;   12;-;   22;-;   58;-;   40;-;    6;-
4607;5027;05;A;  52;101026; 2;w;22; 1349;-; 1877;-;   58;-;   71;-; 1277;-; 1193;-;   82;-;    2;-;    3;-;    4;-;   17;-;   37;-;   24;-;   11;-; 1797;-; 1713;-;   78;-;    6;-;    3;-;    5;-;   14;-;   52;-;   36;-;    6;-
4607;5027;05;A;  52;101026; 2;w;23;  973;-; 1746;-;   40;-;   49;-;  924;-;  857;-;   61;-;    6;-;    2;-;    3;-;    8;-;   29;-;   24;-;    7;-; 1695;-; 1608;-;   85;-;    2;-;    1;-;    0;-;   15;-;   34;-;   24;-;    1;-
4607;5027;05;A;  52;101026; 2;w;24;  710;-; 1157;-;   46;-;   47;-;  653;-;  592;-;   60;-;    1;-;    0;-;    1;-;   12;-;   33;-;   27;-;   11;-; 1104;-; 1038;-;   64;-;    2;-;    4;-;    2;-;   11;-;   34;-;   24;-;    2;-
4607;5027;05;A;  52;101027; 3;w;01;  301;-;  537;-;   39;-;   32;-;  251;-;  204;-;   47;-;    0;-;    5;-;    2;-;    7;-;   30;-;   21;-;    6;-;  502;-;  458;-;   43;-;    1;-;    2;-;    2;-;    6;-;   24;-;   17;-;    1;-
4607;5027;05;A;  52;101027; 3;w;02;  171;-;  235;-;   47;-;   39;-;  123;-;  104;-;   19;-;    0;-;    1;-;    1;-;    9;-;   37;-;   26;-;    0;-;  196;-;  176;-;   20;-;    0;-;    0;-;    0;-;    5;-;   34;-;   20;-;    0;-
4607;5027;05;A;  52;101027; 3;w;03;  147;-;  180;-;   49;-;   53;-;   96;-;   76;-;   20;-;    0;-;    1;-;    1;-;   10;-;   38;-;   27;-;    1;-;  124;-;  103;-;   21;-;    0;-;    2;-;    0;-;   13;-;   40;-;   26;-;    1;-
4607;5027;05;A;  52;101027; 3;w;04;  340;-;  197;-;   53;-;   72;-;  284;-;  257;-;   27;-;    0;-;    1;-;    0;-;   18;-;   35;-;   26;-;    2;-;  125;-;  102;-;   23;-;    0;-;    0;-;    1;-;   21;-;   50;-;   36;-;    0;-
4607;5027;05;A;  52;101027; 3;w;05;  838;-;  347;-;  128;-;   84;-;  706;-;  660;-;   44;-;    2;-;    1;-;    7;-;   39;-;   82;-;   61;-;    3;-;  261;-;  218;-;   43;-;    0;-;    0;-;    0;-;   29;-;   55;-;   39;-;    2;-
4607;5027;05;A;  52;101027; 3;w;06; 2448;-;  750;-;  181;-;  135;-; 2241;-; 2158;-;   76;-;    7;-;    2;-;    3;-;   57;-;  121;-;  100;-;   24;-;  614;-;  562;-;   49;-;    3;-;    1;-;    2;-;   46;-;   87;-;   67;-;    0;-
4607;5027;05;A;  52;101027; 3;w;07; 4876;-; 1970;-;  219;-;  179;-; 4595;-; 4360;-;  211;-;   24;-;   19;-;    5;-;   93;-;  121;-;   89;-;   43;-; 1779;-; 1671;-;  105;-;    3;-;    8;-;    2;-;   68;-;  109;-;   92;-;    4;-
4607;5027;05;A;  52;101027; 3;w;08; 5736;-; 3670;-;  238;-;  203;-; 5468;-; 5263;-;  200;-;    5;-;   14;-;   13;-;  106;-;  119;-;   89;-;   16;-; 3441;-; 3310;-;  130;-;    1;-;   11;-;    5;-;   82;-;  116;-;   91;-;   15;-
4607;5027;05;A;  52;101027; 3;w;09; 5693;-; 3989;-;  227;-;  214;-; 5403;-; 5215;-;  181;-;    7;-;   14;-;   13;-;  105;-;  109;-;   83;-;   49;-; 3753;-; 3601;-;  147;-;    5;-;    9;-;    8;-;  103;-;  103;-;   70;-;   13;-
4607;5027;05;A;  52;101027; 3;w;10; 5237;-; 3048;-;  300;-;  255;-; 4862;-; 4722;-;  134;-;    6;-;   19;-;   24;-;  115;-;  161;-;  125;-;   56;-; 2776;-; 2586;-;  190;-;    0;-;   12;-;   10;-;  112;-;  133;-;  100;-;    5;-
4607;5027;05;A;  52;101027; 3;w;11; 4103;-; 2468;-;  268;-;  274;-; 3792;-; 3588;-;  194;-;   10;-;   11;-;   16;-;   97;-;  155;-;  122;-;   32;-; 2177;-; 2005;-;  171;-;    1;-;    9;-;   19;-;   99;-;  156;-;  120;-;    8;-
4607;5027;05;A;  52;101027; 3;w;12; 3255;-; 2559;-;  304;-;  265;-; 2898;-; 2698;-;  193;-;    7;-;   14;-;   11;-;  104;-;  189;-;  154;-;   39;-; 2271;-; 2078;-;  191;-;    2;-;   16;-;    8;-;   89;-;  168;-;  140;-;    7;-
4607;5027;05;A;  52;101027; 3;w;13; 3117;-; 3054;-;  267;-;  284;-; 2812;-; 2612;-;  187;-;   13;-;   17;-;    4;-;   99;-;  164;-;  121;-;   21;-; 2756;-; 2516;-;  237;-;    3;-;   10;-;    5;-;  111;-;  168;-;  130;-;    4;-
4607;5027;05;A;  52;101027; 3;w;14; 3316;-; 3487;-;  246;-;  245;-; 3033;-; 2842;-;  187;-;    4;-;   11;-;    6;-;  103;-;  137;-;  111;-;   26;-; 3215;-; 3024;-;  186;-;    5;-;   18;-;    6;-;   89;-;  150;-;  123;-;    9;-
4607;5027;05;A;  52;101027; 3;w;15; 3106;-; 3904;-;  248;-;  252;-; 2825;-; 2648;-;  172;-;    5;-;   21;-;    2;-;   92;-;  154;-;  122;-;   12;-; 3605;-; 3395;-;  203;-;    7;-;   17;-;    4;-;  105;-;  143;-;  107;-;   30;-
4607;5027;05;A;  52;101027; 3;w;16; 3334;-; 4099;-;  222;-;  222;-; 3076;-; 2857;-;  211;-;    8;-;   13;-;    3;-;   75;-;  144;-;  112;-;   23;-; 3811;-; 3653;-;  151;-;    7;-;   28;-;    4;-;   78;-;  140;-;  111;-;   38;-
4607;5027;05;A;  52;101027; 3;w;17; 3668;-; 4164;-;  183;-;  196;-; 3437;-; 3222;-;  209;-;    6;-;   13;-;    5;-;   75;-;  103;-;   75;-;   35;-; 3876;-; 3693;-;  178;-;    5;-;   37;-;    2;-;   81;-;  113;-;   89;-;   55;-
4607;5027;05;A;  52;101027; 3;w;18; 3919;-; 4284;-;  156;-;  137;-; 3718;-; 3557;-;  157;-;    4;-;    9;-;   15;-;   52;-;   89;-;   70;-;   36;-; 4090;-; 3976;-;  110;-;    4;-;   22;-;    6;-;   44;-;   87;-;   67;-;   35;-
4607;5027;05;A;  52;101027; 3;w;19; 3800;-; 4339;-;  115;-;  121;-; 3654;-; 3522;-;  124;-;    8;-;    7;-;   14;-;   27;-;   74;-;   60;-;   24;-; 4167;-; 4045;-;  118;-;    4;-;   17;-;    6;-;   32;-;   83;-;   67;-;   34;-
4607;5027;05;A;  52;101027; 3;w;20; 2506;-; 4293;-;   78;-;  127;-; 2391;-; 2278;-;  110;-;    3;-;    9;-;    2;-;   14;-;   62;-;   46;-;   28;-; 4124;-; 4023;-;   98;-;    3;-;   17;-;   24;-;   24;-;   79;-;   66;-;   25;-
4607;5027;05;A;  52;101027; 3;w;21; 1704;-; 2523;-;   63;-;   76;-; 1622;-; 1537;-;   83;-;    2;-;    6;-;    5;-;   16;-;   42;-;   32;-;   13;-; 2422;-; 2331;-;   89;-;    2;-;   11;-;   12;-;   13;-;   51;-;   38;-;   14;-
4607;5027;05;A;  52;101027; 3;w;22; 1401;-; 1995;-;   67;-;   63;-; 1321;-; 1251;-;   67;-;    3;-;    1;-;    3;-;   22;-;   42;-;   29;-;   12;-; 1925;-; 1848;-;   72;-;    5;-;    5;-;    5;-;   16;-;   42;-;   29;-;    2;-
4607;5027;05;A;  52;101027; 3;w;23; 1018;-; 1775;-;   40;-;   59;-;  969;-;  895;-;   70;-;    4;-;    1;-;    1;-;    4;-;   35;-;   32;-;    8;-; 1706;-; 1646;-;   54;-;    6;-;    2;-;    2;-;   12;-;   45;-;   32;-;    8;-
4607;5027;05;A;  52;101027; 3;w;24;  555;-; 1235;-;   33;-;   44;-;  522;-;  485;-;   37;-;    0;-;    0;-;    1;-;    9;-;   23;-;   17;-;    0;-; 1183;-; 1117;-;   65;-;    1;-;    2;-;    5;-;    7;-;   32;-;   23;-;    6;-
4607;5027;05;A;  52;101028; 4;w;01;  328;-;  843;-;   47;-;   43;-;  279;-;  263;-;   16;-;    0;-;    1;-;    0;-;   11;-;   36;-;   28;-;    1;-;  796;-;  774;-;   21;-;    1;-;    2;-;    5;-;    8;-;   30;-;   20;-;    2;-
4607;5027;05;A;  52;101028; 4;w;02;  172;-;  258;-;   43;-;   39;-;  127;-;  108;-;   19;-;    0;-;    1;-;    1;-;    8;-;   34;-;   23;-;    1;-;  218;-;  191;-;   27;-;    0;-;    0;-;    0;-;    7;-;   32;-;   23;-;    1;-
4607;5027;05;A;  52;101028; 4;w;03;  151;-;  148;-;   51;-;   36;-;   99;-;   87;-;   11;-;    1;-;    0;-;    4;-;   10;-;   37;-;   26;-;    1;-;  109;-;   92;-;   17;-;    0;-;    0;-;    0;-;   10;-;   26;-;   18;-;    3;-
4607;5027;05;A;  52;101028; 4;w;04;  370;-;  198;-;   82;-;   61;-;  285;-;  260;-;   25;-;    0;-;    1;-;    1;-;   23;-;   58;-;   37;-;    2;-;  134;-;  113;-;   21;-;    0;-;    1;-;    0;-;   24;-;   37;-;   27;-;    2;-
4607;5027;05;A;  52;101028; 4;w;05;  858;-;  390;-;  116;-;   95;-;  733;-;  702;-;   30;-;    1;-;    3;-;    7;-;   35;-;   74;-;   47;-;    6;-;  294;-;  255;-;   37;-;    2;-;    1;-;    1;-;   39;-;   55;-;   46;-;    0;-
4607;5027;05;A;  52;101028; 4;w;06; 2604;-;  830;-;  195;-;  131;-; 2395;-; 2295;-;   95;-;    5;-;    3;-;    4;-;   66;-;  125;-;   96;-;   11;-;  695;-;  632;-;   60;-;    3;-;    3;-;    2;-;   33;-;   96;-;   69;-;    1;-
4607;5027;05;A;  52;101028; 4;w;07; 4980;-; 1950;-;  231;-;  133;-; 4718;-; 4468;-;  233;-;   17;-;   20;-;    6;-;   83;-;  142;-;   97;-;   11;-; 1804;-; 1671;-;  130;-;    3;-;    6;-;    1;-;   58;-;   74;-;   58;-;    7;-
4607;5027;05;A;  52;101028; 4;w;08; 6397;-; 3679;-;  260;-;  207;-; 6081;-; 5827;-;  244;-;   10;-;   20;-;   14;-;  104;-;  142;-;  105;-;   36;-; 3448;-; 3302;-;  143;-;    3;-;   14;-;    5;-;   90;-;  112;-;   80;-;   10;-
4607;5027;05;A;  52;101028; 4;w;09; 5933;-; 3239;-;  248;-;  163;-; 5631;-; 5441;-;  182;-;    8;-;   26;-;   19;-;   97;-;  132;-;   99;-;   28;-; 2874;-; 2756;-;  118;-;    0;-;   20;-;    4;-;   70;-;   89;-;   66;-;  182;-
4607;5027;05;A;  52;101028; 4;w;10; 5631;-; 2907;-;  269;-;  270;-; 5272;-; 5075;-;  193;-;    4;-;   25;-;   27;-;   94;-;  148;-;  125;-;   65;-; 2486;-; 2349;-;  133;-;    4;-;   17;-;   15;-;   91;-;  164;-;  120;-;  134;-
4607;5027;05;A;  52;101028; 4;w;11; 3789;-; 2167;-;  267;-;  221;-; 3386;-; 3248;-;  137;-;    1;-;   24;-;   17;-;   85;-;  165;-;  121;-;  112;-; 1929;-; 1732;-;  196;-;    1;-;   14;-;    9;-;   71;-;  141;-;  116;-;    3;-
4607;5027;05;A;  52;101028; 4;w;12; 3085;-; 2499;-;  285;-;  272;-; 2726;-; 2561;-;  163;-;    2;-;   17;-;    9;-;   95;-;  181;-;  144;-;   57;-; 2207;-; 2011;-;  195;-;    1;-;   14;-;   11;-;   87;-;  174;-;  140;-;    6;-
4607;5027;05;A;  52;101028; 4;w;13; 2996;-; 3129;-;  225;-;  251;-; 2746;-; 2559;-;  181;-;    6;-;   12;-;    5;-;   83;-;  137;-;  106;-;   13;-; 2851;-; 2641;-;  206;-;    4;-;   19;-;    6;-;   87;-;  158;-;  131;-;    8;-
4607;5027;05;A;  52;101028; 4;w;14; 3139;-; 3623;-;  216;-;  284;-; 2889;-; 2698;-;  184;-;    7;-;   16;-;    5;-;   67;-;  144;-;  116;-;   18;-; 3312;-; 3096;-;  209;-;    7;-;   19;-;   11;-;   93;-;  180;-;  132;-;    8;-
4607;5027;05;A;  52;101028; 4;w;15; 2927;-; 3955;-;  246;-;  280;-; 2653;-; 2461;-;  184;-;    8;-;   14;-;    2;-;   89;-;  155;-;  112;-;   14;-; 3625;-; 3444;-;  175;-;    6;-;   27;-;    4;-;  115;-;  161;-;  129;-;   23;-
4607;5027;05;A;  52;101028; 4;w;16; 3185;-; 4145;-;  182;-;  239;-; 2968;-; 2746;-;  214;-;    8;-;   14;-;    2;-;   79;-;  101;-;   86;-;   21;-; 3850;-; 3701;-;  148;-;    1;-;   27;-;    3;-;   78;-;  158;-;  120;-;   29;-
4607;5027;05;A;  52;101028; 4;w;17; 3577;-; 4441;-;  195;-;  184;-; 3353;-; 3156;-;  186;-;   11;-;    9;-;    8;-;   72;-;  115;-;   96;-;   20;-; 4173;-; 3999;-;  166;-;    8;-;   37;-;    9;-;   60;-;  115;-;   90;-;   47;-
4607;5027;05;A;  52;101028; 4;w;18; 3711;-; 4507;-;  158;-;  139;-; 3514;-; 3339;-;  162;-;   13;-;   16;-;   19;-;   46;-;   93;-;   75;-;   23;-; 4291;-; 4136;-;  143;-;   12;-;   30;-;    9;-;   52;-;   78;-;   61;-;   47;-
4607;5027;05;A;  52;101028; 4;w;19; 3482;-; 4485;-;  120;-;  110;-; 3333;-; 3196;-;  129;-;    8;-;    9;-;    9;-;   32;-;   79;-;   62;-;   20;-; 4307;-; 4192;-;  112;-;    3;-;   23;-;   11;-;   33;-;   66;-;   48;-;   45;-
4607;5027;05;A;  52;101028; 4;w;20; 2573;-; 4346;-;  103;-;  129;-; 2443;-; 2321;-;  117;-;    5;-;    6;-;    4;-;   35;-;   64;-;   49;-;   21;-; 4188;-; 4070;-;  114;-;    4;-;   13;-;   27;-;   27;-;   75;-;   58;-;   16;-
4607;5027;05;A;  52;101028; 4;w;21; 1687;-; 2687;-;   67;-;   72;-; 1600;-; 1504;-;   92;-;    4;-;    4;-;    3;-;   17;-;   47;-;   37;-;   16;-; 2603;-; 2494;-;  103;-;    6;-;    8;-;   10;-;   13;-;   49;-;   34;-;    4;-
4607;5027;05;A;  52;101028; 4;w;22; 1388;-; 1979;-;   62;-;   72;-; 1314;-; 1233;-;   79;-;    2;-;    3;-;    3;-;   16;-;   43;-;   26;-;    9;-; 1898;-; 1804;-;   85;-;    9;-;    5;-;    6;-;   14;-;   52;-;   34;-;    4;-
4607;5027;05;A;  52;101028; 4;w;23; 1118;-; 1845;-;   52;-;   55;-; 1057;-;  975;-;   80;-;    2;-;    1;-;    1;-;   13;-;   38;-;   30;-;    8;-; 1782;-; 1721;-;   60;-;    1;-;    3;-;    3;-;   14;-;   38;-;   28;-;    5;-
4607;5027;05;A;  52;101028; 4;w;24;  700;-; 1378;-;   52;-;   52;-;  639;-;  557;-;   80;-;    2;-;    2;-;    3;-;   12;-;   37;-;   28;-;    7;-; 1323;-; 1261;-;   61;-;    1;-;    1;-;    4;-;   12;-;   36;-;   22;-;    2;-
4607;5027;05;A;  52;101029; 5;w;01;  361;-;  615;-;   34;-;   45;-;  324;-;  266;-;   58;-;    0;-;    1;-;    0;-;    9;-;   25;-;   20;-;    2;-;  570;-;  530;-;   38;-;    2;-;    0;-;    5;-;    8;-;   32;-;   21;-;    0;-
4607;5027;05;A;  52;101029; 5;w;02;  192;-;  266;-;   45;-;   37;-;  142;-;  124;-;   17;-;    1;-;    2;-;    1;-;    9;-;   35;-;   27;-;    3;-;  225;-;  191;-;   33;-;    1;-;    1;-;    1;-;    6;-;   30;-;   22;-;    3;-
4607;5027;05;A;  52;101029; 5;w;03;  164;-;  203;-;   52;-;   55;-;  110;-;   91;-;   19;-;    0;-;    0;-;    1;-;   10;-;   41;-;   27;-;    2;-;  146;-;  121;-;   25;-;    0;-;    1;-;    0;-;   11;-;   44;-;   26;-;    1;-
4607;5027;05;A;  52;101029; 5;w;04;  415;-;  244;-;   75;-;   51;-;  335;-;  303;-;   32;-;    0;-;    1;-;    2;-;   19;-;   54;-;   36;-;    4;-;  191;-;  159;-;   31;-;    1;-;    1;-;    1;-;   16;-;   34;-;   24;-;    1;-
4607;5027;05;A;  52;101029; 5;w;05;  946;-;  400;-;  113;-;   91;-;  826;-;  771;-;   51;-;    4;-;    3;-;    6;-;   39;-;   68;-;   54;-;    4;-;  309;-;  268;-;   41;-;    0;-;    0;-;    2;-;   37;-;   52;-;   45;-;    0;-
4607;5027;05;A;  52;101029; 5;w;06; 2394;-;  835;-;  186;-;  120;-; 2190;-; 2097;-;   84;-;    9;-;    4;-;    3;-;   66;-;  117;-;   91;-;   14;-;  708;-;  654;-;   51;-;    3;-;    5;-;    2;-;   32;-;   86;-;   57;-;    2;-
4607;5027;05;A;  52;101029; 5;w;07; 5000;-; 1958;-;  234;-;  176;-; 4698;-; 4428;-;  246;-;   24;-;   12;-;    8;-;   98;-;  128;-;   97;-;   56;-; 1767;-; 1653;-;  107;-;    7;-;    7;-;    4;-;   76;-;   96;-;   70;-;    8;-
4607;5027;05;A;  52;101029; 5;w;08; 6221;-; 3619;-;  272;-;  195;-; 5892;-; 5624;-;  248;-;   20;-;   24;-;   18;-;  130;-;  124;-;   94;-;   33;-; 3390;-; 3218;-;  167;-;    5;-;   17;-;    7;-;   86;-;  102;-;   79;-;   17;-
4607;5027;05;A;  52;101029; 5;w;09; 6148;-; 3712;-;  283;-;  251;-; 5813;-; 5609;-;  194;-;   10;-;   25;-;   32;-;  129;-;  122;-;   94;-;   27;-; 3434;-; 3234;-;  193;-;    7;-;   10;-;   13;-;  107;-;  131;-;  105;-;   17;-
4607;5027;05;A;  52;101029; 5;w;10; 4745;-; 2758;-;  287;-;  283;-; 4405;-; 4194;-;  202;-;    9;-;   19;-;   31;-;   96;-;  160;-;  120;-;   34;-; 2459;-; 2249;-;  205;-;    5;-;   12;-;   17;-;  106;-;  160;-;  121;-;    4;-
4607;5027;05;A;  52;101029; 5;w;11; 3563;-; 2627;-;  272;-;  268;-; 3246;-; 3035;-;  202;-;    9;-;   18;-;    4;-;  108;-;  160;-;  127;-;   27;-; 2338;-; 2112;-;  221;-;    5;-;   13;-;    8;-;  120;-;  140;-;  115;-;    8;-
4607;5027;05;A;  52;101029; 5;w;12; 3047;-; 2971;-;  237;-;  273;-; 2777;-; 2552;-;  214;-;   11;-;   16;-;    7;-;   89;-;  141;-;  108;-;   17;-; 2669;-; 2478;-;  182;-;    9;-;   19;-;    6;-;  115;-;  152;-;  120;-;   10;-
4607;5027;05;A;  52;101029; 5;w;13; 3263;-; 3691;-;  234;-;  265;-; 2995;-; 2801;-;  183;-;   11;-;   14;-;    8;-;   72;-;  154;-;  117;-;   20;-; 3398;-; 3166;-;  226;-;    6;-;   22;-;    5;-;   98;-;  162;-;  124;-;    6;-
4607;5027;05;A;  52;101029; 5;w;14; 3593;-; 3949;-;  250;-;  235;-; 3301;-; 3119;-;  173;-;    9;-;   19;-;    4;-;   81;-;  165;-;  130;-;   23;-; 3647;-; 3474;-;  164;-;    9;-;   26;-;    6;-;   94;-;  135;-;  103;-;   41;-
4607;5027;05;A;  52;101029; 5;w;15; 3631;-; 4134;-;  239;-;  249;-; 3340;-; 3120;-;  211;-;    9;-;   26;-;    1;-;   98;-;  140;-;  112;-;   26;-; 3821;-; 3637;-;  169;-;   15;-;   34;-;    4;-;   97;-;  148;-;  115;-;   30;-
4607;5027;05;A;  52;101029; 5;w;16; 3608;-; 4302;-;  197;-;  212;-; 3364;-; 3140;-;  209;-;   15;-;   20;-;    9;-;   65;-;  123;-;   88;-;   27;-; 4034;-; 3880;-;  143;-;   11;-;   21;-;    6;-;   72;-;  134;-;  102;-;   35;-
4607;5027;05;A;  52;101029; 5;w;17; 3410;-; 4548;-;  138;-;  187;-; 3242;-; 3071;-;  154;-;   17;-;   13;-;    6;-;   51;-;   81;-;   67;-;   17;-; 4309;-; 4148;-;  148;-;   13;-;   19;-;    3;-;   64;-;  120;-;   91;-;   33;-
4607;5027;05;A;  52;101029; 5;w;18; 3544;-; 4499;-;  143;-;  162;-; 3369;-; 3187;-;  169;-;   13;-;   10;-;   13;-;   49;-;   81;-;   61;-;   22;-; 4288;-; 4163;-;  107;-;   18;-;   34;-;   10;-;   47;-;  105;-;   82;-;   15;-
4607;5027;05;A;  52;101029; 5;w;19; 3411;-; 4356;-;  119;-;  124;-; 3254;-; 3128;-;  114;-;   12;-;   10;-;    8;-;   41;-;   70;-;   51;-;   28;-; 4186;-; 4065;-;  112;-;    9;-;   21;-;   10;-;   40;-;   74;-;   61;-;   25;-
4607;5027;05;A;  52;101029; 5;w;20; 2789;-; 3924;-;   87;-;  112;-; 2672;-; 2547;-;  121;-;    4;-;    8;-;    6;-;   24;-;   57;-;   45;-;   22;-; 3771;-; 3635;-;  123;-;   13;-;   18;-;   24;-;   26;-;   62;-;   50;-;   23;-
4607;5027;05;A;  52;101029; 5;w;21; 2185;-; 2585;-;   69;-;   87;-; 2098;-; 1986;-;  103;-;    9;-;    5;-;    4;-;   27;-;   38;-;   29;-;   13;-; 2487;-; 2407;-;   77;-;    3;-;    9;-;   10;-;   22;-;   55;-;   39;-;    2;-
4607;5027;05;A;  52;101029; 5;w;22; 1703;-; 1983;-;   59;-;   73;-; 1627;-; 1538;-;   85;-;    4;-;    4;-;    5;-;   20;-;   34;-;   26;-;   13;-; 1904;-; 1814;-;   80;-;   10;-;    3;-;    2;-;   10;-;   61;-;   36;-;    3;-
4607;5027;05;A;  52;101029; 5;w;23; 1580;-; 1940;-;   62;-;   54;-; 1505;-; 1407;-;   93;-;    5;-;    3;-;    5;-;   14;-;   43;-;   33;-;   10;-; 1875;-; 1806;-;   62;-;    7;-;    4;-;    5;-;   14;-;   35;-;   24;-;    7;-
4607;5027;05;A;  52;101029; 5;w;24; 1042;-; 1805;-;   35;-;   55;-;  983;-;  907;-;   74;-;    2;-;    5;-;    6;-;    7;-;   22;-;   15;-;   19;-; 1745;-; 1664;-;   79;-;    2;-;    3;-;   13;-;    6;-;   36;-;   25;-;    2;-
4607;5027;05;A;  52;101030; 6;u;01;  821;-;  918;-;   41;-;   54;-;  775;-;  723;-;   51;-;    1;-;    1;-;    6;-;   11;-;   24;-;   18;-;    4;-;  859;-;  808;-;   49;-;    2;-;    3;-;    8;-;   10;-;   36;-;   24;-;    2;-
4607;5027;05;A;  52;101030; 6;u;02;  479;-;  487;-;   41;-;   28;-;  435;-;  393;-;   41;-;    1;-;    1;-;    0;-;   11;-;   30;-;   20;-;    2;-;  459;-;  422;-;   37;-;    0;-;    0;-;    1;-;    5;-;   22;-;   16;-;    0;-
4607;5027;05;A;  52;101030; 6;u;03;  338;-;  311;-;   40;-;   30;-;  291;-;  265;-;   26;-;    0;-;    2;-;    0;-;   12;-;   28;-;   20;-;    5;-;  278;-;  256;-;   22;-;    0;-;    0;-;    0;-;    7;-;   23;-;   18;-;    3;-
4607;5027;05;A;  52;101030; 6;u;04;  440;-;  343;-;   43;-;   41;-;  395;-;  360;-;   34;-;    1;-;    1;-;    2;-;   18;-;   23;-;   17;-;    1;-;  300;-;  270;-;   30;-;    0;-;    1;-;    1;-;   13;-;   27;-;   19;-;    1;-
4607;5027;05;A;  52;101030; 6;u;05;  675;-;  438;-;   62;-;   69;-;  606;-;  553;-;   52;-;    1;-;    2;-;    4;-;   25;-;   33;-;   25;-;    5;-;  367;-;  321;-;   46;-;    0;-;    2;-;    0;-;   38;-;   31;-;   24;-;    0;-
4607;5027;05;A;  52;101030; 6;u;06; 1190;-;  562;-;   73;-;   37;-; 1103;-; 1027;-;   73;-;    3;-;    6;-;    5;-;   27;-;   41;-;   31;-;    8;-;  516;-;  456;-;   60;-;    0;-;    7;-;    1;-;   22;-;   14;-;    6;-;    2;-
4607;5027;05;A;  52;101030; 6;u;07; 1215;-;  828;-;   95;-;   64;-; 1103;-;  973;-;  127;-;    3;-;    9;-;    9;-;   43;-;   43;-;   39;-;    8;-;  751;-;  677;-;   73;-;    1;-;    8;-;    4;-;   23;-;   37;-;   23;-;    5;-
4607;5027;05;A;  52;101030; 6;u;08; 1558;-; 1219;-;   82;-;   59;-; 1443;-; 1288;-;  151;-;    4;-;   23;-;   15;-;   35;-;   32;-;   23;-;   10;-; 1148;-; 1053;-;   94;-;    1;-;   10;-;    2;-;   25;-;   32;-;   25;-;    2;-
4607;5027;05;A;  52;101030; 6;u;09; 2714;-; 1649;-;  110;-;   67;-; 2576;-; 2363;-;  204;-;    9;-;   16;-;   31;-;   33;-;   46;-;   33;-;   12;-; 1567;-; 1458;-;  104;-;    5;-;   14;-;    9;-;   26;-;   32;-;   26;-;    1;-
4607;5027;05;A;  52;101030; 6;u;10; 3523;-; 2126;-;  133;-;   98;-; 3348;-; 3178;-;  162;-;    8;-;   20;-;   49;-;   51;-;   33;-;   24;-;   22;-; 2007;-; 1895;-;  111;-;    1;-;   16;-;   22;-;   44;-;   32;-;   29;-;    5;-
4607;5027;05;A;  52;101030; 6;u;11; 3293;-; 2432;-;   80;-;   74;-; 3148;-; 3001;-;  137;-;   10;-;   32;-;    9;-;   39;-;   32;-;   29;-;   33;-; 2334;-; 2199;-;  130;-;    5;-;   18;-;   13;-;   27;-;   34;-;   28;-;    6;-
4607;5027;05;A;  52;101030; 6;u;12; 3139;-; 2759;-;   66;-;   57;-; 3039;-; 2889;-;  137;-;   13;-;   17;-;    7;-;   33;-;   26;-;   20;-;   17;-; 2673;-; 2536;-;  128;-;    9;-;   20;-;    3;-;   27;-;   27;-;   22;-;    9;-
4607;5027;05;A;  52;101030; 6;u;13; 3306;-; 3032;-;   41;-;   57;-; 3201;-; 3056;-;  126;-;   19;-;   21;-;    3;-;   23;-;   15;-;   14;-;   43;-; 2943;-; 2810;-;  121;-;   12;-;   26;-;    4;-;   34;-;   19;-;   17;-;    6;-
4607;5027;05;A;  52;101030; 6;u;14; 3486;-; 3417;-;   56;-;   57;-; 3381;-; 3232;-;  140;-;    9;-;   21;-;    5;-;   22;-;   29;-;   23;-;   28;-; 3330;-; 3208;-;  115;-;    7;-;   21;-;    6;-;   26;-;   25;-;   21;-;    9;-
4607;5027;05;A;  52;101030; 6;u;15; 3218;-; 3739;-;   39;-;   58;-; 3141;-; 2980;-;  153;-;    8;-;   21;-;    4;-;   16;-;   19;-;   15;-;   17;-; 3623;-; 3496;-;  116;-;   11;-;   25;-;    4;-;   26;-;   28;-;   23;-;   33;-
4607;5027;05;A;  52;101030; 6;u;16; 3006;-; 3494;-;   31;-;   57;-; 2941;-; 2797;-;  131;-;   13;-;   17;-;    4;-;   13;-;   14;-;   11;-;   17;-; 3388;-; 3293;-;   84;-;   11;-;   21;-;    6;-;   25;-;   26;-;   22;-;   28;-
4607;5027;05;A;  52;101030; 6;u;17; 2764;-; 3268;-;   41;-;   44;-; 2679;-; 2546;-;  121;-;   12;-;   18;-;   11;-;   17;-;   13;-;   11;-;   26;-; 3211;-; 3112;-;   95;-;    4;-;    9;-;   10;-;   23;-;   11;-;   10;-;    4;-
4607;5027;05;A;  52;101030; 6;u;18; 3043;-; 3083;-;   40;-;   42;-; 2974;-; 2844;-;  125;-;    5;-;   11;-;   13;-;   17;-;   10;-;   10;-;   18;-; 3018;-; 2912;-;  101;-;    5;-;   14;-;   17;-;   15;-;   10;-;    8;-;    9;-
4607;5027;05;A;  52;101030; 6;u;19; 2832;-; 2991;-;   39;-;   41;-; 2764;-; 2659;-;  103;-;    2;-;   11;-;   12;-;   13;-;   14;-;   13;-;   18;-; 2921;-; 2833;-;   86;-;    2;-;   22;-;   22;-;    7;-;   12;-;    9;-;    7;-
4607;5027;05;A;  52;101030; 6;u;20; 2155;-; 2817;-;   18;-;   56;-; 2107;-; 2020;-;   84;-;    3;-;    8;-;    4;-;    8;-;    6;-;    5;-;   22;-; 2747;-; 2647;-;   94;-;    6;-;   11;-;   29;-;   12;-;   15;-;   10;-;    3;-
4607;5027;05;A;  52;101030; 6;u;21; 1677;-; 1698;-;   19;-;   23;-; 1640;-; 1567;-;   73;-;    0;-;    5;-;    2;-;    7;-;   10;-;    7;-;   13;-; 1662;-; 1591;-;   65;-;    6;-;   10;-;   12;-;    7;-;    4;-;    3;-;    3;-
4607;5027;05;A;  52;101030; 6;u;22; 1561;-; 1283;-;   11;-;   15;-; 1517;-; 1418;-;   90;-;    9;-;    6;-;    4;-;    3;-;    4;-;    4;-;   27;-; 1261;-; 1209;-;   49;-;    3;-;    3;-;    3;-;    7;-;    5;-;    5;-;    4;-
4607;5027;05;A;  52;101030; 6;u;23; 1544;-; 1565;-;   13;-;    8;-; 1520;-; 1443;-;   71;-;    6;-;    1;-;    6;-;    6;-;    1;-;    1;-;   10;-; 1553;-; 1475;-;   75;-;    3;-;    3;-;    4;-;    1;-;    3;-;    3;-;    1;-
4607;5027;05;A;  52;101030; 6;u;24; 1304;-; 1541;-;   10;-;    7;-; 1282;-; 1222;-;   60;-;    0;-;    3;-;    2;-;    5;-;    3;-;    3;-;    9;-; 1530;-; 1466;-;   63;-;    1;-;    1;-;    4;-;    2;-;    1;-;    1;-;    3;-
4607;5027;05;A;  52;101031; 7;s;01;  902;-; 1035;-;    6;-;    7;-;  887;-;  845;-;   38;-;    4;-;    1;-;    2;-;    4;-;    0;-;    0;-;    8;-; 1024;-;  990;-;   34;-;    0;-;    3;-;    5;-;    2;-;    0;-;    0;-;    1;-
4607;5027;05;A;  52;101031; 7;s;02;  646;-;  648;-;    6;-;    2;-;  636;-;  590;-;   43;-;    3;-;    0;-;    2;-;    3;-;    1;-;    1;-;    4;-;  642;-;  608;-;   30;-;    4;-;    0;-;    0;-;    1;-;    1;-;    1;-;    4;-
4607;5027;05;A;  52;101031; 7;s;03;  367;z;  391;z;   12;z;    4;z;  354;z;  334;z;   20;z;    0;z;    0;z;    0;z;    6;z;    6;z;    5;z;    1;z;  386;z;  364;z;   22;z;    0;z;    1;z;    2;z;    2;z;    0;z;    0;z;    0;z
4607;5027;05;A;  52;101031; 7;s;04;  456;-;  348;-;    4;-;    5;-;  452;-;  418;-;   32;-;    2;-;    0;-;    3;-;    1;-;    0;-;    0;-;    0;-;  343;-;  312;-;   31;-;    0;-;    0;-;    0;-;    4;-;    1;-;    1;-;    0;-
4607;5027;05;A;  52;101031; 7;s;05;  545;-;  418;-;    6;-;   10;-;  535;-;  505;-;   30;-;    0;-;    2;-;    2;-;    2;-;    2;-;    1;-;    2;-;  405;-;  374;-;   31;-;    0;-;    2;-;    4;-;    5;-;    1;-;    1;-;    1;-
4607;5027;05;A;  52;101031; 7;s;06;  717;-;  375;-;   10;-;    6;-;  701;-;  653;-;   47;-;    1;-;    4;-;    3;-;    5;-;    2;-;    1;-;    2;-;  368;-;  342;-;   26;-;    0;-;    1;-;    1;-;    1;-;    4;-;    4;-;    0;-
4607;5027;05;A;  52;101031; 7;s;07;  547;-;  445;-;   23;-;   14;-;  512;-;  471;-;   40;-;    1;-;    7;-;    4;-;   12;-;    7;-;    6;-;    5;-;  428;-;  398;-;   30;-;    0;-;    3;-;    4;-;    8;-;    2;-;    2;-;    0;-
4607;5027;05;A;  52;101031; 7;s;08;  759;-;  560;-;   20;-;   14;-;  723;-;  647;-;   72;-;    4;-;   11;-;    6;-;   10;-;    4;-;    3;-;    5;-;  537;-;  507;-;   29;-;    1;-;    8;-;    4;-;    2;-;    8;-;    6;-;    1;-
4607;5027;05;A;  52;101031; 7;s;09; 1536;-;  774;-;   48;-;   15;-; 1458;-; 1367;-;   89;-;    2;-;   11;-;   26;-;   19;-;    3;-;    3;-;   19;-;  754;-;  710;-;   44;-;    0;-;    4;-;    8;-;    3;-;    4;-;    3;-;    1;-
4607;5027;05;A;  52;101031; 7;s;10; 2339;-; 1472;-;   43;-;   30;-; 2238;-; 2109;-;  126;-;    3;-;   27;-;   15;-;   14;-;   14;-;   13;-;   31;-; 1430;-; 1368;-;   62;-;    0;-;   10;-;   17;-;    9;-;    4;-;    4;-;    2;-
4607;5027;05;A;  52;101031; 7;s;11; 2233;-; 1814;-;   21;-;   22;-; 2186;-; 2108;-;   74;-;    4;-;   12;-;    8;-;    9;-;    4;-;    3;-;   14;-; 1784;-; 1721;-;   59;-;    4;-;    3;-;    9;-;    8;-;    5;-;    4;-;    5;-
4607;5027;05;A;  52;101031; 7;s;12; 2369;-; 2093;-;   16;-;   11;-; 2327;-; 2236;-;   89;-;    2;-;   12;-;    3;-;    9;-;    4;-;    4;-;   14;-; 2069;-; 2003;-;   63;-;    3;-;   10;-;    3;-;    5;-;    3;-;    1;-;    3;-
4607;5027;05;A;  52;101031; 7;s;13; 2898;-; 2279;-;   14;-;   13;-; 2862;-; 2759;-;   94;-;    9;-;    5;-;    2;-;    9;-;    3;-;    0;-;   17;-; 2242;-; 2166;-;   73;-;    3;-;   15;-;    2;-;    7;-;    4;-;    3;-;    9;-
4607;5027;05;A;  52;101031; 7;s;14; 3124;-; 2554;-;   18;-;   14;-; 3073;-; 2968;-;   97;-;    8;-;   14;-;    3;-;    8;-;    7;-;    6;-;   19;-; 2523;-; 2453;-;   65;-;    5;-;   12;-;    1;-;    8;-;    5;-;    4;-;    5;-
4607;5027;05;A;  52;101031; 7;s;15; 3123;-; 2981;-;   17;-;   20;-; 3086;-; 2985;-;   92;-;    9;-;    5;-;    3;-;    8;-;    6;-;    4;-;   15;-; 2952;-; 2861;-;   85;-;    6;-;    4;-;    6;-;   10;-;    4;-;    3;-;    5;-
4607;5027;05;A;  52;101031; 7;s;16; 2829;-; 2633;-;   18;-;   11;-; 2783;-; 2691;-;   88;-;    4;-;   10;-;    5;-;    8;-;    5;-;    5;-;   18;-; 2608;-; 2528;-;   72;-;    8;-;    5;-;    2;-;    5;-;    4;-;    4;-;    9;-
4607;5027;05;A;  52;101031; 7;s;17; 2603;-; 2579;-;   25;-;   16;-; 2562;-; 2471;-;   82;-;    9;-;    7;-;    8;-;    9;-;    8;-;    7;-;    9;-; 2544;-; 2459;-;   73;-;   12;-;   13;-;    5;-;    4;-;    7;-;    5;-;    6;-
4607;5027;05;A;  52;101031; 7;s;18; 2953;-; 2967;-;   20;-;   27;-; 2899;-; 2792;-;   94;-;   13;-;   17;-;   10;-;    7;-;    3;-;    2;-;   17;-; 2910;-; 2822;-;   83;-;    5;-;   21;-;    4;-;   13;-;   10;-;    9;-;    9;-
4607;5027;05;A;  52;101031; 7;s;19; 2689;-; 3226;-;   26;-;   25;-; 2626;-; 2525;-;   95;-;    6;-;   11;-;   13;-;    8;-;    5;-;    3;-;   26;-; 3161;-; 3036;-;  120;-;    5;-;   30;-;   13;-;   10;-;    2;-;    2;-;   10;-
4607;5027;05;A;  52;101031; 7;s;20; 1906;-; 2329;-;   18;-;   50;-; 1861;-; 1779;-;   77;-;    5;-;    7;-;    5;-;    5;-;    8;-;    8;-;   20;-; 2262;-; 2156;-;   98;-;    8;-;   10;-;   31;-;   11;-;    8;-;    8;-;    7;-
4607;5027;05;A;  52;101031; 7;s;21; 1465;-; 1391;-;   13;-;   16;-; 1439;-; 1362;-;   73;-;    4;-;    3;-;    1;-;    8;-;    4;-;    3;-;   10;-; 1367;-; 1330;-;   35;-;    2;-;    2;-;    8;-;    4;-;    4;-;    4;-;    6;-
4607;5027;05;A;  52;101031; 7;s;22; 1249;-; 1076;-;   13;-;   16;-; 1221;-; 1160;-;   59;-;    2;-;    5;-;    4;-;    6;-;    3;-;    2;-;   10;-; 1052;-; 1016;-;   36;-;    0;-;    1;-;    4;-;    5;-;    7;-;    5;-;    7;-
4607;5027;05;A;  52;101031; 7;s;23; 1172;-; 1267;-;   12;-;   13;-; 1145;-; 1087;-;   56;-;    2;-;    4;-;    2;-;    7;-;    3;-;    3;-;   11;-; 1250;-; 1209;-;   40;-;    1;-;    1;-;    1;-;    1;-;   11;-;    9;-;    3;-
4607;5027;05;A;  52;101031; 7;s;24;  863;-; 1175;-;    3;-;   10;-;  854;-;  813;-;   40;-;    1;-;    2;-;    0;-;    2;-;    1;-;    1;-;    4;-; 1162;-; 1101;-;   60;-;    1;-;    2;-;    4;-;    3;-;    3;-;    1;-;    1;-
4607;5027;05;A;  52;101101; 1;s;01;  591;-;  651;-;    2;-;    7;-;  579;-;  547;-;   32;-;    0;-;    2;-;    0;-;    2;-;    0;-;    0;-;    8;-;  643;-;  617;-;   23;-;    3;-;    0;-;    4;-;    2;-;    1;-;    1;-;    1;-
4607;5027;05;A;  52;101101; 1;s;02;  354;-;  387;-;    6;-;    1;-;  345;-;  325;-;   20;-;    0;-;    1;-;    2;-;    1;-;    3;-;    3;-;    2;-;  383;-;  361;-;   22;-;    0;-;    1;-;    1;-;    0;-;    0;-;    0;-;    2;-
4607;5027;05;A;  52;101101; 1;s;03;  294;-;  360;-;    7;-;    6;-;  281;-;  259;-;   22;-;    0;-;    0;-;    2;-;    4;-;    1;-;    0;-;    6;-;  354;-;  339;-;   15;-;    0;-;    0;-;    0;-;    3;-;    3;-;    3;-;    0;-
4607;5027;05;A;  52;101101; 1;s;04;  375;-;  338;-;    6;-;    4;-;  367;-;  335;-;   32;-;    0;-;    0;-;    0;-;    1;-;    5;-;    5;-;    2;-;  333;-;  303;-;   29;-;    1;-;    0;-;    0;-;    2;-;    2;-;    2;-;    1;-
4607;5027;05;A;  52;101101; 1;s;05;  567;-;  480;-;    6;-;    7;-;  559;-;  529;-;   30;-;    0;-;    0;-;    2;-;    3;-;    1;-;    1;-;    2;-;  472;-;  440;-;   32;-;    0;-;    1;-;    3;-;    1;-;    3;-;    3;-;    0;-
4607;5027;05;A;  52;101101; 1;s;06;  914;-;  489;-;   12;-;    5;-;  898;-;  858;-;   38;-;    2;-;    2;-;    4;-;    4;-;    4;-;    4;-;    2;-;  483;-;  448;-;   35;-;    0;-;    0;-;    3;-;    1;-;    1;-;    1;-;    1;-
4607;5027;05;A;  52;101101; 1;s;07;  662;-;  578;-;   17;-;    8;-;  643;-;  590;-;   53;-;    0;-;    0;-;    6;-;    5;-;    6;-;    5;-;    2;-;  568;-;  545;-;   23;-;    0;-;    1;-;    2;-;    2;-;    4;-;    4;-;    1;-
4607;5027;05;A;  52;101101; 1;s;08;  789;-;  582;-;   32;-;   17;-;  742;-;  673;-;   68;-;    1;-;    1;-;    9;-;   12;-;   11;-;   11;-;   14;-;  560;-;  525;-;   34;-;    1;-;    3;-;    7;-;    6;-;    4;-;    3;-;    2;-
4607;5027;05;A;  52;101101; 1;s;09; 1533;-;  672;-;   33;-;   24;-; 1484;-; 1343;-;  137;-;    4;-;    0;-;   19;-;    6;-;    8;-;    8;-;   16;-;  646;-;  591;-;   53;-;    2;-;    1;-;   13;-;    4;-;    7;-;    7;-;    1;-
4607;5027;05;A;  52;101101; 1;s;10; 2359;-; 1130;-;   42;-;   41;-; 2288;-; 2149;-;  132;-;    7;-;    0;-;   19;-;   10;-;   13;-;   12;-;   29;-; 1080;-; 1001;-;   77;-;    2;-;    5;-;   24;-;    7;-;   10;-;    9;-;    4;-
4607;5027;05;A;  52;101101; 1;s;11; 1970;-; 1527;-;   20;-;   20;-; 1931;-; 1812;-;  113;-;    6;-;    5;-;    5;-;    8;-;    7;-;    7;-;   14;-; 1495;-; 1424;-;   68;-;    3;-;    8;-;    6;-;    6;-;    8;-;    8;-;    4;-
4607;5027;05;A;  52;101101; 1;s;12; 2002;-; 1740;-;   13;-;   24;-; 1961;-; 1880;-;   77;-;    4;-;   11;-;    3;-;    5;-;    5;-;    5;-;   17;-; 1705;-; 1634;-;   65;-;    6;-;    8;-;    2;-;    7;-;   15;-;   14;-;    3;-
4607;5027;05;A;  52;101101; 1;s;13; 2273;-; 2012;-;   16;-;   23;-; 2231;-; 2107;-;  114;-;   10;-;    6;-;    1;-;    9;-;    6;-;    6;-;   20;-; 1980;-; 1891;-;   85;-;    4;-;    3;-;    3;-;    6;-;   14;-;    9;-;    6;-
4607;5027;05;A;  52;101101; 1;s;14; 2475;-; 2236;-;   21;-;   15;-; 2427;-; 2324;-;   98;-;    5;-;   11;-;    1;-;   11;-;    9;-;    7;-;   16;-; 2207;-; 2128;-;   76;-;    3;-;    9;-;    2;-;    6;-;    7;-;    7;-;    5;-
4607;5027;05;A;  52;101101; 1;s;15; 2336;-; 2665;-;   20;-;   16;-; 2276;-; 2186;-;   84;-;    6;-;    6;-;    1;-;    6;-;   13;-;    9;-;   34;-; 2632;-; 2542;-;   86;-;    4;-;    8;-;    1;-;    8;-;    7;-;    5;-;    9;-
4607;5027;05;A;  52;101101; 1;s;16; 2471;-; 2390;-;   21;-;   16;-; 2425;-; 2294;-;  126;-;    5;-;   12;-;    4;-;   10;-;    7;-;    7;-;   13;-; 2354;-; 2285;-;   67;-;    2;-;    7;-;    1;-;    7;-;    8;-;    8;-;   13;-
4607;5027;05;A;  52;101101; 1;s;17; 2420;-; 2338;-;   29;-;   16;-; 2369;-; 2259;-;  103;-;    7;-;    9;-;    6;-;   10;-;   13;-;   13;-;   13;-; 2308;-; 2227;-;   78;-;    3;-;    8;-;    4;-;    5;-;    7;-;    7;-;    6;-
4607;5027;05;A;  52;101101; 1;s;18; 2826;-; 2559;-;   35;-;   23;-; 2767;-; 2654;-;  106;-;    7;-;    7;-;   11;-;   10;-;   14;-;   12;-;   17;-; 2526;-; 2453;-;   69;-;    4;-;    5;-;    3;-;   10;-;   10;-;   10;-;    5;-
4607;5027;05;A;  52;101101; 1;s;19; 2999;-; 2590;-;   45;-;   30;-; 2906;-; 2813;-;   88;-;    5;-;    7;-;   14;-;   10;-;   21;-;   21;-;   41;-; 2553;-; 2491;-;   61;-;    1;-;    3;-;    8;-;    7;-;   15;-;   14;-;    4;-
4607;5027;05;A;  52;101101; 1;s;20; 2026;-; 2480;-;   23;-;   63;-; 1981;-; 1903;-;   72;-;    6;-;    3;-;    2;-;    8;-;   13;-;   10;-;   19;-; 2410;-; 2324;-;   83;-;    3;-;    3;-;   31;-;   11;-;   21;-;   21;-;    4;-
4607;5027;05;A;  52;101101; 1;s;21; 1606;-; 1407;-;   30;-;   21;-; 1564;-; 1505;-;   55;-;    4;-;    2;-;    3;-;    8;-;   19;-;   16;-;   10;-; 1379;-; 1324;-;   51;-;    4;-;    2;-;    6;-;    3;-;   12;-;   11;-;    5;-
4607;5027;05;A;  52;101101; 1;s;22; 1439;-; 1055;-;   33;-;   25;-; 1389;-; 1326;-;   61;-;    2;-;    3;-;    4;-;    9;-;   20;-;   15;-;   14;-; 1022;-;  980;-;   42;-;    0;-;    3;-;    2;-;   11;-;   12;-;    9;-;    5;-
4607;5027;05;A;  52;101101; 1;s;23;  956;-; 1922;-;   46;-;   36;-;  903;-;  828;-;   75;-;    0;-;    2;-;    0;-;    8;-;   38;-;   30;-;    5;-; 1881;-; 1815;-;   63;-;    3;-;    1;-;    6;-;    0;-;   30;-;   22;-;    4;-
4607;5027;05;A;  52;101101; 1;s;24;  696;-; 1351;-;   49;-;   48;-;  641;-;  598;-;   43;-;    0;-;    0;-;    1;-;    4;-;   44;-;   36;-;    6;-; 1300;-; 1215;-;   82;-;    3;-;    1;-;    3;-;    8;-;   37;-;   27;-;    2;-
4607;5027;05;A;  52;101102; 2;w;01;  277;-;  324;-;   38;-;   37;-;  236;-;  213;-;   23;-;    0;-;    0;-;    0;-;    5;-;   33;-;   22;-;    3;-;  285;-;  260;-;   23;-;    2;-;    1;-;    3;-;    2;-;   32;-;   26;-;    1;-
4607;5027;05;A;  52;101102; 2;w;02;  170;-;  178;-;   41;-;   33;-;  129;-;  110;-;   18;-;    1;-;    0;-;    2;-;    9;-;   30;-;   23;-;    0;-;  145;-;  128;-;   17;-;    0;-;    0;-;    1;-;    4;-;   28;-;   17;-;    0;-
4607;5027;05;A;  52;101102; 2;w;03;  165;-;  139;-;   48;-;   42;-;  115;-;   94;-;   21;-;    0;-;    1;-;    0;-;    8;-;   40;-;   27;-;    1;-;   96;-;   78;-;   18;-;    0;-;    0;-;    0;-;   10;-;   32;-;   23;-;    1;-
4607;5027;05;A;  52;101102; 2;w;04;  361;-;  199;-;   67;-;   53;-;  290;-;  245;-;   43;-;    2;-;    1;-;    0;-;   19;-;   48;-;   28;-;    3;-;  141;-;  114;-;   27;-;    0;-;    3;-;    0;-;   14;-;   39;-;   30;-;    2;-
4607;5027;05;A;  52;101102; 2;w;05;  920;-;  369;-;  122;-;  104;-;  793;-;  751;-;   40;-;    2;-;    2;-;    5;-;   41;-;   76;-;   62;-;    3;-;  262;-;  219;-;   42;-;    1;-;    2;-;    1;-;   49;-;   54;-;   44;-;    1;-
4607;5027;05;A;  52;101102; 2;w;06; 2647;-;  947;-;  172;-;  126;-; 2460;-; 2354;-;   96;-;   10;-;    1;-;    2;-;   68;-;  102;-;   83;-;   14;-;  818;-;  750;-;   67;-;    1;-;    2;-;    3;-;   33;-;   90;-;   71;-;    1;-
4607;5027;05;A;  52;101102; 2;w;07; 4606;-; 2279;-;  210;-;  192;-; 4365;-; 4201;-;  149;-;   15;-;    5;-;    2;-;   85;-;  123;-;   91;-;   26;-; 2072;-; 1940;-;  125;-;    7;-;    7;-;    0;-;   74;-;  118;-;   97;-;    8;-
4607;5027;05;A;  52;101102; 2;w;08; 6320;-; 3894;-;  256;-;  190;-; 6025;-; 5787;-;  226;-;   12;-;   22;-;   18;-;   85;-;  153;-;  121;-;   17;-; 3681;-; 3527;-;  149;-;    5;-;   12;-;    6;-;   77;-;  107;-;   78;-;   11;-
4607;5027;05;A;  52;101102; 2;w;09; 6415;-; 3909;-;  268;-;  241;-; 6058;-; 5819;-;  227;-;   12;-;   34;-;    7;-;  121;-;  140;-;  113;-;   55;-; 3653;-; 3486;-;  162;-;    5;-;    9;-;   10;-;  106;-;  125;-;   92;-;    6;-
4607;5027;05;A;  52;101102; 2;w;10; 5696;-; 2904;-;  309;-;  235;-; 5324;-; 5058;-;  262;-;    4;-;   18;-;   25;-;  103;-;  181;-;  143;-;   45;-; 2652;-; 2432;-;  219;-;    1;-;   12;-;   15;-;   97;-;  123;-;   97;-;    5;-
4607;5027;05;A;  52;101102; 2;w;11; 4319;-; 2428;-;  275;-;  275;-; 4001;-; 3782;-;  216;-;    3;-;   22;-;   15;-;   79;-;  181;-;  141;-;   21;-; 2135;-; 1957;-;  175;-;    3;-;   15;-;   10;-;   97;-;  168;-;  125;-;    3;-
4607;5027;05;A;  52;101102; 2;w;12; 3359;-; 2515;-;  322;-;  256;-; 3001;-; 2770;-;  224;-;    7;-;   13;-;    5;-;  109;-;  208;-;  162;-;   23;-; 2240;-; 2040;-;  191;-;    9;-;   15;-;    7;-;   84;-;  165;-;  131;-;    4;-
4607;5027;05;A;  52;101102; 2;w;13; 3233;-; 2993;-;  300;-;  273;-; 2913;-; 2733;-;  176;-;    4;-;   11;-;    7;-;  110;-;  183;-;  140;-;    9;-; 2694;-; 2474;-;  216;-;    4;-;   20;-;    4;-;   89;-;  180;-;  144;-;    6;-
4607;5027;05;A;  52;101102; 2;w;14; 3216;-; 3494;-;  267;-;  266;-; 2906;-; 2699;-;  196;-;   11;-;   17;-;    4;-;   93;-;  170;-;  136;-;   26;-; 3205;-; 3021;-;  178;-;    6;-;   11;-;    8;-;   88;-;  170;-;  125;-;   12;-
4607;5027;05;A;  52;101102; 2;w;15; 2906;-; 3606;-;  254;-;  236;-; 2611;-; 2421;-;  186;-;    4;-;   12;-;    3;-;   91;-;  160;-;  125;-;   29;-; 3308;-; 3133;-;  167;-;    8;-;   19;-;    3;-;   94;-;  139;-;  111;-;   43;-
4607;5027;05;A;  52;101102; 2;w;16; 3037;-; 3648;-;  254;-;  216;-; 2735;-; 2569;-;  159;-;    7;-;   18;-;    2;-;  108;-;  144;-;  112;-;   30;-; 3369;-; 3219;-;  146;-;    4;-;   18;-;    4;-;   69;-;  143;-;  110;-;   45;-
4607;5027;05;A;  52;101102; 2;w;17; 3386;-; 3918;-;  200;-;  172;-; 3157;-; 2965;-;  186;-;    6;-;    9;-;    8;-;   70;-;  122;-;   93;-;   20;-; 3691;-; 3542;-;  146;-;    3;-;   27;-;    3;-;   68;-;  101;-;   75;-;   28;-
4607;5027;05;A;  52;101102; 2;w;18; 3672;-; 4144;-;  155;-;  168;-; 3474;-; 3335;-;  132;-;    7;-;   12;-;   12;-;   51;-;   92;-;   73;-;   31;-; 3909;-; 3799;-;  102;-;    8;-;   19;-;    7;-;   53;-;  108;-;   84;-;   48;-
4607;5027;05;A;  52;101102; 2;w;19; 3377;-; 4040;-;  110;-;  102;-; 3242;-; 3124;-;  109;-;    9;-;    5;-;   12;-;   26;-;   72;-;   58;-;   20;-; 3884;-; 3779;-;   98;-;    7;-;   26;-;    5;-;   21;-;   76;-;   58;-;   28;-
4607;5027;05;A;  52;101102; 2;w;20; 2416;-; 4226;-;   80;-;  123;-; 2314;-; 2218;-;   92;-;    4;-;    5;-;    3;-;   13;-;   64;-;   43;-;   17;-; 4066;-; 3952;-;  110;-;    4;-;   17;-;   23;-;   29;-;   71;-;   55;-;   20;-
4607;5027;05;A;  52;101102; 2;w;21; 1555;-; 2202;-;   68;-;   64;-; 1468;-; 1366;-;   94;-;    8;-;    4;-;    2;-;   14;-;   52;-;   41;-;   15;-; 2120;-; 2015;-;  101;-;    4;-;   12;-;   11;-;   10;-;   43;-;   26;-;    6;-
4607;5027;05;A;  52;101102; 2;w;22; 1334;-; 1563;-;   64;-;   64;-; 1257;-; 1184;-;   72;-;    1;-;    2;-;    5;-;   12;-;   47;-;   36;-;   11;-; 1492;-; 1426;-;   63;-;    3;-;    3;-;    3;-;    6;-;   55;-;   38;-;    4;-
4607;5027;05;A;  52;101102; 2;w;23;  861;-; 1513;-;   59;-;   48;-;  797;-;  723;-;   69;-;    5;-;    2;-;    2;-;   14;-;   43;-;   32;-;    3;-; 1459;-; 1381;-;   72;-;    6;-;    2;-;    4;-;   11;-;   33;-;   24;-;    4;-
4607;5027;05;A;  52;101102; 2;w;24;  488;-; 1016;-;   39;-;   64;-;  439;-;  398;-;   41;-;    0;-;    2;-;    2;-;    7;-;   30;-;   24;-;    8;-;  948;-;  897;-;   48;-;    3;-;    1;-;    2;-;    9;-;   53;-;   39;-;    3;-
4607;5027;05;A;  52;101103; 3;w;01;  247;-;  457;-;   38;-;   47;-;  208;-;  178;-;   30;-;    0;-;    1;-;    2;-;    8;-;   28;-;   20;-;    0;-;  409;-;  385;-;   21;-;    3;-;    1;-;    4;-;   10;-;   33;-;   20;-;    0;-
4607;5027;05;A;  52;101103; 3;w;02;  200;-;  240;-;   54;-;   39;-;  143;-;  126;-;   17;-;    0;-;    0;-;    1;-;   13;-;   40;-;   33;-;    3;-;  198;-;  170;-;   28;-;    0;-;    2;-;    0;-;    7;-;   32;-;   24;-;    1;-
4607;5027;05;A;  52;101103; 3;w;03;  154;-;  164;-;   53;-;   53;-;  100;-;   81;-;   19;-;    0;-;    0;-;    0;-;   12;-;   41;-;   26;-;    1;-;  109;-;   95;-;   14;-;    0;-;    0;-;    0;-;    8;-;   45;-;   28;-;    2;-
4607;5027;05;A;  52;101103; 3;w;04;  366;-;  220;-;   47;-;   63;-;  314;-;  277;-;   37;-;    0;-;    1;-;    1;-;   18;-;   28;-;   20;-;    4;-;  154;-;  123;-;   31;-;    0;-;    1;-;    0;-;   25;-;   38;-;   32;-;    2;-
4607;5027;05;A;  52;101103; 3;w;05;  903;-;  342;-;  130;-;   81;-;  759;-;  710;-;   46;-;    3;-;    2;-;    6;-;   43;-;   81;-;   60;-;   12;-;  259;-;  213;-;   45;-;    1;-;    0;-;    1;-;   39;-;   41;-;   31;-;    2;-
4607;5027;05;A;  52;101103; 3;w;06; 2772;-;  905;-;  184;-;  134;-; 2565;-; 2449;-;  111;-;    5;-;    6;-;    3;-;   55;-;  126;-;  100;-;   17;-;  765;-;  701;-;   61;-;    3;-;    3;-;    1;-;   38;-;   95;-;   69;-;    3;-
4607;5027;05;A;  52;101103; 3;w;07; 5314;-; 2094;-;  236;-;  163;-; 5038;-; 4805;-;  221;-;   12;-;   12;-;    4;-;   86;-;  146;-;   99;-;   28;-; 1915;-; 1787;-;  125;-;    3;-;    9;-;    1;-;   71;-;   91;-;   68;-;    7;-
4607;5027;05;A;  52;101103; 3;w;08; 6424;-; 3754;-;  268;-;  215;-; 6108;-; 5833;-;  266;-;    9;-;   22;-;   10;-;  126;-;  132;-;  104;-;   26;-; 3506;-; 3348;-;  151;-;    7;-;   16;-;    5;-;  106;-;  104;-;   73;-;   17;-
4607;5027;05;A;  52;101103; 3;w;09; 6144;-; 3932;-;  224;-;  239;-; 5862;-; 5632;-;  220;-;   10;-;   29;-;   16;-;   76;-;  132;-;  100;-;   29;-; 3644;-; 3513;-;  128;-;    3;-;   24;-;    3;-;  113;-;  123;-;   91;-;   25;-
4607;5027;05;A;  52;101103; 3;w;10; 5093;-; 2823;-;  284;-;  283;-; 4738;-; 4522;-;  201;-;   15;-;   20;-;   20;-;  119;-;  145;-;  113;-;   51;-; 2526;-; 2353;-;  170;-;    3;-;   11;-;   15;-;  116;-;  152;-;  109;-;    3;-
4607;5027;05;A;  52;101103; 3;w;11; 3640;-; 2443;-;  266;-;  277;-; 3347;-; 3151;-;  195;-;    1;-;   16;-;    7;-;   98;-;  161;-;  129;-;   11;-; 2143;-; 1962;-;  181;-;    0;-;   18;-;   12;-;  101;-;  164;-;  130;-;    5;-
4607;5027;05;A;  52;101103; 3;w;12; 2984;-; 2581;-;  258;-;  294;-; 2692;-; 2487;-;  199;-;    6;-;   14;-;    8;-;   83;-;  167;-;  131;-;   20;-; 2264;-; 2067;-;  195;-;    2;-;   15;-;    7;-;  113;-;  174;-;  127;-;    8;-
4607;5027;05;A;  52;101103; 3;w;13; 3241;-; 3090;-;  252;-;  252;-; 2942;-; 2723;-;  210;-;    9;-;   19;-;    4;-;  101;-;  147;-;  118;-;   28;-; 2805;-; 2618;-;  185;-;    2;-;   26;-;    7;-;   99;-;  146;-;  118;-;    7;-
4607;5027;05;A;  52;101103; 3;w;14; 3284;-; 3594;-;  237;-;  231;-; 3011;-; 2821;-;  189;-;    1;-;   17;-;    6;-;   91;-;  140;-;  101;-;   19;-; 3322;-; 3111;-;  207;-;    4;-;   26;-;    6;-;   70;-;  155;-;  125;-;   15;-
4607;5027;05;A;  52;101103; 3;w;15; 2950;-; 4063;-;  243;-;  237;-; 2677;-; 2473;-;  199;-;    5;-;   12;-;    5;-;  114;-;  124;-;   95;-;   18;-; 3773;-; 3620;-;  142;-;   11;-;   28;-;    4;-;   96;-;  137;-;  102;-;   25;-
4607;5027;05;A;  52;101103; 3;w;16; 3140;-; 4046;-;  228;-;  221;-; 2869;-; 2676;-;  190;-;    3;-;   14;-;    3;-;   91;-;  134;-;  105;-;   29;-; 3750;-; 3579;-;  169;-;    2;-;   26;-;    6;-;   81;-;  134;-;  103;-;   49;-
4607;5027;05;A;  52;101103; 3;w;17; 3506;-; 4101;-;  201;-;  167;-; 3266;-; 3047;-;  208;-;   11;-;   10;-;    9;-;   85;-;  107;-;   84;-;   29;-; 3864;-; 3701;-;  152;-;   11;-;   25;-;    1;-;   65;-;  101;-;   77;-;   45;-
4607;5027;05;A;  52;101103; 3;w;18; 3780;-; 3110;-;  181;-;   93;-; 3563;-; 3391;-;  164;-;    8;-;   10;-;    4;-;   72;-;  105;-;   80;-;   26;-; 2859;-; 2749;-;  105;-;    5;-;   16;-;    2;-;   24;-;   67;-;   51;-;  142;-
4607;5027;05;A;  52;101103; 3;w;19; 3497;-; 4348;-;  144;-;  146;-; 3309;-; 3161;-;  136;-;   12;-;    9;-;    8;-;   46;-;   90;-;   76;-;   35;-; 4150;-; 4025;-;  115;-;   10;-;   16;-;    6;-;   49;-;   91;-;   73;-;   36;-
4607;5027;05;A;  52;101103; 3;w;20; 2328;-; 4055;-;   89;-;  121;-; 2214;-; 2104;-;  103;-;    7;-;    6;-;    2;-;   24;-;   63;-;   47;-;   19;-; 3897;-; 3802;-;   93;-;    2;-;   13;-;   10;-;   29;-;   82;-;   63;-;   24;-
4607;5027;05;A;  52;101103; 3;w;21; 1602;-; 2384;-;   88;-;  100;-; 1498;-; 1437;-;   58;-;    3;-;    2;-;    7;-;   20;-;   61;-;   50;-;   14;-; 2274;-; 2169;-;   98;-;    7;-;    5;-;    9;-;   18;-;   73;-;   55;-;    5;-
4607;5027;05;A;  52;101103; 3;w;22; 1376;-; 1747;-;   68;-;   77;-; 1297;-; 1237;-;   59;-;    1;-;    3;-;    2;-;   18;-;   48;-;   37;-;    8;-; 1662;-; 1555;-;  102;-;    5;-;    4;-;    2;-;   17;-;   58;-;   42;-;    4;-
4607;5027;05;A;  52;101103; 3;w;23;  903;-; 1769;-;   43;-;   70;-;  848;-;  791;-;   55;-;    2;-;    3;-;    3;-;    4;-;   36;-;   31;-;    9;-; 1690;-; 1622;-;   65;-;    3;-;    7;-;    0;-;   31;-;   39;-;   26;-;    2;-
4607;5027;05;A;  52;101103; 3;w;24;  517;-; 1052;-;   44;-;   74;-;  471;-;  439;-;   31;-;    1;-;    0;-;    0;-;   13;-;   31;-;   24;-;    2;-;  975;-;  908;-;   66;-;    1;-;    2;-;    2;-;   26;-;   46;-;   31;-;    1;-
4607;5027;05;A;  52;101104; 4;w;01;  295;-;  411;-;   49;-;   64;-;  245;-;  221;-;   24;-;    0;-;    0;-;    2;-;    8;-;   39;-;   30;-;    1;-;  343;-;  313;-;   29;-;    1;-;    3;-;    3;-;   21;-;   40;-;   29;-;    1;-
4607;5027;05;A;  52;101104; 4;w;02;  181;-;  217;-;   43;-;   53;-;  138;-;  116;-;   21;-;    1;-;    0;-;    1;-;    9;-;   33;-;   22;-;    0;-;  159;-;  140;-;   18;-;    1;-;    2;-;    1;-;   14;-;   38;-;   28;-;    3;-
4607;5027;05;A;  52;101104; 4;w;03;  163;-;  170;-;   58;-;   43;-;  105;-;   91;-;   14;-;    0;-;    0;-;    4;-;   12;-;   42;-;   28;-;    0;-;  125;-;  107;-;   18;-;    0;-;    1;-;    1;-;   10;-;   32;-;   21;-;    1;-
4607;5027;05;A;  52;101104; 4;w;04;  330;-;  188;-;   59;-;   58;-;  267;-;  240;-;   26;-;    1;-;    2;-;    1;-;   25;-;   33;-;   20;-;    2;-;  130;-;  105;-;   25;-;    0;-;    0;-;    0;-;   23;-;   35;-;   26;-;    0;-
4607;5027;05;A;  52;101104; 4;w;05;  859;-;  350;-;  124;-;   86;-;  731;-;  694;-;   37;-;    0;-;    2;-;    8;-;   49;-;   67;-;   44;-;    2;-;  261;-;  219;-;   42;-;    0;-;    0;-;    1;-;   33;-;   52;-;   35;-;    3;-
4607;5027;05;A;  52;101104; 4;w;06; 2593;-;  855;-;  199;-;  133;-; 2379;-; 2281;-;   91;-;    7;-;    3;-;    3;-;   57;-;  139;-;  107;-;   12;-;  719;-;  668;-;   50;-;    1;-;    1;-;    2;-;   36;-;   95;-;   69;-;    2;-
4607;5027;05;A;  52;101104; 4;w;07; 4962;-; 2047;-;  239;-;  148;-; 4688;-; 4474;-;  203;-;   11;-;   13;-;    3;-;  101;-;  135;-;   99;-;   22;-; 1887;-; 1751;-;  132;-;    4;-;    5;-;    4;-;   58;-;   86;-;   64;-;    7;-
4607;5027;05;A;  52;101104; 4;w;08; 6234;-; 3691;-;  232;-;  202;-; 5951;-; 5675;-;  268;-;    8;-;   25;-;   17;-;   95;-;  120;-;   99;-;   26;-; 3467;-; 3296;-;  168;-;    3;-;   11;-;    8;-;   83;-;  111;-;   80;-;   11;-
4607;5027;05;A;  52;101104; 4;w;09; 5765;-; 4031;-;  268;-;  243;-; 5448;-; 5203;-;  232;-;   13;-;   25;-;    9;-;  109;-;  150;-;  112;-;   24;-; 3761;-; 3592;-;  166;-;    3;-;   14;-;    9;-;   92;-;  142;-;   99;-;   13;-
4607;5027;05;A;  52;101104; 4;w;10; 4285;-; 3432;-;  283;-;  334;-; 3968;-; 3748;-;  212;-;    8;-;   17;-;    9;-;  104;-;  170;-;  129;-;   17;-; 3057;-; 2855;-;  198;-;    4;-;   26;-;   10;-;  153;-;  171;-;  124;-;   15;-
4607;5027;05;A;  52;101104; 4;w;11; 3713;-; 2714;-;  320;-;  259;-; 3342;-; 3108;-;  227;-;    7;-;   20;-;    6;-;  112;-;  202;-;  159;-;   31;-; 2432;-; 2244;-;  185;-;    3;-;   15;-;    4;-;   94;-;  161;-;  115;-;    8;-
4607;5027;05;A;  52;101104; 4;w;12; 2832;-; 2631;-;  266;-;  295;-; 2532;-; 2350;-;  173;-;    9;-;   15;-;    5;-;  100;-;  161;-;  130;-;   19;-; 2317;-; 2103;-;  212;-;    2;-;   10;-;    9;-;  107;-;  179;-;  142;-;    9;-
4607;5027;05;A;  52;101104; 4;w;13; 2988;-; 2933;-;  260;-;  277;-; 2683;-; 2479;-;  197;-;    7;-;   16;-;    4;-;   90;-;  166;-;  130;-;   29;-; 2630;-; 2421;-;  208;-;    1;-;   19;-;   11;-;  102;-;  164;-;  121;-;    7;-
4607;5027;05;A;  52;101104; 4;w;14; 3133;-; 3519;-;  230;-;  288;-; 2868;-; 2661;-;  201;-;    6;-;   24;-;    3;-;   81;-;  146;-;  118;-;   11;-; 3196;-; 3014;-;  176;-;    6;-;   21;-;    2;-;  118;-;  168;-;  125;-;   14;-
4607;5027;05;A;  52;101104; 4;w;15; 2983;-; 3847;-;  245;-;  280;-; 2700;-; 2505;-;  189;-;    6;-;   15;-;    9;-;   81;-;  155;-;  121;-;   23;-; 3506;-; 3314;-;  187;-;    5;-;   26;-;   10;-;  110;-;  160;-;  117;-;   35;-
4607;5027;05;A;  52;101104; 4;w;16; 3256;-; 4248;-;  225;-;  251;-; 3001;-; 2797;-;  197;-;    7;-;   12;-;    3;-;   97;-;  125;-;   93;-;   18;-; 3948;-; 3754;-;  188;-;    6;-;   24;-;    7;-;  110;-;  134;-;  102;-;   25;-
4607;5027;05;A;  52;101104; 4;w;17; 3563;-; 4289;-;  197;-;  195;-; 3327;-; 3126;-;  196;-;    5;-;   24;-;    9;-;   66;-;  122;-;   97;-;   15;-; 4025;-; 3870;-;  151;-;    4;-;   35;-;    7;-;   70;-;  118;-;   88;-;   34;-
4607;5027;05;A;  52;101104; 4;w;18; 3760;-; 4283;-;  137;-;  196;-; 3577;-; 3441;-;  130;-;    6;-;    8;-;    5;-;   46;-;   86;-;   63;-;   38;-; 4022;-; 3875;-;  141;-;    6;-;   20;-;    7;-;   60;-;  129;-;   97;-;   45;-
4607;5027;05;A;  52;101104; 4;w;19; 3549;-; 4318;-;  136;-;  126;-; 3365;-; 3263;-;   97;-;    5;-;   11;-;    2;-;   33;-;  101;-;   78;-;   37;-; 4140;-; 4016;-;  117;-;    7;-;   18;-;    5;-;   39;-;   82;-;   65;-;   34;-
4607;5027;05;A;  52;101104; 4;w;20; 2374;-; 3655;-;   84;-;   87;-; 2261;-; 2148;-;  108;-;    5;-;    2;-;    9;-;   21;-;   54;-;   46;-;   27;-; 3537;-; 3414;-;  116;-;    7;-;   14;-;    2;-;   24;-;   61;-;   48;-;   17;-
4607;5027;05;A;  52;101104; 4;w;21; 1564;-; 2399;-;   75;-;   78;-; 1464;-; 1361;-;  100;-;    3;-;    5;-;    4;-;   12;-;   59;-;   41;-;   20;-; 2310;-; 2208;-;   94;-;    8;-;    3;-;    6;-;    7;-;   65;-;   49;-;    8;-
4607;5027;05;A;  52;101104; 4;w;22; 1402;-; 1912;-;   48;-;   66;-; 1345;-; 1257;-;   86;-;    2;-;    1;-;    4;-;    6;-;   38;-;   27;-;    8;-; 1839;-; 1755;-;   80;-;    4;-;    2;-;    1;-;   11;-;   54;-;   35;-;    5;-
4607;5027;05;A;  52;101104; 4;w;23;  915;-; 1752;-;   41;-;   69;-;  869;-;  805;-;   62;-;    2;-;    2;-;    2;-;   10;-;   29;-;   25;-;    3;-; 1678;-; 1606;-;   67;-;    5;-;    1;-;    2;-;   10;-;   57;-;   39;-;    4;-
4607;5027;05;A;  52;101104; 4;w;24;  572;-; 1058;-;   49;-;   56;-;  519;-;  470;-;   48;-;    1;-;    0;-;    0;-;    5;-;   44;-;   32;-;    4;-;  996;-;  948;-;   45;-;    3;-;    1;-;    2;-;    8;-;   46;-;   30;-;    5;-
4607;5027;05;A;  52;101105; 5;w;01;  306;-;  393;-;   35;-;   43;-;  269;-;  232;-;   36;-;    1;-;    0;-;    2;-;    4;-;   29;-;   23;-;    2;-;  347;-;  327;-;   20;-;    0;-;    1;-;    2;-;    5;-;   36;-;   27;-;    2;-
4607;5027;05;A;  52;101105; 5;w;02;  179;-;  231;-;   42;-;   33;-;  136;-;  108;-;   28;-;    0;-;    0;-;    1;-;   10;-;   31;-;   21;-;    1;-;  196;-;  165;-;   31;-;    0;-;    1;-;    0;-;    5;-;   28;-;   20;-;    1;-
4607;5027;05;A;  52;101105; 5;w;03;  161;-;  155;-;   54;-;   48;-;  105;-;   86;-;   19;-;    0;-;    0;-;    1;-;   17;-;   36;-;   22;-;    2;-;  107;-;   89;-;   18;-;    0;-;    0;-;    1;-;    7;-;   40;-;   28;-;    0;-
4607;5027;05;A;  52;101105; 5;w;04;  381;-;  199;-;   59;-;   61;-;  321;-;  289;-;   30;-;    2;-;    1;-;    1;-;   23;-;   35;-;   25;-;    0;-;  135;-;  106;-;   29;-;    0;-;    1;-;    1;-;   14;-;   46;-;   41;-;    2;-
4607;5027;05;A;  52;101105; 5;w;05;  832;-;  400;-;  122;-;   98;-;  707;-;  659;-;   46;-;    2;-;    2;-;    8;-;   34;-;   80;-;   62;-;    1;-;  300;-;  247;-;   53;-;    0;-;    0;-;    2;-;   42;-;   54;-;   35;-;    2;-
4607;5027;05;A;  52;101105; 5;w;06; 2482;-;  860;-;  206;-;  130;-; 2255;-; 2142;-;  100;-;   13;-;    3;-;    4;-;   70;-;  132;-;   98;-;   18;-;  728;-;  677;-;   49;-;    2;-;    1;-;    3;-;   40;-;   87;-;   64;-;    1;-
4607;5027;05;A;  52;101105; 5;w;07; 5018;-; 1941;-;  257;-;  166;-; 4718;-; 4438;-;  263;-;   17;-;   16;-;    3;-;  104;-;  150;-;  108;-;   27;-; 1763;-; 1651;-;  112;-;    0;-;    6;-;    5;-;   65;-;   96;-;   65;-;    6;-
4607;5027;05;A;  52;101105; 5;w;08; 6103;-; 3440;-;  260;-;  187;-; 5804;-; 5563;-;  227;-;   14;-;   22;-;   11;-;  111;-;  138;-;  107;-;   17;-; 3235;-; 3075;-;  157;-;    3;-;   12;-;    7;-;   67;-;  113;-;   76;-;    6;-
4607;5027;05;A;  52;101105; 5;w;09; 5706;-; 3731;-;  258;-;  240;-; 5400;-; 5184;-;  209;-;    7;-;   22;-;    6;-;  106;-;  146;-;  113;-;   26;-; 3472;-; 3299;-;  171;-;    2;-;   10;-;    3;-;  116;-;  121;-;   88;-;    9;-
4607;5027;05;A;  52;101105; 5;w;10; 3794;-; 2618;-;  280;-;  286;-; 3462;-; 3250;-;  207;-;    5;-;   17;-;    6;-;   98;-;  176;-;  130;-;   35;-; 2312;-; 2129;-;  183;-;    0;-;   15;-;    5;-;  112;-;  169;-;  125;-;    5;-
4607;5027;05;A;  52;101105; 5;w;11; 2922;-; 2612;-;  282;-;  277;-; 2608;-; 2397;-;  206;-;    5;-;   14;-;    9;-;  101;-;  172;-;  147;-;   18;-; 2310;-; 2083;-;  224;-;    3;-;   17;-;    5;-;  103;-;  169;-;  131;-;    8;-
4607;5027;05;A;  52;101105; 5;w;12; 2614;-; 2796;-;  284;-;  283;-; 2309;-; 2123;-;  183;-;    3;-;   13;-;    1;-;  108;-;  175;-;  146;-;    8;-; 2488;-; 2280;-;  204;-;    4;-;   17;-;    6;-;  114;-;  163;-;  122;-;    8;-
4607;5027;05;A;  52;101105; 5;w;13; 3178;-; 3476;-;  281;-;  247;-; 2865;-; 2676;-;  183;-;    6;-;   13;-;    6;-;   86;-;  189;-;  149;-;   19;-; 3190;-; 2979;-;  206;-;    5;-;   22;-;    4;-;   87;-;  156;-;  122;-;   17;-
4607;5027;05;A;  52;101105; 5;w;14; 3480;-; 3832;-;  274;-;  245;-; 3168;-; 2968;-;  197;-;    3;-;   18;-;    7;-;   89;-;  178;-;  146;-;   20;-; 3518;-; 3365;-;  146;-;    7;-;   32;-;   10;-;   74;-;  161;-;  118;-;   37;-
4607;5027;05;A;  52;101105; 5;w;15; 3343;-; 4020;-;  225;-;  202;-; 3076;-; 2888;-;  186;-;    2;-;   21;-;    6;-;   74;-;  145;-;  110;-;   21;-; 3756;-; 3607;-;  143;-;    6;-;   28;-;    7;-;   66;-;  129;-;  105;-;   34;-
4607;5027;05;A;  52;101105; 5;w;16; 3399;-; 3909;-;  183;-;  195;-; 3176;-; 2987;-;  181;-;    8;-;   12;-;    6;-;   75;-;  102;-;   81;-;   28;-; 3644;-; 3506;-;  133;-;    5;-;   32;-;    4;-;   63;-;  128;-;   96;-;   38;-
4607;5027;05;A;  52;101105; 5;w;17; 3659;-; 4034;-;  180;-;  197;-; 3434;-; 3256;-;  173;-;    5;-;   13;-;   12;-;   59;-;  109;-;   82;-;   32;-; 3784;-; 3648;-;  134;-;    2;-;   22;-;    9;-;   62;-;  126;-;   93;-;   31;-
4607;5027;05;A;  52;101105; 5;w;18; 3396;-; 4301;-;  126;-;  159;-; 3232;-; 3126;-;  105;-;    1;-;    6;-;    3;-;   50;-;   73;-;   54;-;   32;-; 4086;-; 3951;-;  129;-;    6;-;   22;-;   12;-;   54;-;   93;-;   69;-;   34;-
4607;5027;05;A;  52;101105; 5;w;19; 3079;-; 4243;-;  107;-;  115;-; 2941;-; 2856;-;   81;-;    4;-;    7;-;    4;-;   30;-;   73;-;   58;-;   24;-; 4094;-; 3985;-;  104;-;    5;-;   14;-;    5;-;   34;-;   76;-;   58;-;   20;-
4607;5027;05;A;  52;101105; 5;w;20; 2383;-; 3318;-;   70;-;  104;-; 2290;-; 2210;-;   77;-;    3;-;    1;-;    5;-;   16;-;   49;-;   41;-;   22;-; 3189;-; 3080;-;  101;-;    8;-;   16;-;    5;-;   29;-;   70;-;   51;-;    9;-
4607;5027;05;A;  52;101105; 5;w;21; 1669;-; 2462;-;   53;-;   77;-; 1602;-; 1533;-;   65;-;    4;-;    1;-;    3;-;   14;-;   36;-;   23;-;   13;-; 2368;-; 2288;-;   76;-;    4;-;    9;-;    7;-;   11;-;   59;-;   48;-;    8;-
4607;5027;05;A;  52;101105; 5;w;22; 1334;-; 1757;-;   45;-;   78;-; 1274;-; 1216;-;   57;-;    1;-;    4;-;    4;-;   12;-;   29;-;   22;-;   11;-; 1663;-; 1589;-;   68;-;    6;-;    5;-;    3;-;   14;-;   61;-;   40;-;   11;-
4607;5027;05;A;  52;101105; 5;w;23; 1165;-; 1634;-;   30;-;   58;-; 1122;-; 1058;-;   64;-;    0;-;    5;-;    5;-;   11;-;   14;-;   12;-;    8;-; 1563;-; 1503;-;   60;-;    0;-;    4;-;    4;-;    9;-;   45;-;   37;-;    9;-
4607;5027;05;A;  52;101105; 5;w;24; 1067;-; 1298;-;   42;-;   51;-; 1012;-;  959;-;   52;-;    1;-;    2;-;    3;-;   11;-;   28;-;   22;-;   11;-; 1243;-; 1204;-;   38;-;    1;-;    1;-;    4;-;    7;-;   40;-;   24;-;    3;-
4607;5027;05;A;  52;101106; 6;w;01;  699;-;  748;-;   34;-;   49;-;  656;-;  616;-;   40;-;    0;-;    1;-;    7;-;    7;-;   20;-;   15;-;    8;-;  696;-;  666;-;   29;-;    1;-;    2;-;    5;-;   12;-;   32;-;   24;-;    1;-
4607;5027;05;A;  52;101106; 6;w;02;  391;-;  427;-;   29;-;   25;-;  358;-;  327;-;   31;-;    0;-;    0;-;    2;-;   12;-;   15;-;   11;-;    4;-;  401;-;  372;-;   29;-;    0;-;    0;-;    0;-;    5;-;   20;-;   16;-;    1;-
4607;5027;05;A;  52;101106; 6;w;03;  300;-;  294;-;   42;-;   20;-;  256;-;  235;-;   21;-;    0;-;    0;-;    1;-;   13;-;   28;-;   18;-;    2;-;  272;-;  256;-;   16;-;    0;-;    1;-;    0;-;    4;-;   16;-;    9;-;    1;-
4607;5027;05;A;  52;101106; 6;w;04;  362;-;  260;-;   39;-;   36;-;  317;-;  286;-;   30;-;    1;-;    4;-;    0;-;   16;-;   23;-;   17;-;    2;-;  223;-;  201;-;   22;-;    0;-;    1;-;    2;-;   16;-;   18;-;   10;-;    0;-
4607;5027;05;A;  52;101106; 6;w;05;  565;-;  381;-;   45;-;   51;-;  512;-;  485;-;   27;-;    0;-;    2;-;    2;-;   19;-;   24;-;   19;-;    6;-;  328;-;  298;-;   30;-;    0;-;    2;-;    0;-;   30;-;   21;-;   15;-;    0;-
4607;5027;05;A;  52;101106; 6;w;06;  952;-;  471;-;   80;-;   49;-;  862;-;  823;-;   38;-;    1;-;    7;-;    3;-;   38;-;   39;-;   31;-;    3;-;  418;-;  396;-;   22;-;    0;-;    4;-;    1;-;   19;-;   29;-;   19;-;    0;-
4607;5027;05;A;  52;101106; 6;w;07;  936;-;  713;-;   69;-;   54;-;  852;-;  779;-;   72;-;    1;-;   12;-;    5;-;   34;-;   30;-;   25;-;    3;-;  645;-;  593;-;   51;-;    1;-;   11;-;    4;-;   14;-;   36;-;   25;-;    3;-
4607;5027;05;A;  52;101106; 6;w;08; 1358;-; 1063;-;   75;-;   60;-; 1257;-; 1157;-;  100;-;    0;-;   17;-;    3;-;   40;-;   32;-;   24;-;    9;-;  995;-;  910;-;   85;-;    0;-;    6;-;    3;-;   34;-;   23;-;   21;-;    2;-
4607;5027;05;A;  52;101106; 6;w;09; 1647;-; 1492;-;   68;-;   57;-; 1564;-; 1470;-;   94;-;    0;-;   10;-;    6;-;   28;-;   34;-;   25;-;    5;-; 1428;-; 1329;-;   99;-;    0;-;    6;-;    2;-;   32;-;   23;-;   14;-;    1;-
4607;5027;05;A;  52;101106; 6;w;10; 2537;-; 1887;-;   73;-;   78;-; 2429;-; 2316;-;  111;-;    2;-;   22;-;    4;-;   35;-;   34;-;   23;-;   13;-; 1796;-; 1697;-;   98;-;    1;-;   10;-;    4;-;   31;-;   43;-;   30;-;    3;-
4607;5027;05;A;  52;101106; 6;w;11; 2475;-; 2060;-;   66;-;   49;-; 2371;-; 2239;-;  129;-;    3;-;   11;-;    1;-;   39;-;   26;-;   21;-;   27;-; 1991;-; 1893;-;   95;-;    3;-;   13;-;    6;-;   19;-;   24;-;   21;-;    7;-
4607;5027;05;A;  52;101106; 6;w;12; 2573;-; 2402;-;   52;-;   50;-; 2485;-; 2356;-;  123;-;    6;-;   19;-;    4;-;   24;-;   24;-;   19;-;   17;-; 2332;-; 2217;-;  112;-;    3;-;   14;-;    4;-;   28;-;   18;-;   16;-;    6;-
4607;5027;05;A;  52;101106; 6;w;13; 2844;-; 2959;-;   68;-;   57;-; 2751;-; 2650;-;   96;-;    5;-;   10;-;   15;-;   27;-;   26;-;   23;-;   15;-; 2870;-; 2754;-;  114;-;    2;-;   26;-;    2;-;   22;-;   33;-;   28;-;    6;-
4607;5027;05;A;  52;101106; 6;w;14; 3227;-; 3107;-;   52;-;   49;-; 3135;-; 3000;-;  128;-;    7;-;   14;-;   11;-;   14;-;   27;-;   23;-;   26;-; 3035;-; 2912;-;  121;-;    2;-;   16;-;    3;-;   22;-;   24;-;   21;-;    7;-
4607;5027;05;A;  52;101106; 6;w;15; 2625;-; 3359;-;   34;-;   53;-; 2535;-; 2415;-;  108;-;   12;-;   26;-;    2;-;   18;-;   14;-;   13;-;   30;-; 3276;-; 3166;-;  107;-;    3;-;   24;-;    2;-;   26;-;   25;-;   22;-;    6;-
4607;5027;05;A;  52;101106; 6;w;16; 2456;-; 3246;-;   21;-;   51;-; 2397;-; 2281;-;  111;-;    5;-;   14;-;    3;-;   13;-;    5;-;    5;-;   24;-; 3154;-; 3056;-;   97;-;    1;-;   31;-;    4;-;   22;-;   25;-;   19;-;   10;-
4607;5027;05;A;  52;101106; 6;w;17; 2337;-; 2936;-;   24;-;   24;-; 2284;-; 2190;-;   92;-;    2;-;   15;-;    5;-;   11;-;    8;-;    6;-;   14;-; 2887;-; 2810;-;   74;-;    3;-;   17;-;    3;-;   14;-;    7;-;    7;-;    8;-
4607;5027;05;A;  52;101106; 6;w;18; 2368;-; 2729;-;   10;-;   20;-; 2349;-; 2256;-;   91;-;    2;-;    3;-;    5;-;    2;-;    3;-;    3;-;    6;-; 2685;-; 2605;-;   78;-;    2;-;   17;-;    2;-;    9;-;    9;-;    8;-;    7;-
4607;5027;05;A;  52;101106; 6;w;19; 2805;-; 2739;-;   11;-;   24;-; 2772;-; 2705;-;   65;-;    2;-;    9;-;    3;-;    4;-;    4;-;    4;-;   13;-; 2703;-; 2636;-;   65;-;    2;-;    7;-;    9;-;    8;-;    7;-;    6;-;    5;-
4607;5027;05;A;  52;101106; 6;w;20; 2007;-; 2343;-;   20;-;   29;-; 1948;-; 1865;-;   82;-;    1;-;    7;-;    4;-;    9;-;    7;-;    7;-;   32;-; 2304;-; 2232;-;   70;-;    2;-;    7;-;   15;-;    9;-;    5;-;    4;-;    3;-
4607;5027;05;A;  52;101106; 6;w;21; 1384;-; 1454;-;   13;-;   12;-; 1359;-; 1293;-;   62;-;    4;-;    3;-;    3;-;    6;-;    4;-;    2;-;    9;-; 1434;-; 1388;-;   44;-;    2;-;    6;-;    1;-;    5;-;    6;-;    3;-;    2;-
4607;5027;05;A;  52;101106; 6;w;22; 1015;-; 1094;-;   10;-;    7;-;  990;-;  949;-;   41;-;    0;-;    5;-;    3;-;    5;-;    2;-;    2;-;   10;-; 1083;-; 1044;-;   38;-;    1;-;    2;-;    3;-;    1;-;    3;-;    3;-;    2;-
4607;5027;05;A;  52;101106; 6;w;23; 1044;-; 1225;-;   14;-;    5;-; 1012;-;  971;-;   41;-;    0;-;    3;-;    1;-;    8;-;    5;-;    2;-;   15;-; 1214;-; 1195;-;   19;-;    0;-;    2;-;    2;-;    3;-;    0;-;    0;-;    4;-
4607;5027;05;A;  52;101106; 6;w;24;  958;-; 1773;-;    4;-;    7;-;  945;-;  920;-;   24;-;    1;-;    2;-;    1;-;    2;-;    1;-;    1;-;    7;-; 1762;-; 1719;-;   43;-;    0;-;    0;-;    0;-;    5;-;    2;-;    0;-;    4;-
4607;5027;05;A;  52;101107; 7;s;01;  714;-;  863;-;    2;-;    4;-;  707;-;  667;-;   39;-;    1;-;    1;-;    1;-;    0;-;    1;-;    0;-;    4;-;  853;-;  821;-;   31;-;    1;-;    2;-;    3;-;    1;-;    0;-;    0;-;    4;-
4607;5027;05;A;  52;101107; 7;s;02;  532;-;  584;-;    7;-;    2;-;  523;-;  496;-;   27;-;    0;-;    0;-;    1;-;    5;-;    1;-;    1;-;    2;-;  582;-;  557;-;   24;-;    1;-;    0;-;    1;-;    1;-;    0;-;    0;-;    0;-
4607;5027;05;A;  52;101107; 7;s;03;  333;-;  352;-;    6;-;    8;-;  320;-;  302;-;   18;-;    0;-;    2;-;    0;-;    3;-;    3;-;    2;-;    5;-;  343;-;  329;-;   14;-;    0;-;    0;-;    2;-;    5;-;    1;-;    1;-;    1;-
4607;5027;05;A;  52;101107; 7;s;04;  468;-;  368;-;    5;-;    4;-;  462;-;  418;-;   42;-;    2;-;    0;-;    1;-;    3;-;    1;-;    0;-;    1;-;  362;-;  340;-;   22;-;    0;-;    0;-;    1;-;    3;-;    0;-;    0;-;    2;-
4607;5027;05;A;  52;101107; 7;s;05;  577;-;  451;-;    7;-;    4;-;  564;-;  533;-;   31;-;    0;-;    3;-;    2;-;    2;-;    3;-;    3;-;    3;-;  442;-;  406;-;   36;-;    0;-;    4;-;    1;-;    1;-;    2;-;    2;-;    1;-
4607;5027;05;A;  52;101107; 7;s;06;  851;-;  437;-;   18;-;    7;-;  819;-;  763;-;   55;-;    1;-;   12;-;    2;-;    8;-;    8;-;    6;-;    2;-;  428;-;  392;-;   35;-;    1;-;    1;-;    2;-;    3;-;    2;-;    2;-;    1;-
4607;5027;05;A;  52;101107; 7;s;07;  537;-;  427;-;   19;-;    9;-;  508;-;  466;-;   41;-;    1;-;    8;-;    5;-;   10;-;    4;-;    1;-;    2;-;  417;-;  395;-;   22;-;    0;-;    1;-;    1;-;    3;-;    5;-;    5;-;    0;-
4607;5027;05;A;  52;101107; 7;s;08;  706;-;  424;-;   16;-;    8;-;  664;-;  597;-;   64;-;    3;-;   17;-;    1;-;   10;-;    5;-;    4;-;    9;-;  411;-;  387;-;   24;-;    0;-;    2;-;    6;-;    0;-;    2;-;    2;-;    3;-
4607;5027;05;A;  52;101107; 7;s;09; 1003;-;  725;-;   15;-;   18;-;  965;-;  899;-;   64;-;    2;-;   10;-;    1;-;    6;-;    8;-;    8;-;   13;-;  706;-;  664;-;   41;-;    1;-;    1;-;    8;-;    5;-;    5;-;    3;-;    0;-
4607;5027;05;A;  52;101107; 7;s;10; 1430;-; 1281;-;   19;-;   13;-; 1393;-; 1303;-;   88;-;    2;-;    5;-;    4;-;    6;-;    9;-;    9;-;   13;-; 1261;-; 1210;-;   48;-;    3;-;    2;-;    3;-;    6;-;    4;-;    4;-;    5;-
4607;5027;05;A;  52;101107; 7;s;11; 1656;-; 1787;-;    5;-;   23;-; 1633;-; 1549;-;   79;-;    5;-;    3;-;    2;-;    2;-;    1;-;    0;-;   15;-; 1756;-; 1691;-;   63;-;    2;-;    6;-;    3;-;    7;-;   13;-;   13;-;    2;-
4607;5027;05;A;  52;101107; 7;s;12; 1797;-; 1874;-;   14;-;    7;-; 1756;-; 1672;-;   79;-;    5;-;    9;-;    2;-;    7;-;    5;-;    4;-;   18;-; 1859;-; 1776;-;   79;-;    4;-;    5;-;    1;-;    4;-;    2;-;    2;-;    3;-
4607;5027;05;A;  52;101107; 7;s;13; 1943;-; 2336;-;   18;-;   15;-; 1904;-; 1797;-;  103;-;    4;-;    5;-;    3;-;    9;-;    6;-;    5;-;   16;-; 2307;-; 2211;-;   92;-;    4;-;    5;-;    7;-;    4;-;    4;-;    4;-;    9;-
4607;5027;05;A;  52;101107; 7;s;14; 2374;-; 2525;-;   12;-;   16;-; 2340;-; 2239;-;   96;-;    5;-;    5;-;    4;-;    5;-;    3;-;    3;-;   17;-; 2498;-; 2425;-;   67;-;    6;-;    6;-;    4;-;    7;-;    5;-;    4;-;    5;-
4607;5027;05;A;  52;101107; 7;s;15; 2533;-; 2802;-;   16;-;   22;-; 2489;-; 2389;-;   95;-;    5;-;    6;-;    4;-;    6;-;    6;-;    6;-;   22;-; 2763;-; 2669;-;   90;-;    4;-;    9;-;    3;-;    6;-;   13;-;    9;-;    8;-
4607;5027;05;A;  52;101107; 7;s;16; 2595;-; 2650;-;   19;-;   18;-; 2544;-; 2444;-;   91;-;    9;-;   13;-;    5;-;    7;-;    7;-;    6;-;   19;-; 2616;-; 2530;-;   77;-;    9;-;    9;-;    4;-;    7;-;    7;-;    7;-;    7;-
4607;5027;05;A;  52;101107; 7;s;17; 2458;-; 2791;-;   19;-;   14;-; 2402;-; 2292;-;  101;-;    9;-;   12;-;    2;-;    9;-;    8;-;    8;-;   25;-; 2747;-; 2659;-;   84;-;    4;-;   24;-;    4;-;    7;-;    3;-;    3;-;    6;-
4607;5027;05;A;  52;101107; 7;s;18; 2558;-; 2681;-;   13;-;   20;-; 2522;-; 2432;-;   83;-;    7;-;    3;-;    5;-;    4;-;    4;-;    3;-;   20;-; 2633;-; 2556;-;   74;-;    3;-;   25;-;    3;-;    9;-;    8;-;    6;-;    3;-
4607;5027;05;A;  52;101107; 7;s;19; 2404;-; 2252;-;   23;-;   16;-; 2356;-; 2268;-;   86;-;    2;-;    9;-;    2;-;   11;-;   10;-;    8;-;   16;-; 2205;-; 2142;-;   59;-;    4;-;   26;-;    2;-;    7;-;    7;-;    7;-;    5;-
4607;5027;05;A;  52;101107; 7;s;20; 1908;-; 1707;-;   15;-;   26;-; 1869;-; 1797;-;   68;-;    4;-;    6;-;    0;-;    8;-;    7;-;    6;-;   18;-; 1663;-; 1605;-;   57;-;    1;-;    9;-;    5;-;   10;-;   11;-;   10;-;    9;-
4607;5027;05;A;  52;101107; 7;s;21; 1506;-; 1340;-;   23;-;   16;-; 1467;-; 1407;-;   60;-;    0;-;    4;-;    8;-;    6;-;    9;-;    6;-;   12;-; 1315;-; 1272;-;   39;-;    4;-;    7;-;    5;-;    5;-;    6;-;    5;-;    2;-
4607;5027;05;A;  52;101107; 7;s;22; 1336;-;  959;-;   21;-;   17;-; 1298;-; 1214;-;   79;-;    5;-;    5;-;    4;-;    6;-;   11;-;    7;-;   12;-;  936;-;  903;-;   31;-;    2;-;    2;-;    4;-;    5;-;    8;-;    7;-;    4;-
4607;5027;05;A;  52;101107; 7;s;23;  927;-; 1076;-;   32;-;   22;-;  881;-;  818;-;   62;-;    1;-;    2;-;    1;-;    2;-;   29;-;   22;-;   12;-; 1051;-;  997;-;   52;-;    2;-;    0;-;    3;-;    6;-;   13;-;   12;-;    3;-
4607;5027;05;A;  52;101107; 7;s;24;  463;-;  692;-;   20;-;   27;-;  435;-;  385;-;   50;-;    0;-;    1;-;    0;-;    2;-;   18;-;   14;-;    7;-;  663;-;  629;-;   33;-;    1;-;    0;-;    3;-;    5;-;   19;-;   17;-;    2;-
4607;5027;05;A;  52;101108; 1;w;01;  260;-;  245;-;   19;-;   29;-;  236;-;  207;-;   28;-;    1;-;    2;-;    0;-;    9;-;   10;-;    7;-;    3;-;  215;-;  203;-;   12;-;    0;-;    1;-;    2;-;    6;-;   21;-;   17;-;    0;-
4607;5027;05;A;  52;101108; 1;w;02;  148;-;  138;-;   33;-;   18;-;  115;-;  103;-;   11;-;    1;-;    0;-;    1;-;    7;-;   25;-;   19;-;    0;-;  119;-;  106;-;   13;-;    0;-;    0;-;    0;-;    1;-;   17;-;   12;-;    1;-
4607;5027;05;A;  52;101108; 1;w;03;  125;-;  116;-;   41;-;   38;-;   84;-;   73;-;   11;-;    0;-;    0;-;    0;-;   11;-;   30;-;   24;-;    0;-;   77;-;   58;-;   19;-;    0;-;    0;-;    0;-;    7;-;   31;-;   23;-;    1;-
4607;5027;05;A;  52;101108; 1;w;04;  331;-;  147;-;   54;-;   38;-;  274;-;  243;-;   30;-;    1;-;    1;-;    1;-;   18;-;   35;-;   30;-;    2;-;  107;-;   86;-;   21;-;    0;-;    1;-;    1;-;   13;-;   24;-;   20;-;    1;-
4607;5027;05;A;  52;101108; 1;w;05;  923;-;  349;-;  110;-;   83;-;  807;-;  758;-;   47;-;    2;-;    1;-;    5;-;   34;-;   71;-;   60;-;    5;-;  264;-;  236;-;   27;-;    1;-;    2;-;    1;-;   39;-;   43;-;   36;-;    0;-
4607;5027;05;A;  52;101108; 1;w;06; 2934;-;  911;-;  202;-;  125;-; 2700;-; 2586;-;  102;-;   12;-;    2;-;    4;-;   65;-;  133;-;  111;-;   30;-;  778;-;  721;-;   54;-;    3;-;    3;-;    2;-;   43;-;   80;-;   65;-;    5;-
4607;5027;05;A;  52;101108; 1;w;07; 5135;-; 2218;-;  235;-;  184;-; 4860;-; 4632;-;  211;-;   17;-;   18;-;    5;-;   83;-;  147;-;  115;-;   22;-; 2024;-; 1918;-;  104;-;    2;-;    5;-;    2;-;   83;-;   99;-;   82;-;    5;-
4607;5027;05;A;  52;101108; 1;w;08; 6349;-; 3820;-;  226;-;  180;-; 6069;-; 5817;-;  241;-;   11;-;   17;-;    9;-;   81;-;  136;-;  101;-;   37;-; 3615;-; 3456;-;  152;-;    7;-;    9;-;    4;-;   65;-;  111;-;   83;-;   16;-
4607;5027;05;A;  52;101108; 1;w;09; 6068;-; 4006;-;  294;-;  237;-; 5735;-; 5543;-;  185;-;    7;-;   27;-;    9;-;  121;-;  164;-;  130;-;   12;-; 3742;-; 3596;-;  143;-;    3;-;   17;-;    5;-;  102;-;  130;-;   95;-;   10;-
4607;5027;05;A;  52;101108; 1;w;10; 4617;-; 2988;-;  294;-;  258;-; 4266;-; 4020;-;  239;-;    7;-;   25;-;    4;-;  109;-;  181;-;  148;-;   32;-; 2713;-; 2506;-;  203;-;    4;-;   13;-;    7;-;  102;-;  149;-;  114;-;    4;-
4607;5027;05;A;  52;101108; 1;w;11; 3529;-; 2367;-;  291;-;  257;-; 3197;-; 2954;-;  242;-;    1;-;   24;-;    8;-;  102;-;  181;-;  145;-;   17;-; 2098;-; 1922;-;  176;-;    0;-;    8;-;    8;-;   89;-;  160;-;  129;-;    4;-
4607;5027;05;A;  52;101108; 1;w;12; 2786;-; 2568;-;  271;-;  264;-; 2492;-; 2304;-;  185;-;    3;-;   10;-;    6;-;  104;-;  161;-;  130;-;   13;-; 2283;-; 2086;-;  195;-;    2;-;   11;-;    4;-;  101;-;  159;-;  123;-;   10;-
4607;5027;05;A;  52;101108; 1;w;13; 2953;-; 2674;-;  264;-;  245;-; 2661;-; 2480;-;  176;-;    5;-;   11;-;    3;-;   92;-;  169;-;  134;-;   17;-; 2406;-; 2216;-;  187;-;    3;-;   17;-;    5;-;   89;-;  151;-;  116;-;    6;-
4607;5027;05;A;  52;101108; 1;w;14; 2894;-; 3274;-;  266;-;  245;-; 2593;-; 2418;-;  161;-;   14;-;   16;-;    6;-;   83;-;  177;-;  133;-;   19;-; 3007;-; 2807;-;  193;-;    7;-;   18;-;    7;-;   75;-;  163;-;  128;-;    4;-
4607;5027;05;A;  52;101108; 1;w;15; 2816;-; 3614;-;  263;-;  236;-; 2524;-; 2319;-;  199;-;    6;-;   15;-;    3;-;   88;-;  172;-;  124;-;   14;-; 3299;-; 3118;-;  178;-;    3;-;   33;-;    3;-;   99;-;  134;-;  100;-;   46;-
4607;5027;05;A;  52;101108; 1;w;16; 2932;-; 4045;-;  233;-;  228;-; 2662;-; 2486;-;  171;-;    5;-;   13;-;    3;-;   89;-;  141;-;  116;-;   24;-; 3745;-; 3570;-;  167;-;    8;-;   25;-;    5;-;   86;-;  137;-;  109;-;   47;-
4607;5027;05;A;  52;101108; 1;w;17; 3566;-; 4425;-;  193;-;  207;-; 3347;-; 3175;-;  168;-;    4;-;    8;-;    3;-;   77;-;  113;-;   86;-;   18;-; 4149;-; 3981;-;  162;-;    6;-;   41;-;    2;-;   57;-;  148;-;  109;-;   28;-
4607;5027;05;A;  52;101108; 1;w;18; 3498;-; 4740;-;  123;-;  142;-; 3335;-; 3206;-;  122;-;    7;-;   12;-;    4;-;   32;-;   87;-;   62;-;   28;-; 4536;-; 4405;-;  125;-;    6;-;   34;-;    9;-;   49;-;   84;-;   56;-;   28;-
4607;5027;05;A;  52;101108; 1;w;19; 3277;-; 4489;-;  105;-;  101;-; 3142;-; 3037;-;  102;-;    3;-;    6;-;    0;-;   21;-;   84;-;   65;-;   24;-; 4356;-; 4258;-;   90;-;    8;-;    9;-;    3;-;   36;-;   62;-;   53;-;   23;-
4607;5027;05;A;  52;101108; 1;w;20; 2200;-; 3268;-;   74;-;   71;-; 2102;-; 2007;-;   95;-;    0;-;    7;-;    2;-;   23;-;   49;-;   38;-;   17;-; 3180;-; 3084;-;   87;-;    9;-;    6;-;    1;-;   19;-;   51;-;   42;-;   11;-
4607;5027;05;A;  52;101108; 1;w;21; 1424;-; 2101;-;   70;-;   82;-; 1336;-; 1254;-;   79;-;    3;-;    2;-;    6;-;   15;-;   49;-;   40;-;   16;-; 2004;-; 1903;-;   96;-;    5;-;    3;-;    6;-;   15;-;   61;-;   37;-;   12;-
4607;5027;05;A;  52;101108; 1;w;22; 1208;-; 1460;-;   56;-;   49;-; 1140;-; 1061;-;   75;-;    4;-;    1;-;    2;-;   12;-;   42;-;   33;-;   11;-; 1402;-; 1328;-;   72;-;    2;-;    1;-;    1;-;    8;-;   40;-;   25;-;    8;-
4607;5027;05;A;  52;101108; 1;w;23;  823;-; 1385;-;   39;-;   63;-;  778;-;  696;-;   80;-;    2;-;    0;-;    2;-;    3;-;   34;-;   28;-;    6;-; 1317;-; 1262;-;   49;-;    6;-;    3;-;    1;-;   12;-;   50;-;   35;-;    2;-
4607;5027;05;A;  52;101108; 1;w;24;  409;-;  776;-;   42;-;   47;-;  366;-;  328;-;   38;-;    0;-;    0;-;    0;-;    7;-;   35;-;   26;-;    1;-;  729;-;  696;-;   32;-;    1;-;    0;-;    4;-;    7;-;   36;-;   27;-;    0;-
4607;5027;05;A;  52;101109; 2;w;01;  254;-;  309;-;   53;-;   43;-;  199;-;  171;-;   28;-;    0;-;    0;-;    0;-;    7;-;   46;-;   35;-;    2;-;  265;-;  243;-;   21;-;    1;-;    0;-;    2;-;    6;-;   35;-;   25;-;    1;-
4607;5027;05;A;  52;101109; 2;w;02;  137;-;  184;-;   46;-;   41;-;   90;-;   81;-;    9;-;    0;-;    0;-;    1;-;    9;-;   36;-;   27;-;    1;-;  142;-;  120;-;   22;-;    0;-;    0;-;    0;-;    8;-;   33;-;   26;-;    1;-
4607;5027;05;A;  52;101109; 2;w;03;  134;-;  123;-;   44;-;   53;-;   88;-;   75;-;   13;-;    0;-;    1;-;    0;-;    9;-;   35;-;   23;-;    1;-;   70;-;   49;-;   21;-;    0;-;    0;-;    0;-;   11;-;   42;-;   34;-;    0;-
4607;5027;05;A;  52;101109; 2;w;04;  294;-;  167;-;   62;-;   57;-;  229;-;  204;-;   24;-;    1;-;    2;-;    0;-;   20;-;   42;-;   25;-;    1;-;  109;-;   87;-;   22;-;    0;-;    0;-;    1;-;   22;-;   34;-;   27;-;    1;-
4607;5027;05;A;  52;101109; 2;w;05;  828;-;  297;-;  136;-;   99;-;  687;-;  658;-;   28;-;    1;-;    1;-;    5;-;   46;-;   85;-;   71;-;    4;-;  196;-;  169;-;   27;-;    0;-;    2;-;    0;-;   45;-;   54;-;   43;-;    0;-
4607;5027;05;A;  52;101109; 2;w;06; 2719;-;  835;-;  192;-;  117;-; 2503;-; 2397;-;   97;-;    9;-;    3;-;    3;-;   48;-;  141;-;  116;-;   21;-;  714;-;  649;-;   61;-;    4;-;    1;-;    2;-;   32;-;   83;-;   55;-;    3;-
4607;5027;05;A;  52;101109; 2;w;07; 5076;-; 2057;-;  211;-;  182;-; 4804;-; 4571;-;  218;-;   15;-;   11;-;    3;-;   85;-;  123;-;   83;-;   50;-; 1856;-; 1740;-;  110;-;    6;-;   11;-;    1;-;   71;-;  110;-;   82;-;    8;-
4607;5027;05;A;  52;101109; 2;w;08; 6094;-; 3634;-;  234;-;  211;-; 5800;-; 5571;-;  215;-;   14;-;   28;-;   11;-;  100;-;  123;-;  100;-;   32;-; 3401;-; 3261;-;  135;-;    5;-;   15;-;    4;-;   82;-;  125;-;   93;-;    7;-
4607;5027;05;A;  52;101109; 2;w;09; 5979;-; 4150;-;  256;-;  218;-; 5677;-; 5514;-;  152;-;   11;-;   28;-;    5;-;  100;-;  151;-;  118;-;   18;-; 3904;-; 3768;-;  134;-;    2;-;   19;-;    5;-;   96;-;  117;-;   87;-;    9;-
4607;5027;05;A;  52;101109; 2;w;10; 4898;-; 2941;-;  322;-;  237;-; 4478;-; 4290;-;  182;-;    6;-;   24;-;   10;-;  115;-;  197;-;  152;-;   74;-; 2674;-; 2510;-;  161;-;    3;-;   19;-;   10;-;   98;-;  129;-;   99;-;   11;-
4607;5027;05;A;  52;101109; 2;w;11; 2968;-; 2437;-;  250;-;  299;-; 2679;-; 2490;-;  186;-;    3;-;   14;-;    1;-;   84;-;  165;-;  123;-;   25;-; 2111;-; 1948;-;  159;-;    4;-;   16;-;   10;-;  120;-;  169;-;  140;-;   11;-
4607;5027;05;A;  52;101109; 2;w;12; 2804;-; 2562;-;  270;-;  271;-; 2499;-; 2308;-;  188;-;    3;-;   13;-;    9;-;   95;-;  166;-;  134;-;   22;-; 2266;-; 2060;-;  205;-;    1;-;   20;-;    4;-;  105;-;  162;-;  117;-;    5;-
4607;5027;05;A;  52;101109; 2;w;13; 2931;-; 2972;-;  278;-;  265;-; 2612;-; 2386;-;  218;-;    8;-;   15;-;    4;-;  100;-;  174;-;  140;-;   26;-; 2684;-; 2495;-;  187;-;    2;-;   19;-;    3;-;   77;-;  185;-;  134;-;    4;-
4607;5027;05;A;  52;101109; 2;w;14; 3165;-; 3477;-;  269;-;  255;-; 2860;-; 2693;-;  164;-;    3;-;   13;-;    5;-;   94;-;  170;-;  129;-;   23;-; 3195;-; 2993;-;  195;-;    7;-;   14;-;    9;-;   91;-;  155;-;  117;-;   13;-
4607;5027;05;A;  52;101109; 2;w;15; 2848;-; 3972;-;  250;-;  243;-; 2551;-; 2362;-;  188;-;    1;-;   19;-;    2;-;   90;-;  158;-;  127;-;   28;-; 3684;-; 3483;-;  197;-;    4;-;   23;-;    7;-;   82;-;  154;-;  114;-;   22;-
4607;5027;05;A;  52;101109; 2;w;16; 3232;-; 4265;-;  221;-;  238;-; 2969;-; 2766;-;  200;-;    3;-;   19;-;    1;-;   85;-;  135;-;  105;-;   23;-; 3957;-; 3782;-;  171;-;    4;-;   37;-;    6;-;   82;-;  150;-;  113;-;   33;-
4607;5027;05;A;  52;101109; 2;w;17; 3522;-; 4172;-;  170;-;  165;-; 3307;-; 3140;-;  165;-;    2;-;   22;-;    2;-;   60;-;  108;-;   78;-;   23;-; 3942;-; 3780;-;  156;-;    6;-;   23;-;    4;-;   42;-;  119;-;  100;-;   42;-
4607;5027;05;A;  52;101109; 2;w;18; 3330;-; 4082;-;  119;-;  121;-; 3183;-; 3056;-;  120;-;    7;-;    7;-;    9;-;   29;-;   81;-;   64;-;   21;-; 3905;-; 3779;-;  113;-;   13;-;   21;-;    3;-;   48;-;   70;-;   54;-;   35;-
4607;5027;05;A;  52;101109; 2;w;19; 3283;-; 4209;-;  101;-;  135;-; 3157;-; 3074;-;   79;-;    4;-;    8;-;    2;-;   22;-;   77;-;   59;-;   17;-; 4020;-; 3918;-;  100;-;    2;-;   27;-;    2;-;   31;-;  102;-;   74;-;   27;-
4607;5027;05;A;  52;101109; 2;w;20; 2371;-; 3283;-;   78;-;  100;-; 2271;-; 2187;-;   76;-;    8;-;    1;-;    4;-;   13;-;   61;-;   54;-;   21;-; 3145;-; 3053;-;   88;-;    4;-;   14;-;    1;-;   24;-;   75;-;   58;-;   24;-
4607;5027;05;A;  52;101109; 2;w;21; 1579;-; 2150;-;   64;-;   61;-; 1500;-; 1442;-;   57;-;    1;-;    5;-;    4;-;   15;-;   45;-;   29;-;   10;-; 2083;-; 1997;-;   82;-;    4;-;    2;-;    3;-;   10;-;   48;-;   36;-;    4;-
4607;5027;05;A;  52;101109; 2;w;22; 1336;-; 1624;-;   67;-;   53;-; 1250;-; 1182;-;   64;-;    4;-;    1;-;    2;-;   16;-;   49;-;   34;-;   18;-; 1567;-; 1502;-;   63;-;    2;-;    1;-;    1;-;   11;-;   41;-;   26;-;    3;-
4607;5027;05;A;  52;101109; 2;w;23;  873;-; 1527;-;   49;-;   45;-;  818;-;  769;-;   49;-;    0;-;    1;-;    1;-;   12;-;   36;-;   28;-;    5;-; 1477;-; 1427;-;   46;-;    4;-;    1;-;    1;-;    9;-;   35;-;   24;-;    4;-
4607;5027;05;A;  52;101109; 2;w;24;  445;-;  962;-;   28;-;   62;-;  410;-;  358;-;   52;-;    0;-;    4;-;    0;-;    5;-;   23;-;   20;-;    3;-;  895;-;  852;-;   43;-;    0;-;    1;-;    2;-;    6;-;   54;-;   37;-;    4;-
4607;5027;05;A;  52;101110; 3;w;01;  236;-;  314;-;   37;-;   44;-;  198;-;  169;-;   29;-;    0;-;    1;-;    1;-;    7;-;   29;-;   21;-;    0;-;  268;-;  257;-;   10;-;    1;-;    2;-;    2;-;    9;-;   33;-;   22;-;    0;-
4607;5027;05;A;  52;101110; 3;w;02;  133;-;  180;-;   46;-;   33;-;   85;-;   74;-;   11;-;    0;-;    1;-;    1;-;    9;-;   36;-;   27;-;    1;-;  146;-;  124;-;   22;-;    0;-;    0;-;    0;-;    3;-;   30;-;   24;-;    1;-
4607;5027;05;A;  52;101110; 3;w;03;  141;-;  155;-;   50;-;   57;-;   91;-;   74;-;   17;-;    0;-;    0;-;    0;-;    8;-;   42;-;   30;-;    0;-;   97;-;   81;-;   16;-;    0;-;    1;-;    1;-;    9;-;   47;-;   34;-;    0;-
4607;5027;05;A;  52;101110; 3;w;04;  335;-;  184;-;   53;-;   56;-;  279;-;  253;-;   26;-;    0;-;    1;-;    1;-;   14;-;   38;-;   24;-;    2;-;  127;-;   98;-;   29;-;    0;-;    0;-;    0;-;   21;-;   35;-;   20;-;    1;-
4607;5027;05;A;  52;101110; 3;w;05;  814;-;  327;-;  109;-;   95;-;  701;-;  657;-;   43;-;    1;-;    1;-;    6;-;   37;-;   66;-;   47;-;    3;-;  232;-;  197;-;   34;-;    1;-;    0;-;    0;-;   34;-;   61;-;   42;-;    0;-
4607;5027;05;A;  52;101110; 3;w;06; 2620;-;  831;-;  183;-;  125;-; 2416;-; 2324;-;   85;-;    7;-;    4;-;    5;-;   55;-;  123;-;   96;-;   17;-;  702;-;  649;-;   52;-;    1;-;    2;-;    0;-;   40;-;   85;-;   65;-;    2;-
4607;5027;05;A;  52;101110; 3;w;07; 5145;-; 2037;-;  225;-;  152;-; 4877;-; 4647;-;  219;-;   11;-;   12;-;    5;-;   77;-;  143;-;  104;-;   31;-; 1869;-; 1755;-;  112;-;    2;-;    8;-;    2;-;   54;-;   96;-;   80;-;    8;-
4607;5027;05;A;  52;101110; 3;w;08; 6211;-; 3640;-;  250;-;  193;-; 5918;-; 5687;-;  221;-;   10;-;   19;-;    9;-;  100;-;  141;-;  104;-;   24;-; 3421;-; 3281;-;  135;-;    5;-;   13;-;    4;-;   86;-;  103;-;   80;-;   13;-
4607;5027;05;A;  52;101110; 3;w;09; 5987;-; 3898;-;  237;-;  230;-; 5693;-; 5509;-;  176;-;    8;-;   22;-;    9;-;  104;-;  124;-;   95;-;   35;-; 3638;-; 3519;-;  118;-;    1;-;   15;-;    9;-;   87;-;  134;-;  105;-;   15;-
4607;5027;05;A;  52;101110; 3;w;10; 4338;-; 3009;-;  283;-;  278;-; 4012;-; 3837;-;  172;-;    3;-;   17;-;    3;-;  102;-;  178;-;  134;-;   26;-; 2709;-; 2530;-;  178;-;    1;-;   18;-;    8;-;  107;-;  163;-;  135;-;    4;-
4607;5027;05;A;  52;101110; 3;w;11; 3045;-; 2465;-;  276;-;  247;-; 2728;-; 2534;-;  191;-;    3;-;   10;-;    7;-;  101;-;  168;-;  137;-;   31;-; 2200;-; 2012;-;  186;-;    2;-;   11;-;    6;-;   89;-;  152;-;  115;-;    7;-
4607;5027;05;A;  52;101110; 3;w;12; 2699;-; 2528;-;  263;-;  244;-; 2414;-; 2225;-;  185;-;    4;-;   11;-;    5;-;   91;-;  167;-;  126;-;   11;-; 2266;-; 2100;-;  166;-;    0;-;   11;-;    6;-;   75;-;  163;-;  127;-;    7;-
4607;5027;05;A;  52;101110; 3;w;13; 2910;-; 2772;-;  248;-;  263;-; 2629;-; 2450;-;  176;-;    3;-;   15;-;    4;-;   98;-;  146;-;  116;-;   18;-; 2487;-; 2308;-;  177;-;    2;-;   20;-;    4;-;  105;-;  154;-;  117;-;    2;-
4607;5027;05;A;  52;101110; 3;w;14; 3156;-; 3387;-;  235;-;  240;-; 2884;-; 2742;-;  139;-;    3;-;   14;-;    9;-;   86;-;  140;-;  112;-;   23;-; 3110;-; 2940;-;  167;-;    3;-;   16;-;    4;-;   87;-;  149;-;  118;-;   21;-
4607;5027;05;A;  52;101110; 3;w;15; 2906;-; 3404;-;  231;-;  229;-; 2624;-; 2465;-;  151;-;    8;-;   13;-;    7;-;   96;-;  128;-;  101;-;   38;-; 3116;-; 2964;-;  147;-;    5;-;   18;-;    3;-;   96;-;  130;-;  107;-;   41;-
4607;5027;05;A;  52;101110; 3;w;16; 3039;-; 3628;-;  207;-;  211;-; 2791;-; 2624;-;  162;-;    5;-;   16;-;    6;-;   78;-;  123;-;   93;-;   25;-; 3363;-; 3199;-;  158;-;    6;-;   22;-;    4;-;   66;-;  141;-;  107;-;   32;-
4607;5027;05;A;  52;101110; 3;w;17; 3396;-; 3906;-;  161;-;  183;-; 3206;-; 3043;-;  158;-;    5;-;   10;-;    3;-;   54;-;  104;-;   79;-;   19;-; 3663;-; 3514;-;  142;-;    7;-;   26;-;    5;-;   56;-;  122;-;   94;-;   34;-
4607;5027;05;A;  52;101110; 3;w;18; 3394;-; 4134;-;  140;-;  143;-; 3225;-; 3102;-;  114;-;    9;-;    4;-;    1;-;   44;-;   95;-;   68;-;   25;-; 3940;-; 3816;-;  122;-;    2;-;   10;-;    5;-;   40;-;   98;-;   74;-;   41;-
4607;5027;05;A;  52;101110; 3;w;19; 3357;-; 4051;-;   90;-;  111;-; 3241;-; 3137;-;   97;-;    7;-;    5;-;    4;-;   21;-;   65;-;   43;-;   21;-; 3879;-; 3775;-;   96;-;    8;-;   24;-;    3;-;   34;-;   74;-;   59;-;   37;-
4607;5027;05;A;  52;101110; 3;w;20; 2526;-; 3581;-;   81;-;  103;-; 2406;-; 2307;-;   94;-;    5;-;    8;-;    0;-;   18;-;   63;-;   49;-;   31;-; 3462;-; 3375;-;   85;-;    2;-;    4;-;    4;-;   24;-;   75;-;   60;-;   12;-
4607;5027;05;A;  52;101110; 3;w;21; 1541;-; 2230;-;   65;-;   70;-; 1454;-; 1370;-;   82;-;    2;-;    6;-;    2;-;   17;-;   46;-;   35;-;   16;-; 2152;-; 2071;-;   76;-;    5;-;    4;-;    6;-;    8;-;   56;-;   40;-;    4;-
4607;5027;05;A;  52;101110; 3;w;22; 1357;-; 1721;-;   44;-;   62;-; 1302;-; 1244;-;   53;-;    5;-;    4;-;    3;-;    8;-;   33;-;   22;-;    7;-; 1655;-; 1591;-;   62;-;    2;-;    3;-;    1;-;    9;-;   52;-;   34;-;    1;-
4607;5027;05;A;  52;101110; 3;w;23;  930;-; 1820;-;   44;-;   62;-;  874;-;  807;-;   66;-;    1;-;    3;-;    4;-;    7;-;   33;-;   26;-;    9;-; 1751;-; 1686;-;   63;-;    2;-;    1;-;    4;-;   14;-;   44;-;   29;-;    6;-
4607;5027;05;A;  52;101110; 3;w;24;  475;-;  852;-;   43;-;   52;-;  427;-;  393;-;   33;-;    1;-;    2;-;    1;-;    9;-;   33;-;   27;-;    3;-;  796;-;  752;-;   44;-;    0;-;    0;-;    2;-;   10;-;   40;-;   24;-;    4;-
4607;5027;05;A;  52;101111; 4;w;01;  272;-;  349;-;   45;-;   52;-;  222;-;  185;-;   36;-;    1;-;    4;-;    4;-;    6;-;   35;-;   27;-;    1;-;  294;-;  269;-;   24;-;    1;-;    1;-;    6;-;   11;-;   35;-;   27;-;    2;-
4607;5027;05;A;  52;101111; 4;w;02;  145;-;  188;-;   35;-;   37;-;  108;-;   88;-;   20;-;    0;-;    1;-;    1;-;    9;-;   25;-;   16;-;    1;-;  150;-;  131;-;   19;-;    0;-;    1;-;    0;-;    4;-;   33;-;   24;-;    0;-
4607;5027;05;A;  52;101111; 4;w;03;  145;-;  132;-;   44;-;   41;-;   99;-;   85;-;   14;-;    0;-;    1;-;    1;-;    9;-;   34;-;   20;-;    1;-;   89;-;   74;-;   15;-;    0;-;    1;-;    0;-;   10;-;   31;-;   27;-;    1;-
4607;5027;05;A;  52;101111; 4;w;04;  314;-;  189;-;   65;-;   69;-;  247;-;  229;-;   17;-;    1;-;    2;-;    1;-;   20;-;   44;-;   29;-;    0;-;  119;-;   92;-;   26;-;    1;-;    0;-;    0;-;   24;-;   45;-;   36;-;    1;-
4607;5027;05;A;  52;101111; 4;w;05;  785;-;  300;-;  111;-;   87;-;  662;-;  618;-;   43;-;    1;-;    4;-;    6;-;   38;-;   67;-;   47;-;    8;-;  212;-;  184;-;   28;-;    0;-;    1;-;    0;-;   31;-;   56;-;   45;-;    0;-
4607;5027;05;A;  52;101111; 4;w;06; 2568;-;  835;-;  182;-;  116;-; 2349;-; 2242;-;  102;-;    5;-;   14;-;    4;-;   56;-;  122;-;   93;-;   23;-;  711;-;  650;-;   59;-;    2;-;    3;-;    3;-;   34;-;   79;-;   56;-;    5;-
4607;5027;05;A;  52;101111; 4;w;07; 5290;-; 1991;-;  238;-;  150;-; 5002;-; 4737;-;  251;-;   14;-;   20;-;    3;-;   96;-;  139;-;   93;-;   30;-; 1826;-; 1707;-;  115;-;    4;-;    4;-;    2;-;   60;-;   88;-;   68;-;   11;-
4607;5027;05;A;  52;101111; 4;w;08; 5646;-; 3678;-;  239;-;  213;-; 5298;-; 5121;-;  167;-;   10;-;   37;-;   13;-;   95;-;  131;-;  106;-;   72;-; 3427;-; 3266;-;  161;-;    0;-;   20;-;    5;-;   89;-;  119;-;   84;-;   18;-
4607;5027;05;A;  52;101111; 4;w;09; 5749;-; 3970;-;  248;-;  257;-; 5410;-; 5184;-;  213;-;   13;-;   20;-;    5;-;  101;-;  142;-;  105;-;   71;-; 3693;-; 3534;-;  157;-;    2;-;    8;-;    4;-;  106;-;  147;-;  113;-;   12;-
4607;5027;05;A;  52;101111; 4;w;10; 4072;-; 2887;-;  272;-;  282;-; 3740;-; 3556;-;  181;-;    3;-;   16;-;    9;-;  102;-;  161;-;  123;-;   44;-; 2584;-; 2394;-;  186;-;    4;-;   11;-;    4;-;  113;-;  165;-;  129;-;   10;-
4607;5027;05;A;  52;101111; 4;w;11; 3122;-; 2397;-;  269;-;  248;-; 2817;-; 2615;-;  198;-;    4;-;   19;-;    4;-;   89;-;  176;-;  137;-;   17;-; 2132;-; 1938;-;  192;-;    2;-;   15;-;    4;-;   89;-;  155;-;  120;-;    2;-
4607;5027;05;A;  52;101111; 4;w;12; 2741;-; 2690;-;  260;-;  295;-; 2452;-; 2259;-;  192;-;    1;-;    8;-;    5;-;   87;-;  168;-;  140;-;   21;-; 2361;-; 2173;-;  185;-;    3;-;   24;-;    6;-;  107;-;  182;-;  145;-;   10;-
4607;5027;05;A;  52;101111; 4;w;13; 2997;-; 2894;-;  248;-;  272;-; 2717;-; 2509;-;  201;-;    7;-;   14;-;    3;-;   81;-;  164;-;  136;-;   18;-; 2603;-; 2415;-;  186;-;    2;-;   13;-;    2;-;  103;-;  167;-;  126;-;    6;-
4607;5027;05;A;  52;101111; 4;w;14; 3094;-; 3535;-;  249;-;  253;-; 2801;-; 2611;-;  182;-;    8;-;   18;-;    6;-;   93;-;  150;-;  121;-;   26;-; 3258;-; 3070;-;  185;-;    3;-;   13;-;    4;-;   95;-;  154;-;  123;-;   11;-
4607;5027;05;A;  52;101111; 4;w;15; 2891;-; 3518;-;  242;-;  222;-; 2605;-; 2416;-;  187;-;    2;-;   18;-;    6;-;   96;-;  140;-;  109;-;   26;-; 3252;-; 3087;-;  158;-;    7;-;   17;-;    7;-;   65;-;  150;-;  115;-;   27;-
4607;5027;05;A;  52;101111; 4;w;16; 3041;-; 3707;-;  203;-;  198;-; 2801;-; 2647;-;  146;-;    8;-;   17;-;    3;-;   74;-;  126;-;   99;-;   20;-; 3442;-; 3280;-;  158;-;    4;-;   32;-;    4;-;   64;-;  130;-;   96;-;   35;-
4607;5027;05;A;  52;101111; 4;w;17; 2777;-; 3787;-;  151;-;  151;-; 2476;-; 2354;-;  119;-;    3;-;   19;-;    3;-;   52;-;   96;-;   76;-;  131;-; 3603;-; 3463;-;  137;-;    3;-;   20;-;    5;-;   54;-;   92;-;   66;-;   13;-
4607;5027;05;A;  52;101111; 4;w;18; 2998;-; 4099;-;  126;-;  118;-; 2808;-; 2716;-;   86;-;    6;-;    9;-;    4;-;   39;-;   83;-;   68;-;   55;-; 3940;-; 3808;-;  126;-;    6;-;   23;-;    5;-;   43;-;   70;-;   49;-;   18;-
4607;5027;05;A;  52;101111; 4;w;19; 3403;-; 4095;-;  121;-;   99;-; 3245;-; 3163;-;   76;-;    6;-;    8;-;    0;-;   29;-;   92;-;   77;-;   29;-; 3950;-; 3852;-;   97;-;    1;-;   21;-;    7;-;   26;-;   66;-;   51;-;   25;-
4607;5027;05;A;  52;101111; 4;w;20; 2334;-; 3479;-;   88;-;   83;-; 2222;-; 2130;-;   91;-;    1;-;    4;-;    3;-;   24;-;   61;-;   41;-;   20;-; 3363;-; 3273;-;   85;-;    5;-;   12;-;    4;-;   17;-;   62;-;   53;-;   21;-
4607;5027;05;A;  52;101111; 4;w;21; 1510;-; 2033;-;   64;-;   73;-; 1434;-; 1350;-;   84;-;    0;-;    4;-;    5;-;   13;-;   46;-;   34;-;    8;-; 1950;-; 1870;-;   77;-;    3;-;    5;-;    6;-;   20;-;   47;-;   32;-;    5;-
4607;5027;05;A;  52;101111; 4;w;22; 1352;-; 1720;-;   51;-;   56;-; 1293;-; 1235;-;   55;-;    3;-;    2;-;    2;-;    8;-;   41;-;   31;-;    6;-; 1657;-; 1611;-;   45;-;    1;-;    3;-;    4;-;   11;-;   41;-;   28;-;    4;-
4607;5027;05;A;  52;101111; 4;w;23;  903;-; 1625;-;   52;-;   44;-;  841;-;  788;-;   53;-;    0;-;    0;-;    2;-;   11;-;   39;-;   33;-;   10;-; 1574;-; 1511;-;   61;-;    2;-;    1;-;    2;-;    8;-;   34;-;   26;-;    6;-
4607;5027;05;A;  52;101111; 4;w;24;  600;-; 1150;-;   53;-;   48;-;  545;-;  514;-;   30;-;    1;-;    1;-;    2;-;   15;-;   36;-;   28;-;    1;-; 1092;-; 1042;-;   49;-;    1;-;    3;-;    3;-;   11;-;   34;-;   24;-;    7;-
4607;5027;05;A;  52;101112; 5;w;01;  325;-;  406;-;   31;-;   41;-;  291;-;  261;-;   30;-;    0;-;    0;-;    0;-;    4;-;   27;-;   21;-;    3;-;  360;-;  337;-;   22;-;    1;-;    1;-;    2;-;    5;-;   34;-;   26;-;    4;-
4607;5027;05;A;  52;101112; 5;w;02;  182;-;  196;-;   45;-;   33;-;  133;-;  117;-;   15;-;    1;-;    2;-;    2;-;   10;-;   33;-;   29;-;    2;-;  161;-;  144;-;   17;-;    0;-;    1;-;    0;-;    5;-;   28;-;   19;-;    1;-
4607;5027;05;A;  52;101112; 5;w;03;  153;-;  157;-;   54;-;   42;-;   97;-;   84;-;   13;-;    0;-;    2;-;    2;-;   13;-;   39;-;   27;-;    0;-;  112;-;   92;-;   20;-;    0;-;    2;-;    0;-;    9;-;   33;-;   27;-;    1;-
4607;5027;05;A;  52;101112; 5;w;04;  385;-;  189;-;   67;-;   58;-;  316;-;  291;-;   25;-;    0;-;    1;-;    2;-;   22;-;   43;-;   34;-;    1;-;  130;-;  114;-;   16;-;    0;-;    1;-;    1;-;   18;-;   39;-;   27;-;    0;-
4607;5027;05;A;  52;101112; 5;w;05;  869;-;  369;-;  113;-;   95;-;  752;-;  710;-;   42;-;    0;-;    0;-;    5;-;   36;-;   72;-;   50;-;    4;-;  271;-;  243;-;   27;-;    1;-;    2;-;    1;-;   42;-;   52;-;   37;-;    1;-
4607;5027;05;A;  52;101112; 5;w;06; 2387;-;  802;-;  219;-;  128;-; 2147;-; 2064;-;   75;-;    8;-;    3;-;    3;-;   72;-;  144;-;  114;-;   18;-;  669;-;  617;-;   50;-;    2;-;    1;-;    3;-;   41;-;   84;-;   56;-;    4;-
4607;5027;05;A;  52;101112; 5;w;07; 5204;-; 1850;-;  231;-;  137;-; 4941;-; 4688;-;  248;-;    5;-;   19;-;    4;-;   89;-;  138;-;   98;-;   13;-; 1703;-; 1589;-;  111;-;    3;-;    7;-;    0;-;   50;-;   87;-;   69;-;    3;-
4607;5027;05;A;  52;101112; 5;w;08; 6166;-; 3436;-;  272;-;  198;-; 5842;-; 5612;-;  222;-;    8;-;   32;-;   12;-;  115;-;  145;-;  105;-;   20;-; 3216;-; 3056;-;  155;-;    5;-;    8;-;    3;-;   78;-;  117;-;   87;-;   14;-
4607;5027;05;A;  52;101112; 5;w;09; 5408;-; 3795;-;  262;-;  278;-; 5106;-; 4898;-;  199;-;    9;-;   15;-;    6;-;  111;-;  145;-;  110;-;   25;-; 3497;-; 3332;-;  164;-;    1;-;   10;-;    6;-;  123;-;  149;-;  110;-;   10;-
4607;5027;05;A;  52;101112; 5;w;10; 3702;-; 2759;-;  294;-;  312;-; 3357;-; 3147;-;  207;-;    3;-;   19;-;    5;-;  111;-;  178;-;  140;-;   32;-; 2428;-; 2229;-;  195;-;    4;-;   14;-;    3;-;  130;-;  179;-;  143;-;    5;-
4607;5027;05;A;  52;101112; 5;w;11; 2910;-; 2508;-;  280;-;  287;-; 2587;-; 2358;-;  225;-;    4;-;   17;-;    6;-;  100;-;  174;-;  147;-;   26;-; 2211;-; 2011;-;  197;-;    3;-;    8;-;    8;-;   90;-;  189;-;  153;-;    2;-
4607;5027;05;A;  52;101112; 5;w;12; 2621;-; 2846;-;  268;-;  270;-; 2330;-; 2143;-;  180;-;    7;-;   13;-;    1;-;   99;-;  168;-;  143;-;   10;-; 2553;-; 2329;-;  224;-;    0;-;   15;-;    2;-;   86;-;  182;-;  151;-;    8;-
4607;5027;05;A;  52;101112; 5;w;13; 2972;-; 3590;-;  218;-;  264;-; 2719;-; 2529;-;  185;-;    5;-;   15;-;    5;-;   79;-;  134;-;  114;-;   20;-; 3258;-; 3088;-;  167;-;    3;-;   31;-;    2;-;  103;-;  159;-;  127;-;   37;-
4607;5027;05;A;  52;101112; 5;w;14; 3405;-; 3900;-;  240;-;  229;-; 3124;-; 2945;-;  174;-;    5;-;   17;-;    2;-;   79;-;  159;-;  119;-;   24;-; 3614;-; 3448;-;  163;-;    3;-;   22;-;    3;-;   70;-;  156;-;  116;-;   35;-
4607;5027;05;A;  52;101112; 5;w;15; 3355;-; 3938;-;  225;-;  195;-; 3101;-; 2902;-;  193;-;    6;-;   10;-;    4;-;   89;-;  132;-;  107;-;   19;-; 3664;-; 3491;-;  168;-;    5;-;   29;-;    6;-;   69;-;  120;-;   90;-;   50;-
4607;5027;05;A;  52;101112; 5;w;16; 3661;-; 4065;-;  207;-;  209;-; 3412;-; 3235;-;  171;-;    6;-;   19;-;    5;-;   68;-;  134;-;  106;-;   23;-; 3782;-; 3645;-;  134;-;    3;-;   35;-;    8;-;   70;-;  131;-;   94;-;   39;-
4607;5027;05;A;  52;101112; 5;w;17; 3877;-; 3879;-;  146;-;  168;-; 3686;-; 3521;-;  158;-;    7;-;   11;-;    7;-;   48;-;   91;-;   73;-;   34;-; 3647;-; 3528;-;  113;-;    6;-;   17;-;    6;-;   57;-;  105;-;   88;-;   47;-
4607;5027;05;A;  52;101112; 5;w;18; 3368;-; 3867;-;  112;-;  112;-; 3208;-; 3117;-;   87;-;    4;-;    7;-;    3;-;   31;-;   78;-;   58;-;   41;-; 3715;-; 3598;-;  111;-;    6;-;   12;-;    5;-;   32;-;   75;-;   60;-;   28;-
4607;5027;05;A;  52;101112; 5;w;19; 2901;-; 3958;-;   69;-;  119;-; 2811;-; 2733;-;   73;-;    5;-;    7;-;    3;-;   16;-;   50;-;   33;-;   14;-; 3808;-; 3714;-;   93;-;    1;-;   10;-;    6;-;   31;-;   82;-;   71;-;   21;-
4607;5027;05;A;  52;101112; 5;w;20; 2194;-; 2998;-;   54;-;   82;-; 2122;-; 2045;-;   72;-;    5;-;    2;-;    1;-;   15;-;   38;-;   26;-;   16;-; 2897;-; 2799;-;   95;-;    3;-;    6;-;    2;-;   16;-;   64;-;   47;-;   13;-
4607;5027;05;A;  52;101112; 5;w;21; 1671;-; 2516;-;   57;-;   72;-; 1602;-; 1537;-;   62;-;    3;-;    6;-;    5;-;   20;-;   32;-;   26;-;    6;-; 2436;-; 2372;-;   63;-;    1;-;    7;-;    8;-;   11;-;   53;-;   37;-;    1;-
4607;5027;05;A;  52;101112; 5;w;22; 1410;-; 1730;-;   46;-;   53;-; 1356;-; 1312;-;   39;-;    5;-;    1;-;    2;-;   15;-;   29;-;   21;-;    7;-; 1669;-; 1614;-;   54;-;    1;-;    1;-;    4;-;   14;-;   35;-;   22;-;    7;-
4607;5027;05;A;  52;101112; 5;w;23; 1088;-; 1686;-;   33;-;   44;-; 1047;-; 1008;-;   39;-;    0;-;    2;-;    2;-;    6;-;   25;-;   19;-;    6;-; 1639;-; 1587;-;   48;-;    4;-;    2;-;    0;-;   12;-;   32;-;   24;-;    1;-
4607;5027;05;A;  52;101112; 5;w;24;  960;-; 1330;-;   31;-;   41;-;  914;-;  868;-;   43;-;    3;-;    5;-;    1;-;    6;-;   24;-;   21;-;   10;-; 1285;-; 1225;-;   58;-;    2;-;    0;-;    1;-;    6;-;   34;-;   25;-;    4;-
4607;5027;05;A;  52;101113; 6;w;01;  628;-;  718;-;   23;-;   40;-;  600;-;  566;-;   31;-;    3;-;    0;-;    1;-;    7;-;   15;-;    9;-;    5;-;  675;-;  649;-;   24;-;    2;-;    1;-;    6;-;    4;-;   30;-;   24;-;    2;-
4607;5027;05;A;  52;101113; 6;w;02;  332;-;  374;-;   29;-;   22;-;  298;-;  281;-;   17;-;    0;-;    2;-;    2;-;    8;-;   19;-;   15;-;    3;-;  349;-;  326;-;   23;-;    0;-;    1;-;    0;-;    8;-;   14;-;   11;-;    2;-
4607;5027;05;A;  52;101113; 6;w;03;  249;-;  251;-;   36;-;   20;-;  209;-;  193;-;   14;-;    2;-;    1;-;    0;-;    9;-;   27;-;   18;-;    3;-;  228;-;  213;-;   15;-;    0;-;    1;-;    0;-;    9;-;   11;-;    6;-;    2;-
4607;5027;05;A;  52;101113; 6;w;04;  364;-;  242;-;   43;-;   36;-;  318;-;  296;-;   21;-;    1;-;    0;-;    1;-;   16;-;   26;-;   15;-;    3;-;  204;-;  190;-;   13;-;    1;-;    2;-;    0;-;   16;-;   20;-;   14;-;    0;-
4607;5027;05;A;  52;101113; 6;w;05;  538;-;  383;-;   48;-;   52;-;  488;-;  461;-;   26;-;    1;-;    0;-;    2;-;   17;-;   29;-;   17;-;    2;-;  330;-;  292;-;   38;-;    0;-;    0;-;    2;-;   27;-;   23;-;   12;-;    1;-
4607;5027;05;A;  52;101113; 6;w;06;  944;-;  512;-;   57;-;   40;-;  875;-;  840;-;   33;-;    2;-;    7;-;    5;-;   26;-;   26;-;   21;-;    5;-;  472;-;  435;-;   37;-;    0;-;    0;-;    0;-;   17;-;   23;-;   14;-;    0;-
4607;5027;05;A;  52;101113; 6;w;07;  825;-;  660;-;   60;-;   34;-;  759;-;  701;-;   56;-;    2;-;    3;-;    2;-;   29;-;   29;-;   19;-;    3;-;  619;-;  565;-;   54;-;    0;-;    7;-;    4;-;   14;-;   16;-;    7;-;    0;-
4607;5027;05;A;  52;101113; 6;w;08; 1329;-;  895;-;   64;-;   61;-; 1249;-; 1146;-;  102;-;    1;-;   10;-;    2;-;   32;-;   30;-;   25;-;    6;-;  829;-;  765;-;   64;-;    0;-;    3;-;    3;-;   30;-;   28;-;   23;-;    2;-
4607;5027;05;A;  52;101113; 6;w;09; 1629;-; 1354;-;   44;-;   64;-; 1568;-; 1465;-;  101;-;    2;-;   12;-;    0;-;   22;-;   22;-;   16;-;    5;-; 1282;-; 1197;-;   83;-;    2;-;    8;-;    9;-;   38;-;   17;-;   13;-;    0;-
4607;5027;05;A;  52;101113; 6;w;10; 2137;-; 1843;-;   66;-;   44;-; 2046;-; 1938;-;  107;-;    1;-;   15;-;    2;-;   47;-;   17;-;   14;-;   10;-; 1789;-; 1715;-;   74;-;    0;-;    5;-;    2;-;   17;-;   25;-;   21;-;    5;-
4607;5027;05;A;  52;101113; 6;w;11; 2260;-; 2025;-;   39;-;   57;-; 2197;-; 2107;-;   86;-;    4;-;   15;-;    2;-;   20;-;   17;-;   15;-;    9;-; 1950;-; 1858;-;   92;-;    0;-;   14;-;    3;-;   26;-;   28;-;   23;-;    4;-
4607;5027;05;A;  52;101113; 6;w;12; 2379;-; 2222;-;   56;-;   33;-; 2301;-; 2211;-;   88;-;    2;-;   10;-;    5;-;   24;-;   27;-;   21;-;   12;-; 2172;-; 2078;-;   92;-;    2;-;   11;-;    1;-;   16;-;   16;-;   13;-;    6;-
4607;5027;05;A;  52;101113; 6;w;13; 2555;-; 2631;-;   38;-;   37;-; 2489;-; 2395;-;   89;-;    5;-;   15;-;    5;-;   20;-;   13;-;    9;-;   13;-; 2572;-; 2477;-;   93;-;    2;-;   15;-;    4;-;   18;-;   15;-;   13;-;    7;-
4607;5027;05;A;  52;101113; 6;w;14; 2559;-; 2880;-;   36;-;   34;-; 2494;-; 2374;-;  112;-;    8;-;   14;-;    2;-;   25;-;    9;-;    9;-;   15;-; 2834;-; 2736;-;   92;-;    6;-;    7;-;    2;-;   15;-;   17;-;   12;-;    5;-
4607;5027;05;A;  52;101113; 6;w;15; 2521;-; 3103;-;   42;-;   51;-; 2444;-; 2361;-;   76;-;    7;-;   15;-;    7;-;   20;-;   15;-;   14;-;   20;-; 3030;-; 2928;-;   97;-;    5;-;   20;-;    3;-;   27;-;   21;-;   16;-;    2;-
4607;5027;05;A;  52;101113; 6;w;16; 2383;-; 2629;-;   29;-;   24;-; 2322;-; 2230;-;   88;-;    4;-;    3;-;    7;-;   11;-;   11;-;   11;-;   29;-; 2581;-; 2484;-;   96;-;    1;-;   13;-;    5;-;    9;-;   10;-;    6;-;   11;-
4607;5027;05;A;  52;101113; 6;w;17; 2060;-; 2538;-;   23;-;   26;-; 2018;-; 1946;-;   68;-;    4;-;    5;-;    1;-;   15;-;    7;-;    6;-;   14;-; 2496;-; 2408;-;   87;-;    1;-;   11;-;    3;-;   11;-;   12;-;   12;-;    5;-
4607;5027;05;A;  52;101113; 6;w;18; 2224;-; 2470;-;   15;-;   30;-; 2189;-; 2121;-;   64;-;    4;-;    6;-;    2;-;    7;-;    6;-;    3;-;   14;-; 2427;-; 2347;-;   79;-;    1;-;    9;-;    3;-;   19;-;    8;-;    4;-;    4;-
4607;5027;05;A;  52;101113; 6;w;19; 2260;-; 2216;-;   14;-;   17;-; 2226;-; 2177;-;   44;-;    5;-;    9;-;    3;-;    6;-;    5;-;    3;-;   11;-; 2189;-; 2136;-;   52;-;    1;-;    5;-;    9;-;    6;-;    2;-;    2;-;    5;-
4607;5027;05;A;  52;101113; 6;w;20; 1691;-; 1826;-;   15;-;   27;-; 1663;-; 1622;-;   39;-;    2;-;    3;-;    4;-;   10;-;    1;-;    1;-;   10;-; 1793;-; 1732;-;   60;-;    1;-;    3;-;    3;-;   17;-;    7;-;    6;-;    3;-
4607;5027;05;A;  52;101113; 6;w;21; 1337;-; 1440;-;   13;-;   11;-; 1316;-; 1268;-;   45;-;    3;-;    1;-;    2;-;    9;-;    2;-;    1;-;    7;-; 1419;-; 1364;-;   54;-;    1;-;    4;-;    0;-;    8;-;    3;-;    3;-;    6;-
4607;5027;05;A;  52;101113; 6;w;22;  999;-;  998;-;   17;-;   21;-;  975;-;  952;-;   23;-;    0;-;    2;-;    3;-;    6;-;    8;-;    6;-;    5;-;  972;-;  942;-;   30;-;    0;-;    4;-;    5;-;   11;-;    5;-;    5;-;    1;-
4607;5027;05;A;  52;101113; 6;w;23;  915;-;  986;-;    8;-;    9;-;  900;-;  866;-;   34;-;    0;-;    3;-;    0;-;    6;-;    2;-;    2;-;    4;-;  973;-;  945;-;   26;-;    2;-;    0;-;    2;-;    5;-;    2;-;    1;-;    4;-
4607;5027;05;A;  52;101113; 6;w;24;  912;-; 1005;-;   12;-;   11;-;  892;-;  872;-;   19;-;    1;-;    4;-;    7;-;    3;-;    2;-;    2;-;    4;-;  990;-;  963;-;   27;-;    0;-;    1;-;    1;-;    6;-;    4;-;    4;-;    3;-
4607;5027;05;A;  52;101114; 7;s;01;  883;-;  728;-;    8;-;    7;-;  870;-;  840;-;   29;-;    1;-;    0;-;    3;-;    3;-;    2;-;    2;-;    5;-;  721;-;  694;-;   26;-;    1;-;    0;-;    2;-;    4;-;    1;-;    1;-;    0;-
4607;5027;05;A;  52;101114; 7;s;02;  566;-;  519;-;    9;-;   10;-;  556;-;  535;-;   21;-;    0;-;    0;-;    4;-;    1;-;    4;-;    3;-;    1;-;  505;-;  487;-;   17;-;    1;-;    2;-;    4;-;    4;-;    2;-;    2;-;    2;-
4607;5027;05;A;  52;101114; 7;s;03;  367;-;  337;-;    7;-;    5;-;  358;-;  342;-;   16;-;    0;-;    1;-;    0;-;    5;-;    2;-;    2;-;    1;-;  332;-;  315;-;   17;-;    0;-;    0;-;    4;-;    1;-;    0;-;    0;-;    0;-
4607;5027;05;A;  52;101114; 7;s;04;  411;-;  308;-;    2;-;    5;-;  404;-;  382;-;   22;-;    0;-;    1;-;    0;-;    1;-;    1;-;    0;-;    4;-;  303;-;  285;-;   18;-;    0;-;    0;-;    0;-;    3;-;    2;-;    2;-;    0;-
4607;5027;05;A;  52;101114; 7;s;05;  465;-;  441;-;    4;-;    4;-;  458;-;  420;-;   36;-;    2;-;    0;-;    3;-;    0;-;    1;-;    1;-;    3;-;  431;-;  400;-;   31;-;    0;-;    4;-;    1;-;    3;-;    0;-;    0;-;    2;-
4607;5027;05;A;  52;101114; 7;s;06;  722;-;  433;-;   18;-;    7;-;  699;-;  672;-;   27;-;    0;-;    3;-;    1;-;    8;-;    9;-;    6;-;    2;-;  423;-;  391;-;   32;-;    0;-;    2;-;    2;-;    3;-;    2;-;    2;-;    1;-
4607;5027;05;A;  52;101114; 7;s;07;  421;-;  396;-;   14;-;    4;-;  400;-;  376;-;   24;-;    0;-;    3;-;    0;-;    7;-;    7;-;    6;-;    4;-;  388;-;  367;-;   21;-;    0;-;    2;-;    1;-;    1;-;    2;-;    2;-;    2;-
4607;5027;05;A;  52;101114; 7;s;08;  604;-;  396;-;   19;-;    6;-;  578;-;  510;-;   68;-;    0;-;    4;-;    0;-;   17;-;    2;-;    2;-;    3;-;  387;-;  355;-;   32;-;    0;-;    1;-;    0;-;    2;-;    4;-;    4;-;    2;-
4607;5027;05;A;  52;101114; 7;s;09;  870;-;  715;-;   20;-;   13;-;  845;-;  778;-;   66;-;    1;-;    1;-;    4;-;   11;-;    5;-;    5;-;    4;-;  692;-;  643;-;   49;-;    0;-;    6;-;    4;-;    3;-;    6;-;    5;-;    4;-
4607;5027;05;A;  52;101114; 7;s;10; 1157;-; 1019;-;   23;-;   11;-; 1122;-; 1057;-;   63;-;    2;-;    4;-;    4;-;   11;-;    8;-;    6;-;    8;-; 1003;-;  951;-;   52;-;    0;-;    3;-;    6;-;    2;-;    3;-;    3;-;    2;-
4607;5027;05;A;  52;101114; 7;s;11; 1409;-; 1488;-;   15;-;   17;-; 1365;-; 1285;-;   75;-;    5;-;    7;-;    3;-;    8;-;    4;-;    3;-;   22;-; 1458;-; 1382;-;   75;-;    1;-;   12;-;    7;-;    4;-;    6;-;    6;-;    1;-
4607;5027;05;A;  52;101114; 7;s;12; 1642;-; 1695;-;   18;-;   13;-; 1599;-; 1497;-;   94;-;    8;-;    8;-;    0;-;   16;-;    2;-;    1;-;   17;-; 1664;-; 1593;-;   70;-;    1;-;   14;-;    1;-;    2;-;   10;-;   10;-;    4;-
4607;5027;05;A;  52;101114; 7;s;13; 1816;-; 1902;-;   14;-;    7;-; 1776;-; 1698;-;   74;-;    4;-;    7;-;    0;-;   11;-;    3;-;    2;-;   19;-; 1883;-; 1818;-;   63;-;    2;-;    7;-;    0;-;    5;-;    2;-;    2;-;    5;-
4607;5027;05;A;  52;101114; 7;s;14; 2109;-; 2174;-;   17;-;   21;-; 2068;-; 1975;-;   89;-;    4;-;    9;-;    2;-;    8;-;    7;-;    7;-;   15;-; 2135;-; 2063;-;   67;-;    5;-;   12;-;    4;-;   10;-;    7;-;    5;-;    6;-
4607;5027;05;A;  52;101114; 7;s;15; 2247;-; 2380;-;   12;-;   29;-; 2200;-; 2119;-;   76;-;    5;-;   10;-;    1;-;    6;-;    5;-;    4;-;   25;-; 2331;-; 2270;-;   60;-;    1;-;   10;-;    4;-;   12;-;   13;-;    6;-;   10;-
4607;5027;05;A;  52;101114; 7;s;16; 2247;-; 2170;-;   21;-;   21;-; 2204;-; 2133;-;   68;-;    3;-;    7;-;    4;-;    9;-;    8;-;    8;-;   15;-; 2142;-; 2073;-;   68;-;    1;-;    5;-;    5;-;   10;-;    6;-;    6;-;    2;-
4607;5027;05;A;  52;101114; 7;s;17; 2364;-; 2183;-;   28;-;   18;-; 2327;-; 2232;-;   92;-;    3;-;    2;-;    7;-;   16;-;    5;-;    4;-;    7;-; 2152;-; 2081;-;   67;-;    4;-;    9;-;    3;-;   10;-;    5;-;    3;-;    4;-
4607;5027;05;A;  52;101114; 7;s;18; 2526;-; 2328;-;   23;-;   20;-; 2476;-; 2417;-;   56;-;    3;-;   12;-;    4;-;   11;-;    8;-;    6;-;   15;-; 2302;-; 2229;-;   71;-;    2;-;    3;-;    2;-;   13;-;    5;-;    3;-;    3;-
4607;5027;05;A;  52;101114; 7;s;19; 2315;-; 1950;-;   20;-;   21;-; 2267;-; 2188;-;   77;-;    2;-;    8;-;    0;-;    8;-;   12;-;   12;-;   20;-; 1920;-; 1841;-;   78;-;    1;-;    5;-;    4;-;   13;-;    4;-;    3;-;    4;-
4607;5027;05;A;  52;101114; 7;s;20; 1891;-; 1761;-;   18;-;   24;-; 1848;-; 1768;-;   78;-;    2;-;    7;-;    0;-;    7;-;   11;-;    9;-;   18;-; 1730;-; 1659;-;   70;-;    1;-;    5;-;    5;-;    8;-;   11;-;   11;-;    2;-
4607;5027;05;A;  52;101114; 7;s;21; 1419;-; 1261;-;   34;-;   23;-; 1369;-; 1318;-;   47;-;    4;-;    5;-;    6;-;   15;-;   13;-;   10;-;   11;-; 1231;-; 1164;-;   66;-;    1;-;    5;-;    7;-;    9;-;    7;-;    5;-;    2;-
4607;5027;05;A;  52;101114; 7;s;22; 1269;-; 1032;-;   24;-;   16;-; 1234;-; 1165;-;   67;-;    2;-;    6;-;    4;-;    6;-;   14;-;    8;-;    5;-; 1012;-;  966;-;   46;-;    0;-;    3;-;    2;-;    8;-;    6;-;    5;-;    1;-
4607;5027;05;A;  52;101114; 7;s;23;  894;-;  973;-;   28;-;   32;-;  861;-;  798;-;   62;-;    1;-;    1;-;    1;-;    3;-;   24;-;   21;-;    4;-;  934;-;  891;-;   41;-;    2;-;    2;-;    1;-;    7;-;   24;-;   20;-;    5;-
4607;5027;05;A;  52;101114; 7;s;24;  516;-;  758;-;   32;-;   33;-;  479;-;  435;-;   44;-;    0;-;    1;-;    2;-;    7;-;   23;-;   18;-;    4;-;  722;-;  685;-;   37;-;    0;-;    2;-;    2;-;   11;-;   20;-;   17;-;    1;-
4607;5027;05;A;  52;101115; 1;w;01;  242;-;  278;-;   20;-;   19;-;  220;-;  194;-;   26;-;    0;-;    0;-;    0;-;    7;-;   13;-;   10;-;    2;-;  258;-;  237;-;   20;-;    1;-;    0;-;    2;-;    3;-;   14;-;    9;-;    1;-
4607;5027;05;A;  52;101115; 1;w;02;  139;-;  137;-;   32;-;   20;-;  106;-;   95;-;   11;-;    0;-;    0;-;    1;-;    6;-;   25;-;   22;-;    1;-;  117;-;  102;-;   15;-;    0;-;    0;-;    0;-;    5;-;   15;-;   14;-;    0;-
4607;5027;05;A;  52;101115; 1;w;03;  128;-;  121;-;   34;-;   32;-;   93;-;   80;-;   13;-;    0;-;    1;-;    0;-;    8;-;   26;-;   18;-;    0;-;   86;-;   64;-;   22;-;    0;-;    2;-;    0;-;   11;-;   21;-;   16;-;    1;-
4607;5027;05;A;  52;101115; 1;w;04;  267;-;  149;-;   45;-;   45;-;  218;-;  197;-;   21;-;    0;-;    1;-;    0;-;   18;-;   27;-;   20;-;    3;-;  103;-;   82;-;   21;-;    0;-;    0;-;    0;-;   18;-;   27;-;   21;-;    1;-
4607;5027;05;A;  52;101115; 1;w;05;  903;-;  287;-;  122;-;   71;-;  776;-;  724;-;   49;-;    3;-;    1;-;    5;-;   41;-;   76;-;   59;-;    4;-;  215;-;  182;-;   31;-;    2;-;    0;-;    1;-;   39;-;   31;-;   24;-;    1;-
4607;5027;05;A;  52;101115; 1;w;06; 2941;-;  947;-;  218;-;  129;-; 2701;-; 2581;-;  112;-;    8;-;    4;-;    9;-;   71;-;  138;-;  112;-;   18;-;  810;-;  760;-;   48;-;    2;-;    3;-;    5;-;   27;-;   97;-;   77;-;    5;-
4607;5027;05;A;  52;101115; 1;w;07; 5261;-; 2290;-;  221;-;  179;-; 4997;-; 4754;-;  229;-;   14;-;   12;-;    6;-;   81;-;  134;-;  105;-;   31;-; 2097;-; 1976;-;  117;-;    4;-;    7;-;    3;-;   73;-;  103;-;   81;-;    7;-
4607;5027;05;A;  52;101115; 1;w;08; 6304;-; 3682;-;  252;-;  215;-; 5968;-; 5712;-;  243;-;   13;-;   19;-;    7;-;   98;-;  147;-;  113;-;   65;-; 3440;-; 3301;-;  138;-;    1;-;   15;-;    4;-;   84;-;  127;-;  100;-;   12;-
4607;5027;05;A;  52;101115; 1;w;09; 6148;-; 4011;-;  282;-;  210;-; 5806;-; 5565;-;  234;-;    7;-;   25;-;    4;-;  118;-;  160;-;  130;-;   35;-; 3745;-; 3586;-;  157;-;    2;-;   12;-;    7;-;   91;-;  112;-;   89;-;   44;-
4607;5027;05;A;  52;101115; 1;w;10; 4604;-; 2954;-;  279;-;  252;-; 4277;-; 4028;-;  245;-;    4;-;   19;-;    8;-;   97;-;  174;-;  136;-;   29;-; 2680;-; 2481;-;  195;-;    4;-;   14;-;    3;-;  104;-;  145;-;  106;-;    8;-
4607;5027;05;A;  52;101115; 1;w;11; 3014;-; 2293;-;  251;-;  237;-; 2739;-; 2526;-;  209;-;    4;-;    8;-;    6;-;   93;-;  152;-;  119;-;   16;-; 2037;-; 1857;-;  179;-;    1;-;   13;-;    6;-;   91;-;  140;-;  108;-;    6;-
4607;5027;05;A;  52;101115; 1;w;12; 2815;-; 2422;-;  276;-;  260;-; 2509;-; 2289;-;  214;-;    6;-;   13;-;    4;-;  104;-;  168;-;  136;-;   17;-; 2144;-; 1982;-;  158;-;    4;-;   13;-;    6;-;   96;-;  158;-;  125;-;    5;-
4607;5027;05;A;  52;101115; 1;w;13; 2960;-; 2787;-;  251;-;  244;-; 2673;-; 2460;-;  204;-;    9;-;   13;-;    2;-;   98;-;  151;-;  116;-;   23;-; 2525;-; 2334;-;  187;-;    4;-;   11;-;    2;-;   89;-;  153;-;  121;-;    7;-
4607;5027;05;A;  52;101115; 1;w;14; 2901;-; 3282;-;  229;-;  253;-; 2645;-; 2438;-;  197;-;   10;-;   12;-;    6;-;   95;-;  128;-;  100;-;   15;-; 3008;-; 2792;-;  214;-;    2;-;   18;-;    4;-;   95;-;  154;-;  120;-;    3;-
4607;5027;05;A;  52;101115; 1;w;15; 2738;-; 3768;-;  248;-;  227;-; 2461;-; 2269;-;  182;-;   10;-;   12;-;    3;-;   89;-;  156;-;  126;-;   17;-; 3509;-; 3306;-;  197;-;    6;-;   17;-;    8;-;   75;-;  144;-;  101;-;   15;-
4607;5027;05;A;  52;101115; 1;w;16; 2993;-; 4314;-;  232;-;  209;-; 2726;-; 2528;-;  192;-;    6;-;   19;-;    6;-;   83;-;  143;-;  110;-;   16;-; 4036;-; 3818;-;  213;-;    5;-;   31;-;    4;-;   85;-;  120;-;   97;-;   38;-
4607;5027;05;A;  52;101115; 1;w;17; 3426;-; 4366;-;  193;-;  152;-; 3195;-; 3004;-;  183;-;    8;-;   11;-;    2;-;   67;-;  124;-;  101;-;   27;-; 4150;-; 3953;-;  190;-;    7;-;   35;-;    5;-;   43;-;  104;-;   71;-;   29;-
4607;5027;05;A;  52;101115; 1;w;18; 3606;-; 4548;-;  123;-;  140;-; 3448;-; 3308;-;  134;-;    6;-;    4;-;    1;-;   34;-;   88;-;   72;-;   31;-; 4350;-; 4215;-;  130;-;    5;-;   23;-;    6;-;   56;-;   78;-;   64;-;   35;-
4607;5027;05;A;  52;101115; 1;w;19; 3238;-; 4337;-;   92;-;  111;-; 3114;-; 3008;-;  103;-;    3;-;    9;-;    1;-;   27;-;   64;-;   53;-;   23;-; 4180;-; 4065;-;  105;-;   10;-;   16;-;    5;-;   44;-;   62;-;   53;-;   30;-
4607;5027;05;A;  52;101115; 1;w;20; 2336;-; 3022;-;   76;-;   66;-; 2230;-; 2123;-;  105;-;    2;-;    7;-;    1;-;   15;-;   60;-;   53;-;   23;-; 2940;-; 2837;-;   97;-;    6;-;    7;-;    0;-;   18;-;   48;-;   37;-;    9;-
4607;5027;05;A;  52;101115; 1;w;21; 1393;-; 2010;-;   57;-;   99;-; 1323;-; 1236;-;   84;-;    3;-;    2;-;    3;-;   14;-;   40;-;   29;-;   11;-; 1902;-; 1813;-;   84;-;    5;-;    1;-;    8;-;   25;-;   66;-;   51;-;    8;-
4607;5027;05;A;  52;101115; 1;w;22; 1225;-; 1603;-;   55;-;   63;-; 1159;-; 1092;-;   64;-;    3;-;    3;-;    1;-;   18;-;   36;-;   28;-;    8;-; 1531;-; 1469;-;   59;-;    3;-;    1;-;    2;-;   15;-;   46;-;   32;-;    8;-
4607;5027;05;A;  52;101115; 1;w;23;  809;-; 1385;-;   44;-;   45;-;  761;-;  679;-;   81;-;    1;-;    0;-;    0;-;   10;-;   34;-;   28;-;    4;-; 1335;-; 1281;-;   53;-;    1;-;    1;-;    0;-;    6;-;   39;-;   28;-;    4;-
4607;5027;05;A;  52;101115; 1;w;24;  469;-; 1004;-;   31;-;   51;-;  438;-;  394;-;   43;-;    1;-;    0;-;    3;-;    5;-;   23;-;   16;-;    0;-;  949;-;  895;-;   52;-;    2;-;    1;-;    2;-;   11;-;   38;-;   26;-;    3;-
4607;5027;05;A;  52;101116; 2;w;01;  252;-;  329;-;   34;-;   45;-;  217;-;  179;-;   38;-;    0;-;    0;-;    1;-;    6;-;   27;-;   21;-;    1;-;  283;-;  255;-;   27;-;    1;-;    0;-;    5;-;    7;-;   33;-;   26;-;    1;-
4607;5027;05;A;  52;101116; 2;w;02;  150;-;  179;-;   41;-;   35;-;  106;-;   86;-;   19;-;    1;-;    0;-;    1;-;    7;-;   33;-;   21;-;    3;-;  143;-;  126;-;   17;-;    0;-;    0;-;    0;-;    7;-;   28;-;   21;-;    1;-
4607;5027;05;A;  52;101116; 2;w;03;  145;-;  122;-;   53;-;   41;-;   91;-;   72;-;   19;-;    0;-;    0;-;    0;-;    9;-;   44;-;   29;-;    1;-;   81;-;   64;-;   17;-;    0;-;    0;-;    0;-;    9;-;   32;-;   24;-;    0;-
4607;5027;05;A;  52;101116; 2;w;04;  309;-;  178;-;   54;-;   62;-;  253;-;  219;-;   34;-;    0;-;    1;-;    4;-;   19;-;   31;-;   19;-;    1;-;  113;-;   84;-;   29;-;    0;-;    1;-;    1;-;   25;-;   36;-;   25;-;    2;-
4607;5027;05;A;  52;101116; 2;w;05;  760;-;  285;-;  113;-;   83;-;  643;-;  604;-;   33;-;    6;-;    1;-;    6;-;   41;-;   66;-;   54;-;    3;-;  201;-;  176;-;   25;-;    0;-;    0;-;    0;-;   39;-;   44;-;   30;-;    1;-
4607;5027;05;A;  52;101116; 2;w;06; 2657;-;  791;-;  200;-;  129;-; 2418;-; 2313;-;   95;-;   10;-;    5;-;    4;-;   53;-;  143;-;  112;-;   34;-;  654;-;  588;-;   64;-;    2;-;    2;-;    7;-;   43;-;   79;-;   58;-;    6;-
4607;5027;05;A;  52;101116; 2;w;07; 5252;-; 2046;-;  224;-;  173;-; 4961;-; 4707;-;  236;-;   18;-;   11;-;    3;-;   91;-;  130;-;   94;-;   56;-; 1861;-; 1743;-;  113;-;    5;-;    7;-;    0;-;   62;-;  111;-;   92;-;    5;-
4607;5027;05;A;  52;101116; 2;w;08; 6244;-; 3653;-;  275;-;  195;-; 5863;-; 5596;-;  257;-;   10;-;   19;-;   10;-;  127;-;  138;-;  112;-;   87;-; 3420;-; 3267;-;  148;-;    5;-;   17;-;    2;-;   88;-;  105;-;   82;-;   21;-
4607;5027;05;A;  52;101116; 2;w;09; 5694;-; 3673;-;  280;-;  242;-; 5356;-; 5177;-;  167;-;   12;-;   20;-;    5;-;  142;-;  133;-;   99;-;   38;-; 3369;-; 3260;-;  109;-;    0;-;   15;-;    2;-;  106;-;  134;-;   97;-;   47;-
4607;5027;05;A;  52;101116; 2;w;10; 4475;-; 2933;-;  332;-;  283;-; 4095;-; 3875;-;  215;-;    5;-;   20;-;    8;-;  136;-;  188;-;  144;-;   28;-; 2614;-; 2439;-;  171;-;    4;-;   15;-;    3;-;  121;-;  159;-;  124;-;   21;-
4607;5027;05;A;  52;101116; 2;w;11; 3088;-; 2200;-;  294;-;  269;-; 2744;-; 2528;-;  210;-;    6;-;   18;-;   12;-;  114;-;  168;-;  133;-;   32;-; 1914;-; 1722;-;  190;-;    2;-;   11;-;    8;-;   96;-;  165;-;  134;-;    6;-
4607;5027;05;A;  52;101116; 2;w;12; 2821;-; 2433;-;  261;-;  282;-; 2522;-; 2293;-;  226;-;    3;-;   14;-;    3;-;  115;-;  143;-;  112;-;   24;-; 2135;-; 1967;-;  166;-;    2;-;    9;-;    4;-;  108;-;  170;-;  132;-;    7;-
4607;5027;05;A;  52;101116; 2;w;13; 3032;-; 2827;-;  259;-;  247;-; 2745;-; 2528;-;  208;-;    9;-;   11;-;    2;-;  103;-;  154;-;  126;-;   17;-; 2556;-; 2355;-;  197;-;    4;-;   13;-;    0;-;   96;-;  151;-;  116;-;   11;-
4607;5027;05;A;  52;101116; 2;w;14; 3261;-; 3365;-;  265;-;  250;-; 2961;-; 2758;-;  196;-;    7;-;   18;-;    5;-;  101;-;  159;-;  126;-;   17;-; 3099;-; 2875;-;  219;-;    5;-;   11;-;    5;-;  104;-;  141;-;  107;-;    5;-
4607;5027;05;A;  52;101116; 2;w;15; 2980;-; 4020;-;  224;-;  267;-; 2717;-; 2498;-;  208;-;   11;-;   23;-;    1;-;   76;-;  147;-;  118;-;   16;-; 3708;-; 3528;-;  170;-;   10;-;   22;-;    4;-;  112;-;  151;-;  115;-;   23;-
4607;5027;05;A;  52;101116; 2;w;16; 3163;-; 4195;-;  231;-;  209;-; 2882;-; 2651;-;  221;-;   10;-;   17;-;    2;-;   95;-;  134;-;  113;-;   33;-; 3911;-; 3727;-;  175;-;    9;-;   36;-;    4;-;   81;-;  124;-;  103;-;   39;-
4607;5027;05;A;  52;101116; 2;w;17; 3633;-; 4260;-;  174;-;  187;-; 3412;-; 3218;-;  189;-;    5;-;   20;-;    6;-;   65;-;  103;-;   83;-;   27;-; 4002;-; 3812;-;  185;-;    5;-;   33;-;    3;-;   69;-;  115;-;   92;-;   38;-
4607;5027;05;A;  52;101116; 2;w;18; 3619;-; 4169;-;  128;-;  173;-; 3460;-; 3327;-;  126;-;    7;-;   12;-;    2;-;   42;-;   84;-;   59;-;   19;-; 3935;-; 3796;-;  134;-;    5;-;   26;-;    5;-;   61;-;  107;-;   87;-;   35;-
4607;5027;05;A;  52;101116; 2;w;19; 3314;-; 4286;-;   88;-;  152;-; 3173;-; 3063;-;  104;-;    6;-;    6;-;    3;-;   19;-;   66;-;   54;-;   47;-; 4078;-; 3948;-;  122;-;    8;-;   18;-;    4;-;   51;-;   97;-;   79;-;   38;-
4607;5027;05;A;  52;101116; 2;w;20; 2373;-; 3559;-;   78;-;  110;-; 2265;-; 2165;-;   94;-;    6;-;    8;-;    4;-;   12;-;   62;-;   50;-;   22;-; 3406;-; 3276;-;  126;-;    4;-;   17;-;    4;-;   35;-;   71;-;   55;-;   26;-
4607;5027;05;A;  52;101116; 2;w;21; 1654;-; 2275;-;   61;-;   67;-; 1572;-; 1482;-;   82;-;    8;-;    7;-;    4;-;   11;-;   46;-;   31;-;   14;-; 2191;-; 2080;-;  105;-;    6;-;    8;-;    6;-;   13;-;   48;-;   34;-;    9;-
4607;5027;05;A;  52;101116; 2;w;22; 1396;-; 1928;-;   59;-;   67;-; 1310;-; 1258;-;   49;-;    3;-;    7;-;    3;-;   18;-;   38;-;   33;-;   20;-; 1845;-; 1748;-;   90;-;    7;-;    5;-;    3;-;   14;-;   50;-;   35;-;   11;-
4607;5027;05;A;  52;101116; 2;w;23;  955;-; 1626;-;   45;-;   55;-;  901;-;  844;-;   56;-;    1;-;    2;-;    3;-;    9;-;   33;-;   25;-;    7;-; 1561;-; 1477;-;   80;-;    4;-;    5;-;    3;-;   13;-;   39;-;   28;-;    5;-
4607;5027;05;A;  52;101116; 2;w;24;  649;-;  998;-;   36;-;   60;-;  605;-;  562;-;   43;-;    0;-;    0;-;    2;-;    6;-;   28;-;   16;-;    8;-;  931;-;  879;-;   50;-;    2;-;    1;-;    5;-;   11;-;   44;-;   30;-;    6;-
4607;5027;05;A;  52;101117; 3;w;01;  294;-;  676;-;   35;-;   51;-;  252;-;  217;-;   35;-;    0;-;    1;-;    4;-;    6;-;   25;-;   19;-;    6;-;  622;-;  563;-;   57;-;    2;-;    1;-;    3;-;   13;-;   35;-;   25;-;    2;-
4607;5027;05;A;  52;101117; 3;w;02;  203;-;  301;-;   53;-;   31;-;  150;-;  128;-;   22;-;    0;-;    0;-;    0;-;   13;-;   40;-;   31;-;    0;-;  266;-;  237;-;   29;-;    0;-;    4;-;    2;-;    5;-;   24;-;   18;-;    0;-
4607;5027;05;A;  52;101117; 3;w;03;  160;-;  217;-;   49;-;   43;-;  110;-;   94;-;   16;-;    0;-;    0;-;    1;-;    8;-;   40;-;   25;-;    1;-;  174;-;  148;-;   26;-;    0;-;    0;-;    0;-;    9;-;   34;-;   23;-;    0;-
4607;5027;05;A;  52;101117; 3;w;04;  328;-;  199;-;   61;-;   69;-;  264;-;  241;-;   22;-;    1;-;    2;-;    1;-;   22;-;   38;-;   29;-;    1;-;  127;-;  106;-;   21;-;    0;-;    1;-;    0;-;   26;-;   43;-;   27;-;    2;-
4607;5027;05;A;  52;101117; 3;w;05;  803;-;  333;-;  123;-;  101;-;  672;-;  621;-;   46;-;    5;-;    2;-;    4;-;   39;-;   80;-;   60;-;    6;-;  231;-;  196;-;   35;-;    0;-;    1;-;    0;-;   36;-;   65;-;   44;-;    0;-
4607;5027;05;A;  52;101117; 3;w;06; 2658;-;  785;-;  194;-;  116;-; 2425;-; 2327;-;   91;-;    7;-;    7;-;    4;-;   71;-;  119;-;   90;-;   32;-;  667;-;  616;-;   47;-;    4;-;    0;-;    1;-;   38;-;   77;-;   57;-;    2;-
4607;5027;05;A;  52;101117; 3;w;07; 5249;-; 2079;-;  228;-;  199;-; 4983;-; 4715;-;  255;-;   13;-;   11;-;    5;-;   80;-;  143;-;  106;-;   27;-; 1871;-; 1744;-;  125;-;    2;-;    2;-;    0;-;   85;-;  114;-;   94;-;    7;-
4607;5027;05;A;  52;101117; 3;w;08; 6469;-; 3638;-;  257;-;  194;-; 6139;-; 5890;-;  236;-;   13;-;   21;-;   10;-;  110;-;  137;-;   98;-;   52;-; 3415;-; 3261;-;  151;-;    3;-;   16;-;    4;-;   88;-;  102;-;   86;-;   13;-
4607;5027;05;A;  52;101117; 3;w;09; 6525;-; 4016;-;  263;-;  253;-; 6209;-; 5973;-;  227;-;    9;-;   24;-;   24;-;  104;-;  135;-;   97;-;   29;-; 3625;-; 3464;-;  156;-;    5;-;   11;-;    9;-;  107;-;  137;-;   95;-;  127;-
4607;5027;05;A;  52;101117; 3;w;10; 5079;-; 2731;-;  247;-;  249;-; 4702;-; 4467;-;  225;-;   10;-;   16;-;   13;-;   96;-;  138;-;  103;-;  114;-; 2470;-; 2258;-;  209;-;    3;-;    5;-;   10;-;   97;-;  142;-;   99;-;    7;-
4607;5027;05;A;  52;101117; 3;w;11; 3917;-; 2249;-;  297;-;  210;-; 3578;-; 3358;-;  218;-;    2;-;   16;-;   11;-;  102;-;  184;-;  145;-;   26;-; 2013;-; 1822;-;  186;-;    5;-;   17;-;    9;-;   83;-;  118;-;   90;-;    9;-
4607;5027;05;A;  52;101117; 3;w;12; 3008;-; 2524;-;  247;-;  291;-; 2720;-; 2506;-;  211;-;    3;-;   19;-;    2;-;   98;-;  147;-;  121;-;   22;-; 2203;-; 2017;-;  184;-;    2;-;   16;-;    2;-;  105;-;  184;-;  140;-;   14;-
4607;5027;05;A;  52;101117; 3;w;13; 3141;-; 2913;-;  227;-;  285;-; 2878;-; 2666;-;  207;-;    5;-;   17;-;    3;-;   78;-;  146;-;  114;-;   19;-; 2602;-; 2401;-;  199;-;    2;-;   16;-;    3;-;   94;-;  188;-;  151;-;   10;-
4607;5027;05;A;  52;101117; 3;w;14; 3253;-; 3508;-;  257;-;  247;-; 2953;-; 2749;-;  197;-;    7;-;   24;-;    9;-;   90;-;  158;-;  126;-;   19;-; 3231;-; 3004;-;  223;-;    4;-;   22;-;    5;-;   93;-;  149;-;  122;-;    8;-
4607;5027;05;A;  52;101117; 3;w;15; 2928;-; 3945;-;  240;-;  217;-; 2652;-; 2444;-;  203;-;    5;-;   18;-;    5;-;   95;-;  140;-;  107;-;   18;-; 3668;-; 3476;-;  185;-;    7;-;   30;-;    4;-;   76;-;  137;-;  107;-;   30;-
4607;5027;05;A;  52;101117; 3;w;16; 3153;-; 4334;-;  227;-;  226;-; 2887;-; 2687;-;  195;-;    5;-;   16;-;    2;-;   88;-;  137;-;  110;-;   23;-; 4052;-; 3885;-;  160;-;    7;-;   30;-;    8;-;   90;-;  128;-;  101;-;   26;-
4607;5027;05;A;  52;101117; 3;w;17; 3579;-; 4273;-;  180;-;  165;-; 3360;-; 3169;-;  183;-;    8;-;   15;-;    7;-;   54;-;  119;-;   93;-;   24;-; 4038;-; 3884;-;  151;-;    3;-;   30;-;    3;-;   54;-;  108;-;   79;-;   40;-
4607;5027;05;A;  52;101117; 3;w;18; 3708;-; 4348;-;  158;-;  128;-; 3524;-; 3387;-;  129;-;    8;-;    8;-;    9;-;   43;-;  106;-;   81;-;   18;-; 4149;-; 4014;-;  128;-;    7;-;   24;-;    8;-;   38;-;   82;-;   61;-;   47;-
4607;5027;05;A;  52;101117; 3;w;19; 3393;-; 4391;-;  126;-;  108;-; 3241;-; 3129;-;  110;-;    2;-;    4;-;    8;-;   26;-;   92;-;   71;-;   22;-; 4229;-; 4111;-;  118;-;    0;-;   22;-;    5;-;   26;-;   77;-;   70;-;   32;-
4607;5027;05;A;  52;101117; 3;w;20; 2364;-; 4204;-;   69;-;  110;-; 2270;-; 2169;-;   96;-;    5;-;    3;-;    5;-;   13;-;   51;-;   41;-;   22;-; 4049;-; 3938;-;  105;-;    6;-;   19;-;   19;-;   22;-;   69;-;   55;-;   26;-
4607;5027;05;A;  52;101117; 3;w;21; 1520;-; 2491;-;   55;-;   72;-; 1453;-; 1372;-;   79;-;    2;-;    1;-;    3;-;   14;-;   38;-;   28;-;   11;-; 2402;-; 2298;-;   98;-;    6;-;    5;-;   12;-;    8;-;   52;-;   36;-;   12;-
4607;5027;05;A;  52;101117; 3;w;22; 1320;-; 1775;-;   56;-;   46;-; 1251;-; 1176;-;   68;-;    7;-;    4;-;    1;-;   15;-;   40;-;   27;-;    9;-; 1727;-; 1661;-;   60;-;    6;-;    0;-;    3;-;    9;-;   34;-;   23;-;    2;-
4607;5027;05;A;  52;101117; 3;w;23;  911;-; 1853;-;   43;-;   48;-;  859;-;  792;-;   65;-;    2;-;    0;-;    2;-;    8;-;   33;-;   25;-;    9;-; 1795;-; 1730;-;   60;-;    5;-;    2;-;    4;-;    7;-;   37;-;   28;-;    8;-
4607;5027;05;A;  52;101117; 3;w;24;  614;-; 1189;-;   38;-;   43;-;  566;-;  518;-;   48;-;    0;-;    3;-;    1;-;    6;-;   31;-;   21;-;    7;-; 1143;-; 1081;-;   62;-;    0;-;    1;-;    4;-;    8;-;   31;-;   20;-;    2;-
4607;5027;05;A;  52;101118; 4;w;01;  318;-;  469;-;   41;-;   53;-;  274;-;  241;-;   32;-;    1;-;    1;-;    1;-;    8;-;   32;-;   21;-;    2;-;  414;-;  382;-;   32;-;    0;-;    1;-;    3;-;    7;-;   43;-;   29;-;    1;-
4607;5027;05;A;  52;101118; 4;w;02;  138;-;  225;-;   35;-;   25;-;  103;-;   83;-;   20;-;    0;-;    0;-;    1;-;    5;-;   29;-;   19;-;    0;-;  200;-;  174;-;   26;-;    0;-;    0;-;    0;-;    3;-;   22;-;   13;-;    0;-
4607;5027;05;A;  52;101118; 4;w;03;  152;-;  152;-;   54;-;   42;-;   97;-;   86;-;   11;-;    0;-;    1;-;    2;-;   10;-;   42;-;   28;-;    0;-;  108;-;   95;-;   13;-;    0;-;    1;-;    0;-;   11;-;   31;-;   24;-;    1;-
4607;5027;05;A;  52;101118; 4;w;04;  322;-;  208;-;   64;-;   60;-;  254;-;  230;-;   23;-;    1;-;    1;-;    0;-;   20;-;   44;-;   32;-;    3;-;  145;-;  123;-;   22;-;    0;-;    0;-;    0;-;   23;-;   37;-;   27;-;    3;-
4607;5027;05;A;  52;101118; 4;w;05;  801;-;  291;-;  118;-;   75;-;  671;-;  625;-;   44;-;    2;-;    2;-;    5;-;   40;-;   73;-;   49;-;   10;-;  216;-;  179;-;   37;-;    0;-;    0;-;    0;-;   34;-;   41;-;   28;-;    0;-
4607;5027;05;A;  52;101118; 4;w;06; 2577;-;  820;-;  205;-;  134;-; 2347;-; 2227;-;  113;-;    7;-;    3;-;    5;-;   69;-;  131;-;  100;-;   22;-;  679;-;  615;-;   60;-;    4;-;    5;-;    4;-;   34;-;   96;-;   75;-;    2;-
4607;5027;05;A;  52;101118; 4;w;07; 5154;-; 2060;-;  257;-;  189;-; 4834;-; 4582;-;  240;-;   12;-;   13;-;    3;-;  108;-;  146;-;  105;-;   50;-; 1861;-; 1741;-;  114;-;    6;-;    7;-;    1;-;   65;-;  123;-;   94;-;    3;-
4607;5027;05;A;  52;101118; 4;w;08; 6490;-; 3547;-;  248;-;  218;-; 6177;-; 5909;-;  259;-;    9;-;   33;-;   11;-;   90;-;  147;-;  114;-;   32;-; 3300;-; 3135;-;  160;-;    5;-;   18;-;    3;-;  106;-;  109;-;   83;-;   11;-
4607;5027;05;A;  52;101118; 4;w;09; 6466;-; 3758;-;  265;-;  245;-; 6137;-; 5900;-;  226;-;   11;-;   23;-;   27;-;  106;-;  132;-;  100;-;   41;-; 3475;-; 3295;-;  176;-;    4;-;   17;-;    5;-;  108;-;  132;-;   99;-;   21;-
4607;5027;05;A;  52;101118; 4;w;10; 5368;-; 2734;-;  266;-;  272;-; 5064;-; 4852;-;  206;-;    6;-;   15;-;   26;-;   88;-;  152;-;  120;-;   23;-; 2443;-; 2257;-;  185;-;    1;-;   13;-;   12;-;  100;-;  160;-;  123;-;    6;-
4607;5027;05;A;  52;101118; 4;w;11; 4134;-; 2303;-;  303;-;  250;-; 3792;-; 3578;-;  210;-;    4;-;   14;-;   11;-;  108;-;  184;-;  144;-;   25;-; 2033;-; 1869;-;  161;-;    3;-;   16;-;    8;-;   79;-;  163;-;  133;-;    4;-
4607;5027;05;A;  52;101118; 4;w;12; 3117;-; 2642;-;  267;-;  273;-; 2808;-; 2621;-;  184;-;    3;-;   14;-;    6;-;  107;-;  154;-;  126;-;   28;-; 2352;-; 2161;-;  188;-;    3;-;   11;-;    1;-;  100;-;  172;-;  139;-;    6;-
4607;5027;05;A;  52;101118; 4;w;13; 3310;-; 2933;-;  254;-;  232;-; 3015;-; 2833;-;  176;-;    6;-;   19;-;    5;-;   86;-;  163;-;  122;-;   22;-; 2680;-; 2488;-;  190;-;    2;-;   17;-;    0;-;   72;-;  160;-;  122;-;    4;-
4607;5027;05;A;  52;101118; 4;w;14; 3319;-; 3549;-;  251;-;  252;-; 3034;-; 2829;-;  198;-;    7;-;   18;-;    4;-;   84;-;  163;-;  133;-;   16;-; 3253;-; 3071;-;  180;-;    2;-;   20;-;    5;-;   92;-;  155;-;  130;-;   24;-
4607;5027;05;A;  52;101118; 4;w;15; 2850;-; 3713;-;  208;-;  222;-; 2596;-; 2406;-;  182;-;    8;-;   17;-;    1;-;   81;-;  126;-;  101;-;   29;-; 3412;-; 3241;-;  166;-;    5;-;   36;-;    5;-;   88;-;  129;-;   86;-;   43;-
4607;5027;05;A;  52;101118; 4;w;16; 2931;-; 3932;-;  166;-;  211;-; 2721;-; 2517;-;  197;-;    7;-;   13;-;    4;-;   59;-;  103;-;   83;-;   31;-; 3639;-; 3495;-;  143;-;    1;-;   32;-;    3;-;   71;-;  137;-;  109;-;   50;-
4607;5027;05;A;  52;101118; 4;w;17; 3245;-; 3938;-;  163;-;  144;-; 3039;-; 2854;-;  173;-;   12;-;   17;-;    4;-;   54;-;  105;-;   84;-;   26;-; 3719;-; 3559;-;  156;-;    4;-;   31;-;    5;-;   41;-;   98;-;   73;-;   44;-
4607;5027;05;A;  52;101118; 4;w;18; 3235;-; 4258;-;  100;-;   95;-; 3060;-; 2928;-;  125;-;    7;-;    5;-;    8;-;   26;-;   66;-;   47;-;   70;-; 4107;-; 3969;-;  133;-;    5;-;   18;-;    4;-;   35;-;   56;-;   49;-;   38;-
4607;5027;05;A;  52;101118; 4;w;19; 3155;-; 4482;-;   90;-;   99;-; 3039;-; 2913;-;  119;-;    7;-;    5;-;    8;-;   10;-;   72;-;   60;-;   21;-; 4345;-; 4243;-;   95;-;    7;-;   10;-;   11;-;   24;-;   64;-;   54;-;   28;-
4607;5027;05;A;  52;101118; 4;w;20; 2294;-; 4265;-;   70;-;  119;-; 2196;-; 2119;-;   74;-;    3;-;    1;-;    1;-;   19;-;   50;-;   41;-;   27;-; 4103;-; 3990;-;  107;-;    6;-;   13;-;   24;-;   30;-;   65;-;   49;-;   30;-
4607;5027;05;A;  52;101118; 4;w;21; 1601;-; 2647;-;   60;-;   69;-; 1524;-; 1447;-;   75;-;    2;-;    4;-;    4;-;   13;-;   43;-;   32;-;   13;-; 2559;-; 2473;-;   82;-;    4;-;    6;-;    8;-;   12;-;   49;-;   37;-;   13;-
4607;5027;05;A;  52;101118; 4;w;22; 1408;-; 2010;-;   42;-;   52;-; 1352;-; 1277;-;   73;-;    2;-;    2;-;    3;-;   11;-;   28;-;   21;-;   12;-; 1951;-; 1882;-;   63;-;    6;-;    4;-;    4;-;   10;-;   38;-;   27;-;    3;-
4607;5027;05;A;  52;101118; 4;w;23;  959;-; 2049;-;   56;-;   45;-;  893;-;  818;-;   74;-;    1;-;    3;-;    1;-;   18;-;   37;-;   24;-;    7;-; 1997;-; 1932;-;   61;-;    4;-;    4;-;    2;-;   11;-;   32;-;   23;-;    3;-
4607;5027;05;A;  52;101118; 4;w;24;  601;-; 1128;-;   52;-;   48;-;  543;-;  502;-;   41;-;    0;-;    1;-;    2;-;   15;-;   35;-;   29;-;    5;-; 1075;-; 1019;-;   56;-;    0;-;    4;-;    5;-;    8;-;   35;-;   22;-;    1;-
4607;5027;05;A;  52;101119; 5;w;01;  339;-;  500;-;   36;-;   60;-;  298;-;  273;-;   25;-;    0;-;    0;-;    2;-;    8;-;   26;-;   18;-;    5;-;  435;-;  406;-;   28;-;    1;-;    3;-;    3;-;    6;-;   51;-;   36;-;    2;-
4607;5027;05;A;  52;101119; 5;w;02;  176;-;  238;-;   39;-;   21;-;  134;-;  113;-;   21;-;    0;-;    0;-;    0;-;    8;-;   31;-;   27;-;    3;-;  214;-;  193;-;   20;-;    1;-;    0;-;    1;-;    5;-;   15;-;   11;-;    3;-
4607;5027;05;A;  52;101119; 5;w;03;  179;-;  158;-;   56;-;   34;-;  122;-;  100;-;   22;-;    0;-;    0;-;    0;-;   10;-;   46;-;   31;-;    1;-;  124;-;   99;-;   25;-;    0;-;    0;-;    0;-;    9;-;   25;-;   19;-;    0;-
4607;5027;05;A;  52;101119; 5;w;04;  380;-;  220;-;   60;-;   51;-;  317;-;  281;-;   34;-;    2;-;    1;-;    2;-;   20;-;   38;-;   24;-;    2;-;  165;-;  136;-;   29;-;    0;-;    3;-;    0;-;   21;-;   30;-;   22;-;    1;-
4607;5027;05;A;  52;101119; 5;w;05;  870;-;  385;-;  130;-;   94;-;  737;-;  686;-;   50;-;    1;-;    0;-;    7;-;   39;-;   84;-;   66;-;    3;-;  289;-;  245;-;   43;-;    1;-;    0;-;    2;-;   42;-;   50;-;   42;-;    2;-
4607;5027;05;A;  52;101119; 5;w;06; 2430;-;  862;-;  186;-;  131;-; 2228;-; 2142;-;   82;-;    4;-;    1;-;    4;-;   68;-;  114;-;   86;-;   15;-;  722;-;  668;-;   52;-;    2;-;    4;-;    3;-;   40;-;   88;-;   56;-;    5;-
4607;5027;05;A;  52;101119; 5;w;07; 4855;-; 1999;-;  241;-;  179;-; 4577;-; 4359;-;  206;-;   12;-;   12;-;    5;-;   92;-;  144;-;  108;-;   25;-; 1805;-; 1683;-;  120;-;    2;-;    8;-;    1;-;   69;-;  109;-;   80;-;    7;-
4607;5027;05;A;  52;101119; 5;w;08; 6070;-; 3454;-;  233;-;  205;-; 5771;-; 5497;-;  258;-;   16;-;   19;-;   11;-;   95;-;  127;-;   95;-;   47;-; 3230;-; 3074;-;  154;-;    2;-;   10;-;    7;-;   71;-;  127;-;   96;-;    9;-
4607;5027;05;A;  52;101119; 5;w;09; 6112;-; 3686;-;  267;-;  266;-; 5783;-; 5564;-;  208;-;   11;-;   24;-;   27;-;  102;-;  138;-;  113;-;   38;-; 3391;-; 3208;-;  179;-;    4;-;   12;-;    2;-;  135;-;  129;-;   98;-;   17;-
4607;5027;05;A;  52;101119; 5;w;10; 5129;-; 2732;-;  312;-;  298;-; 4751;-; 4544;-;  196;-;   11;-;   27;-;   29;-;   97;-;  186;-;  140;-;   39;-; 2405;-; 2215;-;  188;-;    2;-;   22;-;   15;-;  115;-;  168;-;  129;-;    7;-
4607;5027;05;A;  52;101119; 5;w;11; 3694;-; 2698;-;  272;-;  273;-; 3388;-; 3161;-;  221;-;    6;-;   19;-;    2;-;  104;-;  166;-;  132;-;   15;-; 2397;-; 2211;-;  185;-;    1;-;   24;-;   11;-;  112;-;  150;-;  121;-;    4;-
4607;5027;05;A;  52;101119; 5;w;12; 3221;-; 2899;-;  290;-;  279;-; 2886;-; 2683;-;  198;-;    5;-;   19;-;    6;-;  104;-;  180;-;  150;-;   26;-; 2592;-; 2385;-;  204;-;    3;-;   21;-;    4;-;  103;-;  172;-;  138;-;    7;-
4607;5027;05;A;  52;101119; 5;w;13; 3329;-; 3743;-;  231;-;  241;-; 3067;-; 2867;-;  197;-;    3;-;   14;-;    0;-;  104;-;  127;-;   97;-;   17;-; 3451;-; 3237;-;  209;-;    5;-;   33;-;    4;-;   91;-;  146;-;  109;-;   18;-
4607;5027;05;A;  52;101119; 5;w;14; 3530;-; 3775;-;  217;-;  224;-; 3278;-; 3075;-;  193;-;   10;-;   10;-;    2;-;   82;-;  133;-;  104;-;   25;-; 3493;-; 3344;-;  140;-;    9;-;   22;-;    4;-;   75;-;  145;-;  119;-;   36;-
4607;5027;05;A;  52;101119; 5;w;15; 3359;-; 4166;-;  195;-;  214;-; 3129;-; 2925;-;  196;-;    8;-;   17;-;    3;-;   85;-;  107;-;   81;-;   18;-; 3885;-; 3716;-;  161;-;    8;-;   29;-;    6;-;   81;-;  127;-;   99;-;   38;-
4607;5027;05;A;  52;101119; 5;w;16; 3467;-; 4241;-;  185;-;  174;-; 3220;-; 3052;-;  162;-;    6;-;   15;-;    5;-;   70;-;  110;-;   91;-;   47;-; 4020;-; 3880;-;  137;-;    3;-;   21;-;    7;-;   55;-;  112;-;   90;-;   26;-
4607;5027;05;A;  52;101119; 5;w;17; 3642;-; 4516;-;  153;-;  189;-; 3453;-; 3272;-;  175;-;    6;-;   10;-;    2;-;   55;-;   96;-;   73;-;   26;-; 4278;-; 4148;-;  123;-;    7;-;   26;-;    8;-;   59;-;  122;-;  100;-;   23;-
4607;5027;05;A;  52;101119; 5;w;18; 3559;-; 4315;-;  122;-;  111;-; 3399;-; 3285;-;  112;-;    2;-;    4;-;    9;-;   31;-;   82;-;   69;-;   34;-; 4158;-; 4043;-;  108;-;    7;-;   27;-;    3;-;   34;-;   74;-;   57;-;   19;-
4607;5027;05;A;  52;101119; 5;w;19; 3139;-; 4074;-;   73;-;  109;-; 3029;-; 2904;-;  116;-;    9;-;    7;-;    0;-;   26;-;   47;-;   37;-;   30;-; 3931;-; 3844;-;   81;-;    6;-;    8;-;   13;-;   29;-;   67;-;   56;-;   26;-
4607;5027;05;A;  52;101119; 5;w;20; 2419;-; 3815;-;   66;-;  102;-; 2325;-; 2219;-;  102;-;    4;-;    2;-;    5;-;   21;-;   40;-;   30;-;   26;-; 3673;-; 3560;-;  106;-;    7;-;   11;-;   15;-;   22;-;   65;-;   50;-;   29;-
4607;5027;05;A;  52;101119; 5;w;21; 1895;-; 2308;-;   41;-;   81;-; 1837;-; 1735;-;   99;-;    3;-;    2;-;    5;-;    9;-;   27;-;   21;-;   15;-; 2219;-; 2130;-;   82;-;    7;-;    3;-;    7;-;   19;-;   55;-;   40;-;    5;-
4607;5027;05;A;  52;101119; 5;w;22; 1603;-; 1854;-;   55;-;   49;-; 1530;-; 1454;-;   71;-;    5;-;    1;-;    2;-;   14;-;   39;-;   29;-;   17;-; 1795;-; 1731;-;   62;-;    2;-;    2;-;    2;-;   11;-;   36;-;   23;-;    8;-
4607;5027;05;A;  52;101119; 5;w;23; 1367;-; 1870;-;   50;-;   60;-; 1305;-; 1241;-;   62;-;    2;-;    3;-;    2;-;   16;-;   32;-;   29;-;    9;-; 1803;-; 1737;-;   60;-;    6;-;    3;-;    3;-;   14;-;   43;-;   32;-;    4;-
4607;5027;05;A;  52;101119; 5;w;24;  923;-; 1387;-;   23;-;   53;-;  894;-;  833;-;   61;-;    0;-;    1;-;    2;-;    2;-;   19;-;   13;-;    5;-; 1330;-; 1269;-;   59;-;    2;-;    2;-;    2;-;   10;-;   41;-;   29;-;    2;-
4607;5027;05;A;  52;101120; 6;w;01;  617;-;  759;-;   31;-;   32;-;  576;-;  527;-;   48;-;    1;-;    0;-;    3;-;   11;-;   17;-;   12;-;   10;-;  723;-;  697;-;   25;-;    1;-;    1;-;    3;-;    2;-;   27;-;   21;-;    3;-
4607;5027;05;A;  52;101120; 6;w;02;  369;-;  431;-;   29;-;   23;-;  336;-;  299;-;   37;-;    0;-;    1;-;    1;-;    9;-;   19;-;   12;-;    3;-;  406;-;  380;-;   26;-;    0;-;    1;-;    0;-;    8;-;   15;-;   11;-;    1;-
4607;5027;05;A;  52;101120; 6;w;03;  279;-;  316;-;   46;-;   21;-;  230;-;  207;-;   22;-;    1;-;    1;-;    1;-;   11;-;   34;-;   22;-;    2;-;  290;-;  265;-;   25;-;    0;-;    2;-;    0;-;    5;-;   16;-;   11;-;    3;-
4607;5027;05;A;  52;101120; 6;w;04;  394;-;  272;-;   34;-;   42;-;  358;-;  323;-;   35;-;    0;-;    0;-;    2;-;   13;-;   19;-;    9;-;    2;-;  229;-;  205;-;   24;-;    0;-;    1;-;    2;-;   24;-;   16;-;   10;-;    0;-
4607;5027;05;A;  52;101120; 6;w;05;  573;-;  349;-;   35;-;   44;-;  529;-;  490;-;   38;-;    1;-;    2;-;    1;-;   16;-;   18;-;   13;-;    7;-;  305;-;  272;-;   33;-;    0;-;    0;-;    1;-;   24;-;   19;-;   12;-;    0;-
4607;5027;05;A;  52;101120; 6;w;06; 1006;-;  506;-;   64;-;   31;-;  922;-;  858;-;   63;-;    1;-;   10;-;    5;-;   34;-;   25;-;   21;-;   10;-;  468;-;  428;-;   40;-;    0;-;    6;-;    1;-;   16;-;   14;-;    7;-;    1;-
4607;5027;05;A;  52;101120; 6;w;07;  910;-;  722;-;   52;-;   40;-;  849;-;  740;-;  106;-;    3;-;    6;-;    2;-;   25;-;   25;-;   22;-;    3;-;  672;-;  602;-;   70;-;    0;-;   10;-;    3;-;   16;-;   21;-;   13;-;    0;-
4607;5027;05;A;  52;101120; 6;w;08; 1417;-; 1007;-;   65;-;   56;-; 1329;-; 1203;-;  125;-;    1;-;   13;-;    2;-;   36;-;   27;-;   22;-;   10;-;  936;-;  845;-;   90;-;    1;-;   11;-;    1;-;   29;-;   26;-;   23;-;    4;-
4607;5027;05;A;  52;101120; 6;w;09; 2479;-; 1501;-;   70;-;   49;-; 2377;-; 2209;-;  168;-;    0;-;   12;-;    8;-;   34;-;   28;-;   23;-;   20;-; 1443;-; 1346;-;   96;-;    1;-;    5;-;    1;-;   27;-;   21;-;   16;-;    4;-
4607;5027;05;A;  52;101120; 6;w;10; 3428;-; 2006;-;   99;-;   59;-; 3282;-; 3115;-;  160;-;    7;-;   18;-;   22;-;   48;-;   29;-;   24;-;   29;-; 1930;-; 1816;-;  110;-;    4;-;   11;-;    9;-;   29;-;   21;-;   17;-;    6;-
4607;5027;05;A;  52;101120; 6;w;11; 2935;-; 2265;-;   46;-;   62;-; 2858;-; 2715;-;  136;-;    7;-;   11;-;    5;-;   23;-;   18;-;   14;-;   20;-; 2192;-; 2064;-;  118;-;   10;-;   10;-;   10;-;   22;-;   30;-;   23;-;    1;-
4607;5027;05;A;  52;101120; 6;w;12; 3031;-; 2438;-;   56;-;   37;-; 2930;-; 2765;-;  152;-;   13;-;   15;-;    3;-;   33;-;   20;-;   17;-;   30;-; 2382;-; 2280;-;   93;-;    9;-;   13;-;    2;-;   23;-;   12;-;    9;-;    6;-
4607;5027;05;A;  52;101120; 6;w;13; 3329;-; 2916;-;   58;-;   46;-; 3239;-; 3107;-;  123;-;    9;-;   12;-;    7;-;   31;-;   20;-;   19;-;   20;-; 2849;-; 2740;-;  100;-;    9;-;   13;-;    6;-;   21;-;   19;-;   15;-;    8;-
4607;5027;05;A;  52;101120; 6;w;14; 3610;-; 3450;-;   45;-;   36;-; 3508;-; 3350;-;  140;-;   18;-;   16;-;    8;-;   22;-;   15;-;   11;-;   41;-; 3383;-; 3257;-;  116;-;   10;-;   25;-;    2;-;   22;-;   12;-;   10;-;    6;-
4607;5027;05;A;  52;101120; 6;w;15; 3308;-; 3674;-;   64;-;   36;-; 3194;-; 3055;-;  131;-;    8;-;   18;-;    5;-;   40;-;   19;-;   16;-;   32;-; 3604;-; 3485;-;  107;-;   12;-;   25;-;    0;-;   23;-;   13;-;   12;-;    9;-
4607;5027;05;A;  52;101120; 6;w;16; 3064;-; 3065;-;   48;-;   35;-; 2982;-; 2816;-;  156;-;   10;-;   17;-;    1;-;   31;-;   16;-;   13;-;   17;-; 3005;-; 2905;-;   96;-;    4;-;   15;-;    5;-;   18;-;   12;-;   11;-;   10;-
4607;5027;05;A;  52;101120; 6;w;17; 2884;-; 3095;-;   59;-;   24;-; 2791;-; 2620;-;  159;-;   12;-;   15;-;    3;-;   38;-;   18;-;   11;-;   19;-; 3051;-; 2957;-;   86;-;    8;-;   16;-;    3;-;    9;-;   12;-;   11;-;    4;-
4607;5027;05;A;  52;101120; 6;w;18; 2724;-; 3458;-;   34;-;   29;-; 2645;-; 2499;-;  133;-;   13;-;   12;-;    4;-;   17;-;   13;-;   11;-;   33;-; 3408;-; 3289;-;  114;-;    5;-;   14;-;    6;-;   14;-;    9;-;    7;-;    7;-
4607;5027;05;A;  52;101120; 6;w;19; 2855;-; 3136;-;   24;-;   29;-; 2800;-; 2698;-;   95;-;    7;-;    8;-;    4;-;   12;-;    8;-;    8;-;   23;-; 3084;-; 2978;-;  104;-;    2;-;   14;-;   14;-;    9;-;    6;-;    5;-;    9;-
4607;5027;05;A;  52;101120; 6;w;20; 2284;-; 2308;-;   20;-;   34;-; 2230;-; 2130;-;   97;-;    3;-;    7;-;    4;-;   11;-;    5;-;    5;-;   27;-; 2255;-; 2151;-;  101;-;    3;-;   14;-;    8;-;   19;-;    7;-;    6;-;    5;-
4607;5027;05;A;  52;101120; 6;w;21; 1461;-; 1757;-;   18;-;   41;-; 1430;-; 1362;-;   66;-;    2;-;    3;-;    4;-;   12;-;    2;-;    1;-;   10;-; 1696;-; 1606;-;   86;-;    4;-;   13;-;    0;-;   37;-;    4;-;    2;-;    7;-
4607;5027;05;A;  52;101120; 6;w;22; 1185;-; 1420;-;   14;-;   33;-; 1155;-; 1093;-;   62;-;    0;-;    7;-;    3;-;    7;-;    4;-;    4;-;    9;-; 1370;-; 1286;-;   81;-;    3;-;   10;-;    0;-;   30;-;    3;-;    1;-;    7;-
4607;5027;05;A;  52;101120; 6;w;23; 1114;-; 1364;-;   16;-;   27;-; 1089;-; 1040;-;   46;-;    3;-;    3;-;    1;-;   12;-;    3;-;    3;-;    6;-; 1334;-; 1273;-;   57;-;    4;-;    2;-;    2;-;   23;-;    2;-;    0;-;    1;-
4607;5027;05;A;  52;101120; 6;w;24; 1082;-; 1229;-;   13;-;   27;-; 1061;-; 1013;-;   45;-;    3;-;    4;-;    1;-;    9;-;    3;-;    3;-;    4;-; 1190;-; 1145;-;   42;-;    3;-;    2;-;    0;-;   20;-;    7;-;    6;-;   10;-
4607;5027;05;A;  52;101121; 7;s;01;  860;-;  804;-;    4;-;   14;-;  848;-;  802;-;   45;-;    1;-;    0;-;    0;-;    4;-;    0;-;    0;-;    8;-;  790;-;  756;-;   32;-;    2;-;    0;-;    2;-;    8;-;    4;-;    3;-;    0;-
4607;5027;05;A;  52;101121; 7;s;02;  581;-;  616;-;    4;-;   13;-;  572;-;  538;-;   32;-;    2;-;    0;-;    0;-;    2;-;    2;-;    1;-;    5;-;  602;-;  578;-;   24;-;    0;-;    0;-;    2;-;    9;-;    2;-;    2;-;    1;-
4607;5027;05;A;  52;101121; 7;s;03;  408;-;  403;-;    7;-;    5;-;  398;-;  384;-;   14;-;    0;-;    1;-;    0;-;    6;-;    1;-;    0;-;    2;-;  396;-;  369;-;   27;-;    0;-;    1;-;    0;-;    4;-;    1;-;    1;-;    1;-
4607;5027;05;A;  52;101121; 7;s;04;  442;-;  348;-;    5;-;    6;-;  432;-;  401;-;   31;-;    0;-;    2;-;    1;-;    3;-;    1;-;    1;-;    3;-;  340;-;  311;-;   29;-;    0;-;    1;-;    2;-;    3;-;    1;-;    1;-;    1;-
4607;5027;05;A;  52;101121; 7;s;05;  521;-;  419;-;    6;-;    6;-;  511;-;  468;-;   38;-;    5;-;    0;-;    2;-;    2;-;    2;-;    2;-;    4;-;  411;-;  371;-;   39;-;    1;-;    2;-;    1;-;    3;-;    2;-;    2;-;    0;-
4607;5027;05;A;  52;101121; 7;s;06;  715;-;  468;-;   18;-;    7;-;  692;-;  657;-;   35;-;    0;-;    1;-;    4;-;    7;-;    7;-;    4;-;    4;-;  459;-;  430;-;   29;-;    0;-;    0;-;    2;-;    4;-;    1;-;    1;-;    2;-
4607;5027;05;A;  52;101121; 7;s;07;  427;-;  444;-;   16;-;    8;-;  408;-;  377;-;   31;-;    0;-;    0;-;    3;-;    9;-;    4;-;    3;-;    3;-;  436;-;  418;-;   18;-;    0;-;    0;-;    1;-;    2;-;    5;-;    4;-;    0;-
4607;5027;05;A;  52;101121; 7;s;08;  603;-;  377;-;   23;-;   12;-;  568;-;  495;-;   69;-;    4;-;    6;-;    2;-;   17;-;    4;-;    3;-;    6;-;  360;-;  331;-;   29;-;    0;-;    4;-;    5;-;    4;-;    3;-;    3;-;    1;-
4607;5027;05;A;  52;101121; 7;s;09;  911;-;  723;-;   29;-;   10;-;  868;-;  772;-;   94;-;    2;-;    5;-;    1;-;   21;-;    7;-;    5;-;    9;-;  711;-;  666;-;   45;-;    0;-;    2;-;    2;-;    4;-;    4;-;    3;-;    0;-
4607;5027;05;A;  52;101121; 7;s;10; 1291;-; 1069;-;   23;-;   14;-; 1257;-; 1169;-;   87;-;    1;-;    4;-;    4;-;    7;-;   12;-;    8;-;    7;-; 1045;-;  970;-;   73;-;    2;-;    7;-;    3;-;    8;-;    3;-;    3;-;    3;-
4607;5027;05;A;  52;101121; 7;s;11; 1576;-; 1656;-;   27;-;   26;-; 1525;-; 1423;-;   97;-;    5;-;    8;-;    5;-;   13;-;    9;-;    6;-;   16;-; 1620;-; 1549;-;   62;-;    9;-;   10;-;    5;-;   14;-;    7;-;    7;-;    0;-
4607;5027;05;A;  52;101121; 7;s;12; 1798;-; 1815;-;   24;-;   25;-; 1750;-; 1639;-;   98;-;   13;-;    7;-;    3;-;   10;-;   11;-;    8;-;   17;-; 1776;-; 1704;-;   59;-;   13;-;    9;-;    1;-;   13;-;   11;-;    7;-;    5;-
4607;5027;05;A;  52;101121; 7;s;13; 2208;-; 2071;-;   18;-;   28;-; 2161;-; 2059;-;   87;-;   15;-;    8;-;    2;-;   12;-;    4;-;    4;-;   21;-; 2024;-; 1936;-;   75;-;   13;-;   10;-;    5;-;   18;-;    5;-;    4;-;    9;-
4607;5027;05;A;  52;101121; 7;s;14; 2583;-; 2465;-;   27;-;   17;-; 2525;-; 2422;-;   83;-;   20;-;    9;-;    2;-;   17;-;    8;-;    6;-;   22;-; 2433;-; 2353;-;   71;-;    9;-;    9;-;    2;-;   10;-;    5;-;    5;-;    6;-
4607;5027;05;A;  52;101121; 7;s;15; 2889;-; 2786;-;   14;-;   44;-; 2852;-; 2756;-;   78;-;   18;-;    5;-;    2;-;    6;-;    6;-;    6;-;   18;-; 2728;-; 2633;-;   80;-;   15;-;    9;-;    2;-;   22;-;   20;-;   12;-;    5;-
4607;5027;05;A;  52;101121; 7;s;16; 2985;-; 2462;-;   11;-;   28;-; 2949;-; 2837;-;   96;-;   16;-;    7;-;    3;-;    5;-;    3;-;    3;-;   18;-; 2419;-; 2337;-;   69;-;   13;-;    8;-;    4;-;   12;-;   12;-;   11;-;    7;-
4607;5027;05;A;  52;101121; 7;s;17; 2788;-; 2638;-;   20;-;   23;-; 2733;-; 2624;-;   98;-;   11;-;    7;-;    5;-;   11;-;    4;-;    4;-;   28;-; 2603;-; 2522;-;   80;-;    1;-;    5;-;    2;-;   16;-;    5;-;    2;-;    7;-
4607;5027;05;A;  52;101121; 7;s;18; 3093;-; 2579;-;   20;-;   28;-; 3026;-; 2920;-;   94;-;   12;-;   12;-;    5;-;    7;-;    8;-;    7;-;   35;-; 2535;-; 2468;-;   62;-;    5;-;    8;-;    2;-;   20;-;    6;-;    5;-;    8;-
4607;5027;05;A;  52;101121; 7;s;19; 2665;-; 2475;-;   23;-;   15;-; 2609;-; 2511;-;   89;-;    9;-;    8;-;    1;-;   11;-;   11;-;    8;-;   25;-; 2454;-; 2379;-;   74;-;    1;-;    5;-;    3;-;    8;-;    4;-;    4;-;    1;-
4607;5027;05;A;  52;101121; 7;s;20; 2334;-; 1866;-;   26;-;   24;-; 2279;-; 2190;-;   86;-;    3;-;    7;-;    4;-;    5;-;   17;-;   15;-;   22;-; 1835;-; 1776;-;   57;-;    2;-;    4;-;    7;-;    9;-;    8;-;    8;-;    3;-
4607;5027;05;A;  52;101121; 7;s;21; 2092;-; 1589;-;   26;-;   19;-; 2052;-; 1976;-;   74;-;    2;-;    4;-;    2;-;   15;-;    9;-;    7;-;   10;-; 1562;-; 1515;-;   47;-;    0;-;    3;-;    3;-;    4;-;   12;-;   10;-;    5;-
4607;5027;05;A;  52;101121; 7;s;22; 1613;-; 1176;-;   25;-;   20;-; 1578;-; 1505;-;   72;-;    1;-;    1;-;    2;-;    4;-;   19;-;   15;-;    9;-; 1154;-; 1114;-;   37;-;    3;-;    1;-;    3;-;    7;-;   10;-;   10;-;    1;-
4607;5027;05;A;  52;101121; 7;s;23; 1023;-; 1167;-;   31;-;   26;-;  983;-;  922;-;   61;-;    0;-;    1;-;    0;-;    8;-;   23;-;   20;-;    8;-; 1135;-; 1098;-;   34;-;    3;-;    1;-;    0;-;    6;-;   20;-;   14;-;    5;-
4607;5027;05;A;  52;101121; 7;s;24;  724;-;  870;-;   31;-;   36;-;  688;-;  627;-;   61;-;    0;-;    1;-;    0;-;    8;-;   23;-;   20;-;    4;-;  831;-;  790;-;   41;-;    0;-;    3;-;    3;-;    9;-;   24;-;   20;-;    0;-
4607;5027;05;A;  52;101122; 1;w;01;  281;-;  255;-;   34;-;   35;-;  239;-;  204;-;   34;-;    1;-;    1;-;    0;-;    7;-;   27;-;   16;-;    7;-;  219;-;  200;-;   18;-;    1;-;    0;-;    3;-;    4;-;   28;-;   22;-;    1;-
4607;5027;05;A;  52;101122; 1;w;02;  142;-;  152;-;   35;-;   20;-;  106;-;   91;-;   15;-;    0;-;    0;-;    0;-;    6;-;   29;-;   21;-;    1;-;  130;-;  119;-;   11;-;    0;-;    1;-;    0;-;    2;-;   18;-;   14;-;    1;-
4607;5027;05;A;  52;101122; 1;w;03;  128;-;  112;-;   30;-;   29;-;   96;-;   90;-;    6;-;    0;-;    1;-;    0;-;    7;-;   23;-;   17;-;    1;-;   83;-;   66;-;   16;-;    1;-;    0;-;    2;-;    8;-;   19;-;   17;-;    0;-
4607;5027;05;A;  52;101122; 1;w;04;  320;-;  163;-;   63;-;   40;-;  254;-;  225;-;   28;-;    1;-;    1;-;    2;-;   16;-;   45;-;   36;-;    2;-;  122;-;   99;-;   23;-;    0;-;    0;-;    0;-;   14;-;   26;-;   23;-;    1;-
4607;5027;05;A;  52;101122; 1;w;05;  891;-;  343;-;   99;-;   92;-;  779;-;  727;-;   50;-;    2;-;    1;-;    6;-;   38;-;   55;-;   45;-;   12;-;  248;-;  215;-;   32;-;    1;-;    2;-;    2;-;   40;-;   50;-;   41;-;    1;-
4607;5027;05;A;  52;101122; 1;w;06; 3026;-;  979;-;  192;-;  113;-; 2818;-; 2702;-;  110;-;    6;-;    4;-;    5;-;   66;-;  121;-;   95;-;   12;-;  861;-;  804;-;   52;-;    5;-;    2;-;    4;-;   32;-;   77;-;   59;-;    3;-
4607;5027;05;A;  52;101122; 1;w;07; 5287;-; 2180;-;  242;-;  176;-; 4968;-; 4763;-;  197;-;    8;-;   10;-;    2;-;   91;-;  149;-;  108;-;   67;-; 1994;-; 1893;-;   97;-;    4;-;    3;-;    2;-;   72;-;  102;-;   82;-;    7;-
4607;5027;05;A;  52;101122; 1;w;08; 6232;-; 3781;-;  228;-;  195;-; 5952;-; 5704;-;  238;-;   10;-;   25;-;    6;-;  100;-;  122;-;   93;-;   27;-; 3562;-; 3419;-;  140;-;    3;-;   14;-;    5;-;   80;-;  110;-;   78;-;   10;-
4607;5027;05;A;  52;101122; 1;w;09; 5940;-; 3980;-;  262;-;  232;-; 5620;-; 5395;-;  214;-;   11;-;   14;-;    4;-;  112;-;  146;-;  117;-;   44;-; 3718;-; 3568;-;  146;-;    4;-;    7;-;    7;-;   90;-;  135;-;   89;-;   23;-
4607;5027;05;A;  52;101122; 1;w;10; 4737;-; 2864;-;  296;-;  231;-; 4328;-; 4093;-;  225;-;   10;-;   22;-;    7;-;   98;-;  191;-;  148;-;   91;-; 2606;-; 2419;-;  185;-;    2;-;   21;-;    6;-;   86;-;  139;-;   97;-;    6;-
4607;5027;05;A;  52;101122; 1;w;11; 3435;-; 2423;-;  316;-;  250;-; 3077;-; 2850;-;  224;-;    3;-;   15;-;    8;-;  112;-;  196;-;  158;-;   27;-; 2155;-; 1980;-;  175;-;    0;-;    8;-;   10;-;   97;-;  143;-;  112;-;   10;-
4607;5027;05;A;  52;101122; 1;w;12; 2796;-; 2684;-;  268;-;  280;-; 2499;-; 2292;-;  202;-;    5;-;   10;-;    1;-;   95;-;  172;-;  139;-;   19;-; 2373;-; 2174;-;  197;-;    2;-;   18;-;    8;-;  100;-;  172;-;  135;-;   13;-
4607;5027;05;A;  52;101122; 1;w;13; 2976;-; 2807;-;  268;-;  260;-; 2664;-; 2491;-;  170;-;    3;-;   15;-;    4;-;   93;-;  171;-;  134;-;   29;-; 2528;-; 2335;-;  188;-;    5;-;   10;-;    6;-;   94;-;  160;-;  125;-;    9;-
4607;5027;05;A;  52;101122; 1;w;14; 2988;-; 3345;-;  247;-;  252;-; 2697;-; 2482;-;  213;-;    2;-;   19;-;    3;-;   79;-;  165;-;  139;-;   25;-; 3070;-; 2874;-;  193;-;    3;-;   14;-;    5;-;   87;-;  160;-;  131;-;    9;-
4607;5027;05;A;  52;101122; 1;w;15; 2747;-; 3911;-;  225;-;  255;-; 2494;-; 2307;-;  183;-;    4;-;    9;-;    1;-;   92;-;  132;-;  100;-;   19;-; 3608;-; 3410;-;  195;-;    3;-;   22;-;    4;-;   95;-;  156;-;  116;-;   26;-
4607;5027;05;A;  52;101122; 1;w;16; 2881;-; 4162;-;  205;-;  256;-; 2636;-; 2416;-;  216;-;    4;-;   15;-;    5;-;   79;-;  121;-;   91;-;   25;-; 3848;-; 3682;-;  163;-;    3;-;   28;-;    3;-;   91;-;  162;-;  122;-;   30;-
4607;5027;05;A;  52;101122; 1;w;17; 3359;-; 4549;-;  183;-;  185;-; 3136;-; 2946;-;  184;-;    6;-;   16;-;    5;-;   57;-;  121;-;   93;-;   24;-; 4321;-; 4129;-;  185;-;    7;-;   19;-;    6;-;   64;-;  115;-;   82;-;   24;-
4607;5027;05;A;  52;101122; 1;w;18; 3484;-; 4408;-;  126;-;  139;-; 3325;-; 3188;-;  130;-;    7;-;    8;-;    1;-;   39;-;   86;-;   72;-;   25;-; 4210;-; 4088;-;  121;-;    1;-;   21;-;    5;-;   48;-;   86;-;   72;-;   38;-
4607;5027;05;A;  52;101122; 1;w;19; 3107;-; 4356;-;  110;-;  124;-; 2963;-; 2866;-;   95;-;    2;-;    4;-;    4;-;   25;-;   81;-;   62;-;   30;-; 4184;-; 4087;-;   97;-;    0;-;   18;-;    4;-;   36;-;   84;-;   68;-;   30;-
4607;5027;05;A;  52;101122; 1;w;20; 2202;-; 2642;-;   83;-;   79;-; 2096;-; 1997;-;   96;-;    3;-;    2;-;    1;-;   19;-;   63;-;   44;-;   21;-; 2546;-; 2473;-;   63;-;   10;-;    4;-;    1;-;   20;-;   58;-;   46;-;   13;-
4607;5027;05;A;  52;101122; 1;w;21; 1474;-; 2010;-;   53;-;   84;-; 1400;-; 1332;-;   63;-;    5;-;    2;-;    1;-;   12;-;   40;-;   28;-;   19;-; 1916;-; 1854;-;   61;-;    1;-;    2;-;    4;-;   20;-;   60;-;   44;-;    8;-
4607;5027;05;A;  52;101122; 1;w;22; 1210;-; 1508;-;   49;-;   57;-; 1150;-; 1067;-;   81;-;    2;-;    2;-;    0;-;    9;-;   40;-;   29;-;    9;-; 1442;-; 1358;-;   82;-;    2;-;    5;-;    2;-;   16;-;   39;-;   28;-;    4;-
4607;5027;05;A;  52;101122; 1;w;23;  857;-; 1279;-;   34;-;   50;-;  814;-;  740;-;   73;-;    1;-;    1;-;    3;-;    4;-;   27;-;   21;-;    8;-; 1225;-; 1176;-;   46;-;    3;-;    2;-;    0;-;    8;-;   42;-;   32;-;    2;-
4607;5027;05;A;  52;101122; 1;w;24;  459;-;  961;-;   38;-;   48;-;  414;-;  373;-;   41;-;    0;-;    1;-;    0;-;   11;-;   27;-;   21;-;    6;-;  909;-;  864;-;   44;-;    1;-;    0;-;    3;-;    7;-;   38;-;   25;-;    4;-
4607;5027;05;A;  52;101123; 2;w;01;  276;-;  319;-;   44;-;   46;-;  231;-;  191;-;   40;-;    0;-;    0;-;    2;-;    4;-;   38;-;   26;-;    1;-;  270;-;  252;-;   17;-;    1;-;    0;-;    2;-;    5;-;   39;-;   31;-;    3;-
4607;5027;05;A;  52;101123; 2;w;02;  147;-;  183;-;   40;-;   34;-;  105;-;   87;-;   18;-;    0;-;    1;-;    0;-;    9;-;   31;-;   19;-;    1;-;  147;-;  122;-;   24;-;    1;-;    1;-;    1;-;    4;-;   29;-;   20;-;    1;-
4607;5027;05;A;  52;101123; 2;w;03;  143;-;  124;-;   48;-;   47;-;   94;-;   75;-;   19;-;    0;-;    0;-;    0;-;    6;-;   42;-;   26;-;    1;-;   76;-;   56;-;   20;-;    0;-;    0;-;    0;-;    9;-;   38;-;   28;-;    1;-
4607;5027;05;A;  52;101123; 2;w;04;  308;-;  180;-;   73;-;   55;-;  234;-;  211;-;   23;-;    0;-;    1;-;    2;-;   25;-;   46;-;   34;-;    0;-;  123;-;  100;-;   23;-;    0;-;    1;-;    1;-;   21;-;   33;-;   26;-;    1;-
4607;5027;05;A;  52;101123; 2;w;05;  875;-;  297;-;  103;-;  100;-;  763;-;  719;-;   44;-;    0;-;    3;-;    9;-;   39;-;   55;-;   41;-;    6;-;  197;-;  164;-;   33;-;    0;-;    0;-;    1;-;   44;-;   55;-;   44;-;    0;-
4607;5027;05;A;  52;101123; 2;w;06; 2793;-;  837;-;  183;-;  147;-; 2578;-; 2473;-;  100;-;    5;-;    5;-;    1;-;   56;-;  126;-;   99;-;   27;-;  684;-;  634;-;   45;-;    5;-;    5;-;    1;-;   39;-;  107;-;   81;-;    1;-
4607;5027;05;A;  52;101123; 2;w;07; 4570;-; 2055;-;  173;-;  157;-; 4332;-; 4155;-;  165;-;   12;-;   11;-;    4;-;   67;-;  102;-;   79;-;   54;-; 1888;-; 1769;-;  116;-;    3;-;    4;-;    1;-;   64;-;   92;-;   75;-;    6;-
4607;5027;05;A;  52;101123; 2;w;08; 6247;-; 3645;-;  234;-;  205;-; 5926;-; 5702;-;  215;-;    9;-;   21;-;    8;-;  109;-;  117;-;   91;-;   66;-; 3420;-; 3273;-;  145;-;    2;-;   11;-;    4;-;   84;-;  117;-;   81;-;    9;-
4607;5027;05;A;  52;101123; 2;w;09; 5062;-; 2929;-;  206;-;  179;-; 4824;-; 4681;-;  135;-;    8;-;   18;-;    2;-;   98;-;  106;-;   76;-;   14;-; 2592;-; 2487;-;   92;-;   13;-;   15;-;    4;-;   82;-;   93;-;   67;-;  143;-
4607;5027;05;A;  52;101123; 2;w;10; 5008;-; 3122;-;  337;-;  263;-; 4612;-; 4414;-;  183;-;   15;-;   23;-;   10;-;  147;-;  180;-;  128;-;   36;-; 2780;-; 2606;-;  169;-;    5;-;   18;-;    6;-;  107;-;  150;-;  114;-;   61;-
4607;5027;05;A;  52;101123; 2;w;11; 3158;-; 2187;-;  262;-;  252;-; 2852;-; 2662;-;  187;-;    3;-;   12;-;    9;-;   84;-;  169;-;  133;-;   32;-; 1916;-; 1751;-;  162;-;    3;-;   11;-;    3;-;   82;-;  167;-;  127;-;    8;-
4607;5027;05;A;  52;101123; 2;w;12; 2789;-; 2566;-;  271;-;  254;-; 2488;-; 2287;-;  197;-;    4;-;   10;-;    8;-;   91;-;  172;-;  133;-;   20;-; 2287;-; 2112;-;  172;-;    3;-;   16;-;    2;-;   96;-;  156;-;  123;-;    9;-
4607;5027;05;A;  52;101123; 2;w;13; 2975;-; 2760;-;  257;-;  268;-; 2692;-; 2507;-;  178;-;    7;-;   12;-;    2;-;   82;-;  173;-;  133;-;   14;-; 2475;-; 2311;-;  160;-;    4;-;   13;-;    1;-;  104;-;  163;-;  121;-;    4;-
4607;5027;05;A;  52;101123; 2;w;14; 3333;-; 3352;-;  288;-;  234;-; 3006;-; 2809;-;  194;-;    3;-;   16;-;   10;-;   95;-;  183;-;  146;-;   23;-; 3098;-; 2916;-;  182;-;    0;-;   14;-;    3;-;   84;-;  147;-;  117;-;    6;-
4607;5027;05;A;  52;101123; 2;w;15; 2894;-; 3894;-;  261;-;  261;-; 2588;-; 2412;-;  170;-;    6;-;   14;-;    3;-;   76;-;  182;-;  147;-;   31;-; 3578;-; 3405;-;  173;-;    0;-;   30;-;    5;-;  106;-;  150;-;  113;-;   25;-
4607;5027;05;A;  52;101123; 2;w;16; 3092;-; 3816;-;  243;-;  198;-; 2788;-; 2610;-;  170;-;    8;-;   15;-;   10;-;   78;-;  155;-;  119;-;   46;-; 3560;-; 3414;-;  143;-;    3;-;   24;-;    3;-;   72;-;  123;-;   92;-;   34;-
4607;5027;05;A;  52;101123; 2;w;17; 3457;-; 4236;-;  172;-;  180;-; 3232;-; 3046;-;  182;-;    4;-;   15;-;    7;-;   61;-;  104;-;   79;-;   38;-; 3993;-; 3807;-;  178;-;    8;-;   26;-;    5;-;   64;-;  111;-;   84;-;   37;-
4607;5027;05;A;  52;101123; 2;w;18; 3552;-; 4496;-;  149;-;  129;-; 3372;-; 3266;-;  101;-;    5;-;    8;-;    7;-;   41;-;  101;-;   77;-;   23;-; 4308;-; 4164;-;  139;-;    5;-;   27;-;    7;-;   36;-;   86;-;   70;-;   32;-
4607;5027;05;A;  52;101123; 2;w;19; 3570;-; 4282;-;  113;-;  129;-; 3420;-; 3307;-;  109;-;    4;-;    9;-;    7;-;   25;-;   81;-;   68;-;   28;-; 4102;-; 3992;-;  105;-;    5;-;   17;-;    8;-;   40;-;   81;-;   62;-;   34;-
4607;5027;05;A;  52;101123; 2;w;20; 2275;-; 2964;-;   82;-;   76;-; 2170;-; 2073;-;   90;-;    7;-;    2;-;    7;-;   17;-;   58;-;   47;-;   21;-; 2867;-; 2774;-;   87;-;    6;-;   10;-;    3;-;   15;-;   58;-;   47;-;   11;-
4607;5027;05;A;  52;101123; 2;w;21; 1471;-; 2284;-;   65;-;   61;-; 1391;-; 1303;-;   85;-;    3;-;    5;-;    4;-;   20;-;   41;-;   27;-;   10;-; 2211;-; 2113;-;   95;-;    3;-;    5;-;    5;-;   10;-;   46;-;   29;-;    7;-
4607;5027;05;A;  52;101123; 2;w;22; 1237;-; 1638;-;   55;-;   61;-; 1169;-; 1096;-;   72;-;    1;-;    1;-;    2;-;   13;-;   40;-;   30;-;   12;-; 1572;-; 1511;-;   60;-;    1;-;    1;-;    1;-;    9;-;   51;-;   33;-;    4;-
4607;5027;05;A;  52;101123; 2;w;23;  843;-; 1609;-;   49;-;   58;-;  788;-;  733;-;   55;-;    0;-;    1;-;    3;-;   10;-;   36;-;   29;-;    5;-; 1547;-; 1502;-;   39;-;    6;-;    1;-;    3;-;   13;-;   42;-;   34;-;    3;-
4607;5027;05;A;  52;101123; 2;w;24;  480;-;  914;-;   32;-;   48;-;  445;-;  401;-;   42;-;    2;-;    0;-;    0;-;    7;-;   25;-;   21;-;    3;-;  861;-;  818;-;   42;-;    1;-;    0;-;    3;-;    6;-;   39;-;   26;-;    5;-
4607;5027;05;A;  52;101124; 3;w;01;  237;-;  318;-;   32;-;   37;-;  202;-;  177;-;   24;-;    1;-;    0;-;    1;-;    6;-;   25;-;   15;-;    3;-;  278;-;  255;-;   22;-;    1;-;    2;-;    2;-;    3;-;   32;-;   21;-;    1;-
4607;5027;05;A;  52;101124; 3;w;02;  158;-;  156;-;   41;-;   26;-;  115;-;   95;-;   20;-;    0;-;    0;-;    1;-;   10;-;   30;-;   24;-;    2;-;  130;-;  108;-;   22;-;    0;-;    0;-;    0;-;    4;-;   22;-;   17;-;    0;-
4607;5027;05;A;  52;101124; 3;w;03;  152;-;  148;-;   58;-;   53;-;   92;-;   73;-;   19;-;    0;-;    0;-;    1;-;    9;-;   48;-;   34;-;    2;-;   95;-;   79;-;   16;-;    0;-;    0;-;    0;-;   10;-;   43;-;   30;-;    0;-
4607;5027;05;A;  52;101124; 3;w;04;  301;-;  178;-;   68;-;   65;-;  229;-;  211;-;   18;-;    0;-;    0;-;    1;-;   22;-;   45;-;   28;-;    4;-;  113;-;   95;-;   17;-;    1;-;    0;-;    0;-;   24;-;   41;-;   25;-;    0;-
4607;5027;05;A;  52;101124; 3;w;05;  880;-;  303;-;  109;-;   91;-;  760;-;  715;-;   45;-;    0;-;    2;-;    6;-;   46;-;   57;-;   37;-;    9;-;  212;-;  184;-;   28;-;    0;-;    0;-;    1;-;   36;-;   54;-;   40;-;    0;-
4607;5027;05;A;  52;101124; 3;w;06; 2652;-;  790;-;  174;-;  114;-; 2459;-; 2347;-;  106;-;    6;-;    4;-;    3;-;   53;-;  118;-;  100;-;   15;-;  673;-;  631;-;   40;-;    2;-;    1;-;    1;-;   37;-;   76;-;   62;-;    2;-
4607;5027;05;A;  52;101124; 3;w;07; 5117;-; 2029;-;  210;-;  174;-; 4869;-; 4644;-;  205;-;   20;-;   10;-;    4;-;   92;-;  114;-;   86;-;   28;-; 1844;-; 1732;-;  110;-;    2;-;    3;-;    0;-;   71;-;  103;-;   79;-;    8;-
4607;5027;05;A;  52;101124; 3;w;08; 5582;-; 3518;-;  202;-;  203;-; 5293;-; 5069;-;  218;-;    6;-;   27;-;   10;-;   74;-;  118;-;   84;-;   60;-; 3287;-; 3145;-;  137;-;    5;-;   15;-;    4;-;   71;-;  128;-;   92;-;   13;-
4607;5027;05;A;  52;101124; 3;w;09; 5880;-; 3886;-;  254;-;  242;-; 5568;-; 5352;-;  206;-;   10;-;   23;-;    3;-;  116;-;  135;-;  108;-;   35;-; 3606;-; 3470;-;  134;-;    2;-;   16;-;    7;-;  109;-;  126;-;   90;-;   22;-
4607;5027;05;A;  52;101124; 3;w;10; 4316;-; 2799;-;  278;-;  231;-; 3981;-; 3791;-;  187;-;    3;-;   23;-;    8;-;   97;-;  173;-;  134;-;   34;-; 2548;-; 2378;-;  170;-;    0;-;   10;-;   14;-;  105;-;  112;-;   78;-;   10;-
4607;5027;05;A;  52;101124; 3;w;11; 3154;-; 2436;-;  260;-;  250;-; 2840;-; 2641;-;  199;-;    0;-;   18;-;    7;-;  106;-;  147;-;  116;-;   36;-; 2160;-; 1990;-;  170;-;    0;-;   19;-;    6;-;  100;-;  144;-;  113;-;    7;-
4607;5027;05;A;  52;101124; 3;w;12; 2775;-; 2590;-;  263;-;  286;-; 2482;-; 2281;-;  194;-;    7;-;   12;-;    2;-;  101;-;  160;-;  127;-;   18;-; 2281;-; 2090;-;  188;-;    3;-;   19;-;   13;-;   99;-;  174;-;  140;-;    4;-
4607;5027;05;A;  52;101124; 3;w;13; 2902;-; 2903;-;  194;-;  244;-; 2670;-; 2471;-;  190;-;    9;-;   14;-;    2;-;   67;-;  125;-;   95;-;   24;-; 2631;-; 2434;-;  197;-;    0;-;   19;-;    3;-;   96;-;  145;-;  111;-;    9;-
4607;5027;05;A;  52;101124; 3;w;14; 3287;-; 3385;-;  254;-;  222;-; 3004;-; 2828;-;  174;-;    2;-;   11;-;    7;-;   93;-;  154;-;  117;-;   18;-; 3137;-; 2984;-;  148;-;    5;-;   14;-;    6;-;   86;-;  130;-;  100;-;   12;-
4607;5027;05;A;  52;101124; 3;w;15; 2985;-; 3649;-;  254;-;  217;-; 2706;-; 2546;-;  159;-;    1;-;   11;-;    2;-;   96;-;  156;-;  131;-;   14;-; 3375;-; 3219;-;  153;-;    3;-;   30;-;    3;-;   79;-;  135;-;  105;-;   27;-
4607;5027;05;A;  52;101124; 3;w;16; 3113;-; 4097;-;  195;-;  211;-; 2887;-; 2688;-;  194;-;    5;-;   15;-;    3;-;   88;-;  104;-;   73;-;   16;-; 3826;-; 3680;-;  144;-;    2;-;   33;-;    3;-;   78;-;  130;-;  105;-;   27;-
4607;5027;05;A;  52;101124; 3;w;17; 3558;-; 4552;-;  180;-;  164;-; 3334;-; 3132;-;  196;-;    6;-;   16;-;    6;-;   59;-;  115;-;   87;-;   28;-; 4323;-; 4135;-;  185;-;    3;-;   34;-;    6;-;   53;-;  105;-;   81;-;   31;-
4607;5027;05;A;  52;101124; 3;w;18; 3687;-; 4542;-;  136;-;  119;-; 3521;-; 3372;-;  146;-;    3;-;    6;-;    2;-;   42;-;   92;-;   71;-;   24;-; 4380;-; 4252;-;  127;-;    1;-;   13;-;    4;-;   41;-;   74;-;   60;-;   30;-
4607;5027;05;A;  52;101124; 3;w;19; 3175;-; 4347;-;  123;-;  107;-; 3012;-; 2925;-;   84;-;    3;-;   11;-;    3;-;   29;-;   91;-;   76;-;   29;-; 4195;-; 4099;-;   89;-;    7;-;   18;-;    2;-;   39;-;   66;-;   48;-;   27;-
4607;5027;05;A;  52;101124; 3;w;20; 2501;-; 3503;-;   87;-;   83;-; 2383;-; 2274;-;  104;-;    5;-;    8;-;    8;-;   20;-;   59;-;   44;-;   23;-; 3395;-; 3307;-;   87;-;    1;-;    7;-;    2;-;   16;-;   65;-;   49;-;   18;-
4607;5027;05;A;  52;101124; 3;w;21; 1567;-; 2262;-;   63;-;   55;-; 1482;-; 1403;-;   72;-;    7;-;    3;-;    4;-;   20;-;   39;-;   30;-;   19;-; 2190;-; 2095;-;   89;-;    6;-;    7;-;    3;-;    7;-;   45;-;   31;-;   10;-
4607;5027;05;A;  52;101124; 3;w;22; 1349;-; 1803;-;   66;-;   55;-; 1273;-; 1204;-;   63;-;    6;-;    2;-;    3;-;   13;-;   50;-;   37;-;    8;-; 1738;-; 1674;-;   60;-;    4;-;    2;-;    5;-;   10;-;   40;-;   29;-;    8;-
4607;5027;05;A;  52;101124; 3;w;23;  935;-; 1738;-;   33;-;   51;-;  891;-;  826;-;   62;-;    3;-;    0;-;    1;-;    5;-;   27;-;   16;-;   11;-; 1678;-; 1623;-;   52;-;    3;-;    1;-;    0;-;    9;-;   42;-;   32;-;    8;-
4607;5027;05;A;  52;101124; 3;w;24;  777;-;  830;-;   36;-;   39;-;  732;-;  661;-;   69;-;    2;-;    1;-;    0;-;    4;-;   32;-;   22;-;    8;-;  787;-;  758;-;   29;-;    0;-;    1;-;    2;-;    9;-;   28;-;   18;-;    3;-
4607;5027;05;A;  52;101125; 4;w;01;  465;-;  339;-;   48;-;   42;-;  412;-;  353;-;   59;-;    0;-;    0;-;    3;-;    5;-;   40;-;   34;-;    5;-;  294;-;  274;-;   20;-;    0;-;    0;-;    2;-;    5;-;   35;-;   24;-;    3;-
4607;5027;05;A;  52;101125; 4;w;02;  164;-;  198;-;   36;-;   39;-;  128;-;  106;-;   22;-;    0;-;    0;-;    0;-;   11;-;   25;-;   17;-;    0;-;  156;-;  133;-;   23;-;    0;-;    1;-;    0;-;    9;-;   30;-;   25;-;    2;-
4607;5027;05;A;  52;101125; 4;w;03;  145;-;  163;-;   49;-;   39;-;   96;-;   83;-;   12;-;    1;-;    0;-;    0;-;    8;-;   41;-;   24;-;    0;-;  123;-;  111;-;   12;-;    0;-;    0;-;    1;-;   10;-;   28;-;   20;-;    1;-
4607;5027;05;A;  52;101125; 4;w;04;  318;-;  175;-;   86;-;   66;-;  224;-;  202;-;   22;-;    0;-;    1;-;    1;-;   22;-;   63;-;   43;-;    7;-;  108;-;   87;-;   21;-;    0;-;    0;-;    0;-;   31;-;   35;-;   26;-;    1;-
4607;5027;05;A;  52;101125; 4;w;05;  780;-;  291;-;  103;-;   81;-;  672;-;  634;-;   38;-;    0;-;    1;-;    5;-;   36;-;   62;-;   38;-;    4;-;  207;-;  175;-;   32;-;    0;-;    1;-;    1;-;   36;-;   44;-;   30;-;    2;-
4607;5027;05;A;  52;101125; 4;w;06; 2548;-;  772;-;  174;-;  130;-; 2347;-; 2245;-;   91;-;   11;-;    6;-;    2;-;   54;-;  118;-;   95;-;   21;-;  635;-;  583;-;   50;-;    2;-;    2;-;    2;-;   42;-;   86;-;   66;-;    5;-
4607;5027;05;A;  52;101125; 4;w;07; 4953;-; 1994;-;  209;-;  159;-; 4683;-; 4460;-;  214;-;    9;-;    9;-;    3;-;   90;-;  116;-;   82;-;   52;-; 1815;-; 1693;-;  115;-;    7;-;    7;-;    0;-;   71;-;   88;-;   71;-;   13;-
4607;5027;05;A;  52;101125; 4;w;08; 6063;-; 3504;-;  215;-;  203;-; 5800;-; 5564;-;  222;-;   14;-;   21;-;   14;-;   95;-;  106;-;   76;-;   27;-; 3274;-; 3138;-;  132;-;    4;-;   13;-;    8;-;   68;-;  127;-;  100;-;   14;-
4607;5027;05;A;  52;101125; 4;w;09; 6008;-; 3799;-;  251;-;  225;-; 5649;-; 5446;-;  195;-;    8;-;   23;-;    3;-;   91;-;  157;-;  118;-;   85;-; 3551;-; 3378;-;  172;-;    1;-;    9;-;   10;-;  111;-;  104;-;   79;-;   14;-
4607;5027;05;A;  52;101125; 4;w;10; 4166;-; 2938;-;  287;-;  268;-; 3809;-; 3607;-;  200;-;    2;-;   18;-;    7;-;  117;-;  163;-;  121;-;   52;-; 2636;-; 2480;-;  155;-;    1;-;   24;-;    4;-;  114;-;  150;-;  120;-;   10;-
4607;5027;05;A;  52;101125; 4;w;11; 3224;-; 2489;-;  290;-;  262;-; 2891;-; 2694;-;  191;-;    6;-;   19;-;    5;-;  111;-;  174;-;  142;-;   24;-; 2197;-; 2033;-;  163;-;    1;-;   19;-;    6;-;   90;-;  166;-;  131;-;   11;-
4607;5027;05;A;  52;101125; 4;w;12; 2936;-; 2626;-;  278;-;  264;-; 2620;-; 2415;-;  199;-;    6;-;   10;-;    6;-;   91;-;  181;-;  146;-;   28;-; 2331;-; 2144;-;  186;-;    1;-;   24;-;    6;-;   99;-;  159;-;  117;-;    7;-
4607;5027;05;A;  52;101125; 4;w;13; 3111;-; 2955;-;  254;-;  257;-; 2807;-; 2607;-;  196;-;    4;-;   20;-;    5;-;   93;-;  156;-;  118;-;   30;-; 2681;-; 2505;-;  171;-;    5;-;   14;-;    5;-;   90;-;  162;-;  121;-;    3;-
4607;5027;05;A;  52;101125; 4;w;14; 3074;-; 3415;-;  240;-;  231;-; 2788;-; 2601;-;  183;-;    4;-;   17;-;    4;-;   78;-;  158;-;  123;-;   29;-; 3154;-; 2970;-;  183;-;    1;-;   19;-;    5;-;   80;-;  146;-;  116;-;   11;-
4607;5027;05;A;  52;101125; 4;w;15; 2973;-; 4031;-;  226;-;  227;-; 2681;-; 2477;-;  197;-;    7;-;   20;-;    4;-;   91;-;  131;-;  103;-;   46;-; 3739;-; 3574;-;  162;-;    3;-;   26;-;    7;-;   90;-;  130;-;  104;-;   39;-
4607;5027;05;A;  52;101125; 4;w;16; 3015;-; 4215;-;  191;-;  198;-; 2789;-; 2604;-;  181;-;    4;-;   15;-;    2;-;   63;-;  126;-;   98;-;   20;-; 3946;-; 3762;-;  182;-;    2;-;   33;-;    6;-;   73;-;  119;-;   88;-;   38;-
4607;5027;05;A;  52;101125; 4;w;17; 3512;-; 4709;-;  167;-;  184;-; 3299;-; 3127;-;  171;-;    1;-;   15;-;    6;-;   57;-;  104;-;   83;-;   31;-; 4466;-; 4294;-;  167;-;    5;-;   32;-;   10;-;   62;-;  112;-;   88;-;   27;-
4607;5027;05;A;  52;101125; 4;w;18; 3573;-; 4692;-;  141;-;  143;-; 3381;-; 3253;-;  125;-;    3;-;   10;-;    2;-;   42;-;   97;-;   73;-;   41;-; 4493;-; 4361;-;  129;-;    3;-;   21;-;    3;-;   45;-;   95;-;   81;-;   35;-
4607;5027;05;A;  52;101125; 4;w;19; 3307;-; 4476;-;  100;-;  120;-; 3179;-; 3083;-;   93;-;    3;-;    8;-;    4;-;   31;-;   65;-;   56;-;   20;-; 4281;-; 4166;-;  111;-;    4;-;   30;-;    4;-;   29;-;   87;-;   72;-;   45;-
4607;5027;05;A;  52;101125; 4;w;20; 2646;-; 3256;-;   93;-;   88;-; 2516;-; 2407;-;  101;-;    8;-;    7;-;    5;-;   21;-;   67;-;   50;-;   30;-; 3146;-; 3031;-;  112;-;    3;-;    9;-;    4;-;   20;-;   64;-;   47;-;   13;-
4607;5027;05;A;  52;101125; 4;w;21; 1770;-; 2305;-;   90;-;   76;-; 1652;-; 1556;-;   92;-;    4;-;    7;-;    5;-;   21;-;   64;-;   47;-;   21;-; 2216;-; 2116;-;   98;-;    2;-;    5;-;    3;-;   11;-;   62;-;   40;-;    8;-
4607;5027;05;A;  52;101125; 4;w;22; 1409;-; 1831;-;   53;-;   61;-; 1341;-; 1258;-;   82;-;    1;-;    5;-;    1;-;   15;-;   37;-;   28;-;   10;-; 1754;-; 1695;-;   57;-;    2;-;    7;-;    2;-;    9;-;   50;-;   31;-;    9;-
4607;5027;05;A;  52;101125; 4;w;23;  988;-; 1806;-;   59;-;   57;-;  923;-;  860;-;   63;-;    0;-;    1;-;    2;-;   16;-;   41;-;   33;-;    5;-; 1739;-; 1669;-;   69;-;    1;-;    5;-;    1;-;   13;-;   43;-;   27;-;    5;-
4607;5027;05;A;  52;101125; 4;w;24;  602;-; 1130;-;   47;-;   47;-;  551;-;  504;-;   46;-;    1;-;    2;-;    0;-;    9;-;   38;-;   28;-;    2;-; 1079;-; 1036;-;   42;-;    1;-;    2;-;    2;-;    9;-;   36;-;   24;-;    2;-
4607;5027;05;A;  52;101126; 5;w;01;  322;-;  387;-;   44;-;   43;-;  274;-;  246;-;   27;-;    1;-;    0;-;    0;-;   10;-;   34;-;   27;-;    4;-;  340;-;  319;-;   21;-;    0;-;    2;-;    3;-;   10;-;   30;-;   21;-;    2;-
4607;5027;05;A;  52;101126; 5;w;02;  193;-;  205;-;   42;-;   41;-;  150;-;  130;-;   20;-;    0;-;    0;-;    1;-;    7;-;   34;-;   25;-;    1;-;  164;-;  145;-;   19;-;    0;-;    0;-;    1;-;   11;-;   29;-;   19;-;    0;-
4607;5027;05;A;  52;101126; 5;w;03;  164;-;  157;-;   61;-;   45;-;  102;-;   88;-;   14;-;    0;-;    0;-;    1;-;   17;-;   43;-;   30;-;    1;-;  110;-;   95;-;   15;-;    0;-;    1;-;    0;-;   12;-;   33;-;   22;-;    1;-
4607;5027;05;A;  52;101126; 5;w;04;  394;-;  200;-;   81;-;   58;-;  310;-;  283;-;   27;-;    0;-;    2;-;    2;-;   29;-;   50;-;   33;-;    1;-;  140;-;  115;-;   24;-;    1;-;    1;-;    0;-;   18;-;   40;-;   28;-;    1;-
4607;5027;05;A;  52;101126; 5;w;05;  819;-;  369;-;  123;-;   95;-;  688;-;  644;-;   42;-;    2;-;    3;-;    4;-;   41;-;   78;-;   56;-;    5;-;  272;-;  236;-;   36;-;    0;-;    1;-;    1;-;   41;-;   53;-;   39;-;    1;-
4607;5027;05;A;  52;101126; 5;w;06; 2316;-;  807;-;  179;-;  139;-; 2109;-; 2022;-;   82;-;    5;-;    4;-;    6;-;   74;-;   99;-;   81;-;   24;-;  662;-;  616;-;   45;-;    1;-;    4;-;    4;-;   42;-;   93;-;   59;-;    2;-
4607;5027;05;A;  52;101126; 5;w;07; 4793;-; 1921;-;  253;-;  184;-; 4477;-; 4277;-;  190;-;   10;-;   23;-;    4;-;   98;-;  151;-;  111;-;   40;-; 1726;-; 1626;-;   97;-;    3;-;    5;-;    0;-;   69;-;  115;-;   87;-;    6;-
4607;5027;05;A;  52;101126; 5;w;08; 5782;-; 3306;-;  261;-;  214;-; 5442;-; 5244;-;  190;-;    8;-;   21;-;   12;-;  118;-;  131;-;  108;-;   58;-; 3071;-; 2920;-;  149;-;    2;-;    9;-;    9;-;   93;-;  112;-;   89;-;   12;-
4607;5027;05;A;  52;101126; 5;w;09; 5347;-; 3606;-;  229;-;  279;-; 5020;-; 4824;-;  188;-;    8;-;   15;-;    8;-;   88;-;  133;-;  101;-;   83;-; 3295;-; 3128;-;  164;-;    3;-;   14;-;    3;-;  116;-;  160;-;  127;-;   18;-
4607;5027;05;A;  52;101126; 5;w;10; 3767;-; 2825;-;  274;-;  291;-; 3432;-; 3220;-;  203;-;    9;-;   21;-;    8;-;   96;-;  170;-;  129;-;   40;-; 2515;-; 2316;-;  195;-;    4;-;   10;-;    9;-;  115;-;  167;-;  128;-;    9;-
4607;5027;05;A;  52;101126; 5;w;11; 3052;-; 2513;-;  281;-;  270;-; 2734;-; 2546;-;  185;-;    3;-;   14;-;   11;-;  108;-;  162;-;  130;-;   23;-; 2220;-; 2033;-;  186;-;    1;-;   15;-;    4;-;  114;-;  152;-;  126;-;    8;-
4607;5027;05;A;  52;101126; 5;w;12; 2844;-; 2878;-;  282;-;  295;-; 2521;-; 2316;-;  201;-;    4;-;    8;-;    6;-;  101;-;  175;-;  137;-;   33;-; 2566;-; 2380;-;  186;-;    0;-;    9;-;    9;-;   98;-;  188;-;  148;-;    8;-
4607;5027;05;A;  52;101126; 5;w;13; 3111;-; 3642;-;  227;-;  250;-; 2844;-; 2656;-;  185;-;    3;-;   15;-;    6;-;   72;-;  149;-;  106;-;   25;-; 3362;-; 3153;-;  208;-;    1;-;   21;-;    2;-;  100;-;  148;-;  123;-;    9;-
4607;5027;05;A;  52;101126; 5;w;14; 3510;-; 3992;-;  234;-;  227;-; 3239;-; 3059;-;  175;-;    5;-;    6;-;    2;-;   99;-;  133;-;  101;-;   31;-; 3682;-; 3528;-;  152;-;    2;-;   42;-;    8;-;   90;-;  129;-;   96;-;   41;-
4607;5027;05;A;  52;101126; 5;w;15; 3584;-; 3692;-;  228;-;  217;-; 3305;-; 3130;-;  173;-;    2;-;   17;-;    1;-;   86;-;  141;-;  115;-;   34;-; 3418;-; 3285;-;  129;-;    4;-;   14;-;    5;-;   66;-;  146;-;  120;-;   43;-
4607;5027;05;A;  52;101126; 5;w;16; 3426;-; 3919;-;  164;-;  193;-; 3212;-; 3070;-;  140;-;    2;-;   21;-;    6;-;   69;-;   89;-;   69;-;   29;-; 3644;-; 3494;-;  150;-;    0;-;   26;-;    4;-;   58;-;  131;-;  111;-;   56;-
4607;5027;05;A;  52;101126; 5;w;17; 3674;-; 4284;-;  143;-;  182;-; 3490;-; 3330;-;  156;-;    4;-;   14;-;    4;-;   48;-;   91;-;   70;-;   27;-; 4028;-; 3903;-;  123;-;    2;-;   32;-;    5;-;   64;-;  113;-;   96;-;   42;-
4607;5027;05;A;  52;101126; 5;w;18; 3802;-; 4237;-;  139;-;  122;-; 3642;-; 3521;-;  117;-;    4;-;    8;-;   15;-;   29;-;   95;-;   70;-;   13;-; 4062;-; 3929;-;  128;-;    5;-;   18;-;    3;-;   46;-;   73;-;   59;-;   35;-
4607;5027;05;A;  52;101126; 5;w;19; 3311;-; 3768;-;   85;-;   95;-; 3198;-; 3091;-;  107;-;    0;-;    7;-;    6;-;   21;-;   58;-;   48;-;   21;-; 3646;-; 3559;-;   85;-;    2;-;   13;-;    4;-;   24;-;   67;-;   51;-;   14;-
4607;5027;05;A;  52;101126; 5;w;20; 2368;-; 2823;-;   65;-;   56;-; 2281;-; 2199;-;   79;-;    3;-;    6;-;    4;-;   25;-;   36;-;   30;-;   16;-; 2756;-; 2667;-;   89;-;    0;-;    5;-;    2;-;    9;-;   45;-;   36;-;    6;-
4607;5027;05;A;  52;101126; 5;w;21; 1676;-; 2232;-;   47;-;   68;-; 1616;-; 1530;-;   83;-;    3;-;    5;-;    4;-;    7;-;   36;-;   28;-;    8;-; 2153;-; 2076;-;   76;-;    1;-;    5;-;    5;-;   12;-;   51;-;   38;-;    6;-
4607;5027;05;A;  52;101126; 5;w;22; 1436;-; 1762;-;   38;-;   52;-; 1385;-; 1299;-;   85;-;    1;-;    3;-;    3;-;   11;-;   24;-;   19;-;   10;-; 1700;-; 1640;-;   58;-;    2;-;    3;-;    3;-;   10;-;   39;-;   26;-;    7;-
4607;5027;05;A;  52;101126; 5;w;23; 1319;-; 2055;-;   41;-;   44;-; 1259;-; 1202;-;   56;-;    1;-;    2;-;    4;-;   12;-;   25;-;   21;-;   17;-; 2003;-; 1941;-;   61;-;    1;-;    2;-;    2;-;    4;-;   38;-;   26;-;    6;-
4607;5027;05;A;  52;101126; 5;w;24;  890;-; 1615;-;   32;-;   61;-;  852;-;  806;-;   46;-;    0;-;    1;-;    4;-;    8;-;   20;-;   15;-;    5;-; 1551;-; 1502;-;   48;-;    1;-;    1;-;   19;-;   11;-;   31;-;   22;-;    2;-
4607;5027;05;A;  52;101127; 6;w;01;  559;-;  836;-;   32;-;   31;-;  519;-;  487;-;   31;-;    1;-;    0;-;    3;-;    9;-;   20;-;   13;-;    8;-;  801;-;  768;-;   33;-;    0;-;    2;-;    4;-;    0;-;   27;-;   20;-;    2;-
4607;5027;05;A;  52;101127; 6;w;02;  370;-;  440;-;   29;-;   25;-;  333;-;  310;-;   21;-;    2;-;    3;-;    0;-;    7;-;   22;-;   13;-;    5;-;  413;-;  387;-;   26;-;    0;-;    1;-;    1;-;    6;-;   18;-;   12;-;    1;-
4607;5027;05;A;  52;101127; 6;w;03;  251;-;  276;-;   45;-;   26;-;  204;-;  183;-;   21;-;    0;-;    0;-;    0;-;   12;-;   33;-;   21;-;    2;-;  246;-;  218;-;   28;-;    0;-;    3;-;    0;-;    6;-;   20;-;   13;-;    1;-
4607;5027;05;A;  52;101127; 6;w;04;  387;-;  252;-;   37;-;   32;-;  347;-;  318;-;   28;-;    1;-;    1;-;    2;-;   13;-;   22;-;   11;-;    2;-;  217;-;  200;-;   17;-;    0;-;    2;-;    0;-;   14;-;   18;-;   13;-;    1;-
4607;5027;05;A;  52;101127; 6;w;05;  563;-;  324;-;   47;-;   45;-;  514;-;  474;-;   40;-;    0;-;    0;-;    3;-;   20;-;   24;-;   15;-;    2;-;  278;-;  234;-;   44;-;    0;-;    1;-;    0;-;   32;-;   13;-;    8;-;    0;-
4607;5027;05;A;  52;101127; 6;w;06;  957;-;  460;-;   48;-;   43;-;  890;-;  840;-;   49;-;    1;-;    8;-;    5;-;   22;-;   21;-;   16;-;   11;-;  413;-;  382;-;   31;-;    0;-;    3;-;    3;-;   16;-;   24;-;   13;-;    1;-
4607;5027;05;A;  52;101127; 6;w;07;  881;-;  651;-;   66;-;   41;-;  799;-;  703;-;   95;-;    1;-;   10;-;    3;-;   39;-;   24;-;   17;-;    6;-;  603;-;  544;-;   58;-;    1;-;    4;-;    3;-;   20;-;   18;-;   16;-;    3;-
4607;5027;05;A;  52;101127; 6;w;08; 1190;-;  943;-;   64;-;   49;-; 1093;-;  959;-;  131;-;    3;-;   16;-;    3;-;   28;-;   33;-;   29;-;   17;-;  883;-;  810;-;   73;-;    0;-;    9;-;    0;-;   24;-;   25;-;   21;-;    2;-
4607;5027;05;A;  52;101127; 6;w;09; 1824;-; 1459;-;   70;-;   53;-; 1722;-; 1586;-;  134;-;    2;-;   12;-;    5;-;   36;-;   29;-;   24;-;   20;-; 1393;-; 1295;-;   98;-;    0;-;    7;-;    3;-;   26;-;   24;-;   20;-;    6;-
4607;5027;05;A;  52;101127; 6;w;10; 2304;-; 2114;-;   71;-;   72;-; 2194;-; 2060;-;  129;-;    5;-;   15;-;    8;-;   39;-;   24;-;   19;-;   24;-; 2024;-; 1911;-;  111;-;    2;-;   13;-;    6;-;   39;-;   27;-;   21;-;    5;-
4607;5027;05;A;  52;101127; 6;w;11; 2412;-; 2413;-;   61;-;   58;-; 2318;-; 2193;-;  123;-;    2;-;   17;-;   11;-;   31;-;   19;-;   17;-;   16;-; 2333;-; 2235;-;   98;-;    0;-;   11;-;    4;-;   28;-;   26;-;   21;-;   11;-
4607;5027;05;A;  52;101127; 6;w;12; 2638;-; 2410;-;   48;-;   53;-; 2549;-; 2437;-;  109;-;    3;-;   10;-;    8;-;   28;-;   12;-;   11;-;   31;-; 2341;-; 2232;-;  108;-;    1;-;   10;-;    7;-;   28;-;   18;-;   16;-;    6;-
4607;5027;05;A;  52;101127; 6;w;13; 2657;-; 2773;-;   35;-;   43;-; 2591;-; 2451;-;  139;-;    1;-;   13;-;    2;-;   14;-;   19;-;   18;-;   18;-; 2715;-; 2604;-;  110;-;    1;-;   12;-;    6;-;   23;-;   14;-;   12;-;    3;-
4607;5027;05;A;  52;101127; 6;w;14; 3055;-; 2956;-;   46;-;   36;-; 2970;-; 2832;-;  132;-;    6;-;   21;-;    4;-;   22;-;   20;-;   14;-;   18;-; 2907;-; 2814;-;   90;-;    3;-;    7;-;    2;-;   19;-;   15;-;   11;-;    6;-
4607;5027;05;A;  52;101127; 6;w;15; 2850;-; 3320;-;   39;-;   51;-; 2764;-; 2610;-;  152;-;    2;-;   19;-;    4;-;   21;-;   14;-;   14;-;   28;-; 3237;-; 3130;-;  106;-;    1;-;   24;-;    5;-;   27;-;   19;-;   15;-;    8;-
4607;5027;05;A;  52;101127; 6;w;16; 2773;-; 2964;-;   33;-;   37;-; 2695;-; 2557;-;  134;-;    4;-;   10;-;    6;-;   14;-;   13;-;    9;-;   35;-; 2892;-; 2802;-;   87;-;    3;-;   25;-;   12;-;   12;-;   13;-;   13;-;   10;-
4607;5027;05;A;  52;101127; 6;w;17; 2992;-; 2983;-;   29;-;   23;-; 2915;-; 2791;-;  117;-;    7;-;   12;-;    5;-;   16;-;    8;-;    4;-;   36;-; 2933;-; 2844;-;   87;-;    2;-;   16;-;   12;-;    5;-;    6;-;    5;-;   11;-
4607;5027;05;A;  52;101127; 6;w;18; 3198;-; 2760;-;   22;-;   27;-; 3144;-; 3029;-;  112;-;    3;-;    7;-;    5;-;   11;-;    6;-;    4;-;   25;-; 2708;-; 2626;-;   77;-;    5;-;   12;-;    8;-;   14;-;    5;-;    4;-;   13;-
4607;5027;05;A;  52;101127; 6;w;19; 2563;-; 2306;-;   20;-;   24;-; 2512;-; 2418;-;   86;-;    8;-;    2;-;    5;-;    7;-;    8;-;    6;-;   29;-; 2268;-; 2179;-;   88;-;    1;-;    7;-;   10;-;    9;-;    5;-;    4;-;    7;-
4607;5027;05;A;  52;101127; 6;w;20; 1816;-; 1829;-;   19;-;   20;-; 1781;-; 1692;-;   86;-;    3;-;    4;-;    4;-;   12;-;    3;-;    3;-;   12;-; 1798;-; 1729;-;   67;-;    2;-;    6;-;    9;-;    7;-;    4;-;    3;-;    5;-
4607;5027;05;A;  52;101127; 6;w;21; 1415;-; 1478;-;   14;-;    4;-; 1388;-; 1312;-;   72;-;    4;-;    5;-;    2;-;    6;-;    6;-;    3;-;    8;-; 1471;-; 1419;-;   52;-;    0;-;    1;-;    1;-;    1;-;    2;-;    2;-;    2;-
4607;5027;05;A;  52;101127; 6;w;22; 1497;-; 1227;-;   12;-;   12;-; 1472;-; 1399;-;   69;-;    4;-;    2;-;    5;-;    7;-;    0;-;    0;-;   11;-; 1207;-; 1157;-;   49;-;    1;-;    2;-;    2;-;    6;-;    4;-;    3;-;    6;-
4607;5027;05;A;  52;101127; 6;w;23; 1258;-; 2272;-;   11;-;    7;-; 1225;-; 1184;-;   40;-;    1;-;    1;-;    3;-;    7;-;    1;-;    1;-;   21;-; 2259;-; 2207;-;   52;-;    0;-;    0;-;    2;-;    3;-;    2;-;    2;-;    6;-
4607;5027;05;A;  52;101127; 6;w;24;  944;-; 1502;-;   16;-;    9;-;  906;-;  857;-;   48;-;    1;-;    2;-;   11;-;    4;-;    1;-;    1;-;   20;-; 1485;-; 1440;-;   44;-;    1;-;    2;-;    2;-;    4;-;    3;-;    3;-;    6;-
4607;5027;05;A;  52;101128; 7;s;01;  856;-;  899;-;    5;-;    4;-;  846;-;  808;-;   37;-;    1;-;    1;-;    2;-;    3;-;    0;-;    0;-;    4;-;  894;-;  872;-;   22;-;    0;-;    0;-;    1;-;    2;-;    1;-;    0;-;    1;-
4607;5027;05;A;  52;101128; 7;s;02;  501;-;  604;-;    6;-;    2;-;  495;-;  455;-;   39;-;    1;-;    0;-;    1;-;    5;-;    0;-;    0;-;    0;-;  600;-;  587;-;   12;-;    1;-;    1;-;    1;-;    1;-;    0;-;    0;-;    1;-
4607;5027;05;A;  52;101128; 7;s;03;  343;-;  358;-;   11;-;    4;-;  328;-;  303;-;   25;-;    0;-;    0;-;    2;-;    4;-;    5;-;    3;-;    4;-;  353;-;  332;-;   21;-;    0;-;    0;-;    1;-;    3;-;    0;-;    0;-;    1;-
4607;5027;05;A;  52;101128; 7;s;04;  387;-;  308;-;    6;-;    5;-;  379;-;  349;-;   30;-;    0;-;    1;-;    0;-;    4;-;    2;-;    0;-;    1;-;  302;-;  281;-;   21;-;    0;-;    0;-;    1;-;    4;-;    0;-;    0;-;    1;-
4607;5027;05;A;  52;101128; 7;s;05;  465;-;  391;-;    5;-;    5;-;  458;-;  428;-;   29;-;    1;-;    0;-;    2;-;    3;-;    0;-;    0;-;    2;-;  385;-;  357;-;   28;-;    0;-;    1;-;    1;-;    4;-;    0;-;    0;-;    0;-
4607;5027;05;A;  52;101128; 7;s;06;  665;-;  387;-;   26;-;    3;-;  626;-;  585;-;   41;-;    0;-;    3;-;    5;-;    7;-;   14;-;    9;-;   10;-;  382;-;  367;-;   15;-;    0;-;    2;-;    1;-;    1;-;    1;-;    1;-;    0;-
4607;5027;05;A;  52;101128; 7;s;07;  447;-;  416;-;   10;-;   13;-;  422;-;  397;-;   25;-;    0;-;   12;-;    2;-;    4;-;    4;-;    4;-;    3;-;  397;-;  374;-;   23;-;    0;-;    4;-;    5;-;    2;-;    6;-;    6;-;    2;-
4607;5027;05;A;  52;101128; 7;s;08;  576;-;  382;-;   16;-;    7;-;  547;-;  489;-;   58;-;    0;-;   11;-;    1;-;   13;-;    2;-;    2;-;    2;-;  371;-;  339;-;   31;-;    1;-;    4;-;    3;-;    2;-;    2;-;    2;-;    0;-
4607;5027;05;A;  52;101128; 7;s;09;  908;-;  842;-;   23;-;    9;-;  872;-;  784;-;   87;-;    1;-;    5;-;    3;-;   12;-;    8;-;    8;-;    8;-;  821;-;  770;-;   51;-;    0;-;    5;-;    2;-;    3;-;    4;-;    2;-;    7;-
4607;5027;05;A;  52;101128; 7;s;10; 1419;-; 1353;-;   15;-;   23;-; 1365;-; 1250;-;  114;-;    1;-;   25;-;    3;-;    8;-;    4;-;    4;-;   14;-; 1317;-; 1267;-;   50;-;    0;-;    3;-;   12;-;    7;-;    4;-;    4;-;   10;-
4607;5027;05;A;  52;101128; 7;s;11; 2019;-; 2030;-;   19;-;   25;-; 1981;-; 1879;-;   97;-;    5;-;    3;-;    4;-;    7;-;    8;-;    7;-;   16;-; 1995;-; 1921;-;   72;-;    2;-;    3;-;    8;-;    8;-;    9;-;    8;-;    7;-
4607;5027;05;A;  52;101128; 7;s;12; 2478;-; 1989;-;   17;-;   15;-; 2412;-; 2303;-;  106;-;    3;-;    7;-;    2;-;   11;-;    4;-;    4;-;   42;-; 1961;-; 1904;-;   56;-;    1;-;    4;-;    3;-;    7;-;    5;-;    5;-;    9;-
4607;5027;05;A;  52;101128; 7;s;13; 2323;-; 2285;-;   12;-;    9;-; 2290;-; 2173;-;  114;-;    3;-;    2;-;    2;-;    7;-;    3;-;    3;-;   19;-; 2262;-; 2193;-;   69;-;    0;-;    6;-;    2;-;    4;-;    3;-;    3;-;    8;-
4607;5027;05;A;  52;101128; 7;s;14; 2455;-; 2384;-;   18;-;   19;-; 2403;-; 2292;-;  104;-;    7;-;    8;-;    8;-;    4;-;    6;-;    5;-;   26;-; 2348;-; 2275;-;   70;-;    3;-;    6;-;    6;-;    9;-;    4;-;    4;-;   11;-
4607;5027;05;A;  52;101128; 7;s;15; 2621;-; 2812;-;   14;-;   25;-; 2585;-; 2484;-;   93;-;    8;-;    5;-;    5;-;    8;-;    1;-;    1;-;   17;-; 2773;-; 2695;-;   73;-;    5;-;    7;-;    4;-;    7;-;   14;-;    7;-;    7;-
4607;5027;05;A;  52;101128; 7;s;16; 2649;-; 2585;-;   13;-;   17;-; 2592;-; 2482;-;  104;-;    6;-;    4;-;    1;-;    4;-;    8;-;    8;-;   40;-; 2557;-; 2493;-;   61;-;    3;-;    7;-;    5;-;    6;-;    6;-;    4;-;    4;-
4607;5027;05;A;  52;101128; 7;s;17; 2817;-; 3627;-;   26;-;   27;-; 2763;-; 2653;-;  102;-;    8;-;    5;-;    6;-;   10;-;   10;-;    6;-;   23;-; 3566;-; 3470;-;   93;-;    3;-;   22;-;    5;-;   18;-;    4;-;    2;-;   12;-
4607;5027;05;A;  52;101128; 7;s;18; 2865;-; 3259;-;   24;-;   40;-; 2809;-; 2716;-;   88;-;    5;-;   13;-;    8;-;    8;-;    8;-;    6;-;   19;-; 3177;-; 3079;-;   98;-;    0;-;   31;-;    7;-;   17;-;   16;-;   13;-;   11;-
4607;5027;05;A;  52;101128; 7;s;19; 2593;-; 2534;-;   34;-;   27;-; 2523;-; 2447;-;   74;-;    2;-;    8;-;    7;-;   12;-;   15;-;   11;-;   28;-; 2470;-; 2370;-;   98;-;    2;-;   24;-;    5;-;   13;-;    9;-;    8;-;   13;-
4607;5027;05;A;  52;101128; 7;s;20; 1894;-; 1765;-;   16;-;   27;-; 1842;-; 1769;-;   69;-;    4;-;    4;-;    3;-;    8;-;    5;-;    5;-;   32;-; 1727;-; 1666;-;   60;-;    1;-;    6;-;   12;-;    5;-;   10;-;    9;-;    5;-
4607;5027;05;A;  52;101128; 7;s;21; 1583;-; 1554;-;   20;-;   25;-; 1545;-; 1482;-;   62;-;    1;-;    5;-;    5;-;    5;-;   10;-;    9;-;   13;-; 1521;-; 1462;-;   57;-;    2;-;    5;-;    3;-;   12;-;   10;-;    9;-;    3;-
4607;5027;05;A;  52;101128; 7;s;22; 1486;-; 1285;-;   22;-;   19;-; 1451;-; 1390;-;   56;-;    5;-;    3;-;    2;-;    8;-;   12;-;   11;-;   10;-; 1257;-; 1223;-;   34;-;    0;-;    4;-;    5;-;    4;-;   10;-;   10;-;    5;-
4607;5027;05;A;  52;101128; 7;s;23; 1179;-;  899;-;   34;-;   29;-; 1123;-; 1051;-;   70;-;    2;-;    1;-;    2;-;    7;-;   25;-;   21;-;   21;-;  863;-;  836;-;   26;-;    1;-;    2;-;    3;-;    6;-;   20;-;   16;-;    5;-
4607;5027;05;A;  52;101128; 7;s;24;  578;-;  814;-;   21;-;   38;-;  549;-;  502;-;   47;-;    0;-;    2;-;    0;-;    5;-;   16;-;   10;-;    6;-;  770;-;  720;-;   50;-;    0;-;    3;-;    2;-;   13;-;   23;-;   21;-;    3;-
4607;5027;05;A;  52;101129; 1;w;01;  270;-;  364;-;   30;-;   28;-;  238;-;  216;-;   21;-;    1;-;    0;-;    1;-;   12;-;   17;-;   10;-;    2;-;  335;-;  315;-;   20;-;    0;-;    1;-;    2;-;    8;-;   18;-;   14;-;    0;-
4607;5027;05;A;  52;101129; 1;w;02;  141;-;  141;-;   24;-;   11;-;  112;-;  102;-;   10;-;    0;-;    3;-;    0;-;    5;-;   19;-;   14;-;    2;-;  130;-;  115;-;   15;-;    0;-;    0;-;    0;-;    2;-;    9;-;    6;-;    0;-
4607;5027;05;A;  52;101129; 1;w;03;  139;-;  107;-;   36;-;   35;-;  102;-;   85;-;   17;-;    0;-;    0;-;    0;-;    9;-;   27;-;   22;-;    1;-;   72;-;   61;-;   11;-;    0;-;    0;-;    0;-;    8;-;   27;-;   19;-;    0;-
4607;5027;05;A;  52;101129; 1;w;04;  296;-;  173;-;   48;-;   47;-;  246;-;  228;-;   18;-;    0;-;    1;-;    1;-;   14;-;   33;-;   26;-;    1;-;  125;-;   98;-;   27;-;    0;-;    0;-;    1;-;   15;-;   31;-;   24;-;    1;-
4607;5027;05;A;  52;101129; 1;w;05;  831;-;  296;-;  101;-;   90;-;  727;-;  685;-;   39;-;    3;-;    1;-;    7;-;   46;-;   48;-;   41;-;    2;-;  206;-;  179;-;   26;-;    1;-;    0;-;    1;-;   41;-;   48;-;   38;-;    0;-
4607;5027;05;A;  52;101129; 1;w;06; 2936;-;  959;-;  217;-;  123;-; 2657;-; 2543;-;  105;-;    9;-;    3;-;    4;-;   75;-;  138;-;  112;-;   59;-;  827;-;  779;-;   48;-;    0;-;    4;-;    1;-;   39;-;   83;-;   66;-;    5;-
4607;5027;05;A;  52;101129; 1;w;07; 5232;-; 2151;-;  244;-;  183;-; 4919;-; 4691;-;  217;-;   11;-;    8;-;    6;-;   96;-;  142;-;  114;-;   61;-; 1955;-; 1860;-;   94;-;    1;-;    4;-;    3;-;   73;-;  107;-;   91;-;    9;-
4607;5027;05;A;  52;101129; 1;w;08; 6100;-; 3519;-;  230;-;  183;-; 5819;-; 5595;-;  218;-;    6;-;   10;-;   11;-;   93;-;  126;-;   96;-;   41;-; 3311;-; 3185;-;  126;-;    0;-;    8;-;    5;-;   75;-;  103;-;   79;-;   17;-
4607;5027;05;A;  52;101129; 1;w;09; 5749;-; 3878;-;  246;-;  243;-; 5421;-; 5193;-;  222;-;    6;-;   24;-;    7;-;   93;-;  146;-;  118;-;   58;-; 3597;-; 3429;-;  168;-;    0;-;   20;-;    1;-;  116;-;  126;-;   84;-;   18;-
4607;5027;05;A;  52;101129; 1;w;10; 4397;-; 3024;-;  284;-;  230;-; 4024;-; 3801;-;  210;-;   13;-;   31;-;    5;-;  100;-;  179;-;  139;-;   58;-; 2764;-; 2603;-;  160;-;    1;-;   19;-;   11;-;   92;-;  127;-;   91;-;   11;-
4607;5027;05;A;  52;101129; 1;w;11; 2907;-; 2626;-;  258;-;  258;-; 2611;-; 2394;-;  213;-;    4;-;   10;-;    6;-;  103;-;  149;-;  122;-;   28;-; 2345;-; 2201;-;  144;-;    0;-;   14;-;   17;-;   90;-;  151;-;  125;-;    9;-
4607;5027;05;A;  52;101129; 1;w;12; 3045;-; 2690;-;  290;-;  285;-; 2705;-; 2510;-;  192;-;    3;-;   12;-;    3;-;  110;-;  177;-;  133;-;   38;-; 2390;-; 2194;-;  194;-;    2;-;    9;-;    2;-;  105;-;  178;-;  133;-;    6;-
4607;5027;05;A;  52;101129; 1;w;13; 2915;-; 2802;-;  242;-;  226;-; 2641;-; 2459;-;  180;-;    2;-;   10;-;    5;-;   94;-;  143;-;  114;-;   22;-; 2556;-; 2369;-;  185;-;    2;-;   12;-;    5;-;   97;-;  124;-;   98;-;    8;-
4607;5027;05;A;  52;101129; 1;w;14; 3020;-; 3159;-;  239;-;  259;-; 2754;-; 2580;-;  171;-;    3;-;   13;-;    4;-;   83;-;  152;-;  116;-;   14;-; 2873;-; 2716;-;  156;-;    1;-;   15;-;    5;-;  107;-;  147;-;  116;-;   12;-
4607;5027;05;A;  52;101129; 1;w;15; 2672;-; 3469;-;  220;-;  225;-; 2422;-; 2258;-;  159;-;    5;-;   11;-;    3;-;   90;-;  127;-;  102;-;   19;-; 3200;-; 3047;-;  151;-;    2;-;   22;-;    7;-;   83;-;  135;-;  102;-;   22;-
4607;5027;05;A;  52;101129; 1;w;16; 2589;-; 3740;-;  187;-;  188;-; 2367;-; 2219;-;  147;-;    1;-;    8;-;    2;-;   83;-;  102;-;   84;-;   27;-; 3492;-; 3353;-;  137;-;    2;-;   29;-;    4;-;   73;-;  111;-;   77;-;   31;-
4607;5027;05;A;  52;101129; 1;w;17; 2628;-; 3791;-;  149;-;  129;-; 2465;-; 2363;-;  100;-;    2;-;    9;-;    2;-;   55;-;   92;-;   80;-;    5;-; 3612;-; 3486;-;  124;-;    2;-;   14;-;    4;-;   51;-;   74;-;   61;-;   36;-
4607;5027;05;A;  52;101129; 1;w;18; 2533;-; 2762;-;   94;-;   97;-; 2420;-; 2350;-;   67;-;    3;-;    3;-;    4;-;   29;-;   61;-;   50;-;   16;-; 2487;-; 2402;-;   82;-;    3;-;    9;-;    6;-;   37;-;   54;-;   39;-;  169;-
4607;5027;05;A;  52;101129; 1;w;19; 2377;-; 2846;-;   80;-;   89;-; 2283;-; 2226;-;   56;-;    1;-;    5;-;    2;-;   19;-;   59;-;   49;-;    9;-; 2629;-; 2557;-;   71;-;    1;-;   11;-;    4;-;   35;-;   50;-;   37;-;  117;-
4607;5027;05;A;  52;101129; 1;w;20; 1929;-; 2987;-;   60;-;  100;-; 1862;-; 1816;-;   45;-;    1;-;    2;-;    3;-;   21;-;   36;-;   29;-;    5;-; 2794;-; 2707;-;   83;-;    4;-;    9;-;    2;-;   25;-;   73;-;   56;-;   84;-
4607;5027;05;A;  52;101129; 1;w;21; 1668;-; 1845;-;   64;-;   85;-; 1597;-; 1556;-;   41;-;    0;-;    1;-;    3;-;   15;-;   46;-;   38;-;    6;-; 1718;-; 1650;-;   68;-;    0;-;    5;-;    7;-;   17;-;   61;-;   47;-;   37;-
4607;5027;05;A;  52;101129; 1;w;22; 1559;-; 1378;-;   78;-;   66;-; 1473;-; 1424;-;   47;-;    2;-;    3;-;    7;-;   20;-;   51;-;   35;-;    5;-; 1305;-; 1262;-;   41;-;    2;-;    3;-;    6;-;   12;-;   48;-;   34;-;    4;-
4607;5027;05;A;  52;101129; 1;w;23;  936;-; 1134;-;   67;-;   52;-;  865;-;  837;-;   28;-;    0;-;    3;-;    4;-;   18;-;   45;-;   33;-;    1;-; 1079;-; 1049;-;   30;-;    0;-;    0;-;    5;-;   12;-;   35;-;   25;-;    3;-
4607;5027;05;A;  52;101129; 1;w;24;  515;-;  932;-;   36;-;   63;-;  476;-;  441;-;   35;-;    0;-;    0;-;    0;-;    7;-;   29;-;   22;-;    3;-;  866;-;  830;-;   36;-;    0;-;    1;-;    4;-;    6;-;   53;-;   34;-;    2;-
4607;5027;05;A;  52;101130; 2;w;01;  321;-;  524;-;   42;-;   43;-;  279;-;  254;-;   25;-;    0;-;    0;-;    1;-;    8;-;   33;-;   24;-;    0;-;  479;-;  453;-;   25;-;    1;-;    1;-;    2;-;    4;-;   37;-;   27;-;    1;-
4607;5027;05;A;  52;101130; 2;w;02;  154;-;  301;-;   43;-;   46;-;  110;-;   97;-;   13;-;    0;-;    1;-;    2;-;   12;-;   29;-;   21;-;    0;-;  254;-;  238;-;   16;-;    0;-;    1;-;    2;-;    6;-;   38;-;   25;-;    0;-
4607;5027;05;A;  52;101130; 2;w;03;  160;-;  196;-;   48;-;   47;-;  112;-;  104;-;    8;-;    0;-;    0;-;    0;-;    8;-;   40;-;   24;-;    0;-;  148;-;  135;-;   13;-;    0;-;    0;-;    1;-;   12;-;   34;-;   23;-;    1;-
4607;5027;05;A;  52;101130; 2;w;04;  327;-;  174;-;   73;-;   55;-;  252;-;  232;-;   20;-;    0;-;    1;-;    1;-;   19;-;   53;-;   36;-;    1;-;  118;-;  102;-;   16;-;    0;-;    1;-;    1;-;   23;-;   31;-;   25;-;    0;-
4607;5027;05;A;  52;101130; 2;w;05;  780;-;  343;-;  126;-;   99;-;  648;-;  622;-;   25;-;    1;-;    3;-;    5;-;   46;-;   75;-;   58;-;    3;-;  242;-;  218;-;   23;-;    1;-;    2;-;    0;-;   34;-;   65;-;   50;-;    0;-
4607;5027;05;A;  52;101130; 2;w;06; 2502;-;  784;-;  180;-;  131;-; 2298;-; 2226;-;   65;-;    7;-;    3;-;    4;-;   61;-;  115;-;   88;-;   21;-;  647;-;  616;-;   31;-;    0;-;    3;-;    1;-;   43;-;   87;-;   62;-;    3;-
4607;5027;05;A;  52;101130; 2;w;07; 3934;-; 1908;-;  187;-;  131;-; 3721;-; 3572;-;  141;-;    8;-;    9;-;    4;-;   75;-;  108;-;   83;-;   17;-; 1768;-; 1682;-;   85;-;    1;-;    2;-;    2;-;   46;-;   83;-;   67;-;    7;-
4607;5027;05;A;  52;101130; 2;w;08; 4394;-; 2785;-;  158;-;  146;-; 4209;-; 4059;-;  145;-;    5;-;    7;-;   13;-;   79;-;   66;-;   50;-;   20;-; 2577;-; 2500;-;   76;-;    1;-;    6;-;    2;-;   60;-;   84;-;   58;-;   56;-
4607;5027;05;A;  52;101130; 2;w;09; 4554;-; 1945;-;  185;-;   92;-; 4336;-; 4173;-;  159;-;    4;-;    8;-;    3;-;   73;-;  109;-;   92;-;   25;-; 1695;-; 1647;-;   48;-;    0;-;    4;-;    1;-;   45;-;   46;-;   31;-;  154;-
4607;5027;05;A;  52;101130; 2;w;10; 4286;-; 3032;-;  252;-;  273;-; 3954;-; 3769;-;  179;-;    6;-;   19;-;    3;-;   94;-;  155;-;  114;-;   61;-; 2642;-; 2493;-;  145;-;    4;-;   18;-;    4;-;  125;-;  144;-;  111;-;   99;-
4607;5027;05;A;  52;101130; 2;w;11; 3527;-; 2097;-;  322;-;  217;-; 3142;-; 2945;-;  190;-;    7;-;   16;-;   14;-;   96;-;  212;-;  167;-;   47;-; 1862;-; 1715;-;  145;-;    2;-;    8;-;   11;-;   68;-;  138;-;   99;-;   10;-
4607;5027;05;A;  52;101130; 2;w;12; 2755;-; 2425;-;  237;-;  247;-; 2479;-; 2288;-;  187;-;    4;-;   17;-;    5;-;   84;-;  148;-;  126;-;   22;-; 2160;-; 2006;-;  153;-;    1;-;   12;-;    5;-;  100;-;  142;-;  117;-;    6;-
4607;5027;05;A;  52;101130; 2;w;13; 2798;-; 2768;-;  234;-;  277;-; 2512;-; 2335;-;  175;-;    2;-;   14;-;    4;-;   79;-;  151;-;  123;-;   38;-; 2466;-; 2305;-;  160;-;    1;-;   21;-;    4;-;   88;-;  185;-;  142;-;    4;-
4607;5027;05;A;  52;101130; 2;w;14; 2910;-; 3190;-;  233;-;  233;-; 2625;-; 2471;-;  153;-;    1;-;   17;-;    3;-;   90;-;  140;-;  104;-;   35;-; 2932;-; 2747;-;  182;-;    3;-;   17;-;    6;-;   87;-;  140;-;  115;-;    8;-
4607;5027;05;A;  52;101130; 2;w;15; 2718;-; 3581;-;  210;-;  252;-; 2471;-; 2310;-;  154;-;    7;-;    9;-;    3;-;   63;-;  144;-;  109;-;   28;-; 3289;-; 3128;-;  161;-;    0;-;   19;-;    2;-;   90;-;  160;-;  130;-;   21;-
4607;5027;05;A;  52;101130; 2;w;16; 2752;-; 3916;-;  203;-;  190;-; 2510;-; 2343;-;  163;-;    4;-;   10;-;    2;-;   82;-;  119;-;  100;-;   29;-; 3675;-; 3520;-;  155;-;    0;-;   23;-;    6;-;   69;-;  115;-;   89;-;   28;-
4607;5027;05;A;  52;101130; 2;w;17; 3188;-; 3986;-;  177;-;  161;-; 2992;-; 2842;-;  143;-;    7;-;    5;-;    4;-;   56;-;  117;-;   97;-;   14;-; 3767;-; 3601;-;  165;-;    1;-;   19;-;    2;-;   75;-;   84;-;   66;-;   39;-
4607;5027;05;A;  52;101130; 2;w;18; 3271;-; 4031;-;  148;-;  143;-; 3065;-; 2963;-;  100;-;    2;-;    8;-;    5;-;   35;-;  108;-;   87;-;   50;-; 3832;-; 3719;-;  111;-;    2;-;   19;-;    4;-;   47;-;   92;-;   75;-;   37;-
4607;5027;05;A;  52;101130; 2;w;19; 3268;-; 3966;-;  117;-;  101;-; 3107;-; 3015;-;   85;-;    7;-;    8;-;    5;-;   32;-;   80;-;   65;-;   36;-; 3816;-; 3726;-;   88;-;    2;-;   15;-;    4;-;   29;-;   68;-;   52;-;   34;-
4607;5027;05;A;  52;101130; 2;w;20; 2116;-; 2838;-;   74;-;   64;-; 2016;-; 1936;-;   78;-;    2;-;    3;-;    4;-;   19;-;   51;-;   40;-;   23;-; 2752;-; 2654;-;   95;-;    3;-;    6;-;    4;-;   18;-;   42;-;   25;-;   16;-
4607;5027;05;A;  52;101130; 2;w;21; 1426;-; 1941;-;   72;-;   68;-; 1343;-; 1272;-;   68;-;    3;-;    3;-;    3;-;   17;-;   52;-;   41;-;    8;-; 1854;-; 1787;-;   63;-;    4;-;    6;-;    5;-;   14;-;   49;-;   38;-;   13;-
4607;5027;05;A;  52;101130; 2;w;22; 1235;-; 1593;-;   44;-;   51;-; 1179;-; 1107;-;   70;-;    2;-;    1;-;    3;-;   12;-;   29;-;   19;-;   11;-; 1532;-; 1467;-;   65;-;    0;-;    4;-;    1;-;   12;-;   38;-;   30;-;    6;-
4607;5027;05;A;  52;101130; 2;w;23;  808;-; 1431;-;   54;-;   45;-;  742;-;  688;-;   53;-;    1;-;    1;-;    3;-;   14;-;   37;-;   29;-;   11;-; 1378;-; 1333;-;   45;-;    0;-;    0;-;    3;-;   12;-;   30;-;   20;-;    8;-
4607;5027;05;A;  52;101130; 2;w;24;  555;-;  989;-;   36;-;   58;-;  514;-;  471;-;   43;-;    0;-;    0;-;    0;-;   12;-;   24;-;   21;-;    5;-;  924;-;  890;-;   33;-;    1;-;    2;-;    3;-;    9;-;   46;-;   33;-;    5;-
4607;5027;05;A;  52;101201; 3;w;01;  240;-;  416;-;   43;-;   43;-;  194;-;  162;-;   32;-;    0;-;    1;-;    3;-;    6;-;   34;-;   22;-;    2;-;  369;-;  343;-;   26;-;    0;-;    0;-;    2;-;    6;-;   35;-;   22;-;    4;-
4607;5027;05;A;  52;101201; 3;w;02;  147;-;  195;-;   44;-;   44;-;  102;-;   83;-;   19;-;    0;-;    0;-;    2;-;   11;-;   31;-;   25;-;    1;-;  149;-;  132;-;   17;-;    0;-;    0;-;    1;-;    3;-;   40;-;   30;-;    2;-
4607;5027;05;A;  52;101201; 3;w;03;  126;-;  128;-;   51;-;   41;-;   75;-;   62;-;   13;-;    0;-;    0;-;    0;-;   14;-;   37;-;   23;-;    0;-;   87;-;   74;-;   13;-;    0;-;    0;-;    0;-;   11;-;   30;-;   21;-;    0;-
4607;5027;05;A;  52;101201; 3;w;04;  310;-;  211;-;   70;-;   70;-;  239;-;  221;-;   18;-;    0;-;    1;-;    1;-;   15;-;   54;-;   43;-;    0;-;  140;-;  109;-;   31;-;    0;-;    0;-;    1;-;   27;-;   42;-;   27;-;    1;-
4607;5027;05;A;  52;101201; 3;w;05;  830;-;  296;-;  114;-;   84;-;  712;-;  674;-;   38;-;    0;-;    1;-;    9;-;   43;-;   62;-;   42;-;    3;-;  211;-;  192;-;   19;-;    0;-;    0;-;    0;-;   37;-;   47;-;   30;-;    1;-
4607;5027;05;A;  52;101201; 3;w;06; 2596;-;  799;-;  144;-;  109;-; 2415;-; 2321;-;   88;-;    6;-;    3;-;    4;-;   43;-;   97;-;   78;-;   34;-;  686;-;  646;-;   40;-;    0;-;    1;-;    0;-;   35;-;   74;-;   57;-;    3;-
4607;5027;05;A;  52;101201; 3;w;07; 5082;-; 1954;-;  196;-;  147;-; 4798;-; 4612;-;  173;-;   13;-;   10;-;    4;-;   78;-;  114;-;   80;-;   78;-; 1797;-; 1712;-;   84;-;    1;-;    2;-;    0;-;   59;-;   88;-;   67;-;    8;-
4607;5027;05;A;  52;101201; 3;w;08; 5990;-; 3502;-;  231;-;  205;-; 5703;-; 5482;-;  213;-;    8;-;   10;-;   13;-;   88;-;  130;-;  105;-;   46;-; 3277;-; 3150;-;  124;-;    3;-;    9;-;    7;-;   81;-;  117;-;   88;-;   11;-
4607;5027;05;A;  52;101201; 3;w;09; 5473;-; 3642;-;  218;-;  222;-; 5146;-; 4954;-;  181;-;   11;-;   16;-;    3;-;   86;-;  129;-;   88;-;   93;-; 3394;-; 3234;-;  155;-;    5;-;    7;-;    5;-;  110;-;  107;-;   84;-;   19;-
4607;5027;05;A;  52;101201; 3;w;10; 4156;-; 2897;-;  236;-;  256;-; 3880;-; 3691;-;  186;-;    3;-;    9;-;    7;-;   98;-;  131;-;   92;-;   31;-; 2623;-; 2428;-;  194;-;    1;-;   10;-;   11;-;   89;-;  156;-;  106;-;    8;-
4607;5027;05;A;  52;101201; 3;w;11; 2886;-; 2539;-;  248;-;  231;-; 2604;-; 2411;-;  192;-;    1;-;    6;-;    7;-;   85;-;  156;-;  126;-;   28;-; 2290;-; 2106;-;  184;-;    0;-;    7;-;    9;-;   97;-;  125;-;  100;-;   11;-
4607;5027;05;A;  52;101201; 3;w;12; 2782;-; 2442;-;  253;-;  224;-; 2458;-; 2264;-;  188;-;    6;-;   19;-;    6;-;  106;-;  141;-;  113;-;   52;-; 2195;-; 2026;-;  169;-;    0;-;   14;-;    9;-;   79;-;  136;-;   95;-;    9;-
4607;5027;05;A;  52;101201; 3;w;13; 3051;-; 2914;-;  236;-;  241;-; 2763;-; 2572;-;  188;-;    3;-;   15;-;    7;-;   79;-;  150;-;  122;-;   37;-; 2656;-; 2450;-;  204;-;    2;-;   10;-;    3;-;   88;-;  150;-;  122;-;    7;-
4607;5027;05;A;  52;101201; 3;w;14; 3317;-; 3310;-;  231;-;  228;-; 3042;-; 2848;-;  188;-;    6;-;    8;-;    4;-;   82;-;  145;-;  115;-;   36;-; 3053;-; 2882;-;  170;-;    1;-;   17;-;    5;-;   98;-;  125;-;  102;-;   12;-
4607;5027;05;A;  52;101201; 3;w;15; 3221;-; 3872;-;  195;-;  242;-; 2996;-; 2758;-;  233;-;    5;-;   11;-;    3;-;   79;-;  113;-;   85;-;   19;-; 3580;-; 3413;-;  165;-;    2;-;   17;-;    3;-;  100;-;  139;-;  101;-;   33;-
4607;5027;05;A;  52;101201; 3;w;16; 3181;-; 4047;-;  224;-;  198;-; 2905;-; 2723;-;  176;-;    6;-;    9;-;    5;-;   84;-;  135;-;  109;-;   43;-; 3786;-; 3596;-;  188;-;    2;-;   21;-;    5;-;   69;-;  124;-;   94;-;   42;-
4607;5027;05;A;  52;101201; 3;w;17; 3438;-; 4134;-;  174;-;  158;-; 3220;-; 3068;-;  147;-;    5;-;    9;-;    3;-;   71;-;  100;-;   76;-;   35;-; 3917;-; 3762;-;  150;-;    5;-;   15;-;    6;-;   58;-;   94;-;   66;-;   44;-
4607;5027;05;A;  52;101201; 3;w;18; 3518;-; 4190;-;  136;-;  133;-; 3305;-; 3190;-;  104;-;   11;-;    7;-;    3;-;   39;-;   94;-;   67;-;   70;-; 4008;-; 3879;-;  125;-;    4;-;   20;-;    3;-;   37;-;   93;-;   75;-;   29;-
4607;5027;05;A;  52;101201; 3;w;19; 3124;-; 4108;-;  109;-;  110;-; 2982;-; 2879;-;  100;-;    3;-;    3;-;   13;-;   27;-;   69;-;   48;-;   30;-; 3960;-; 3877;-;   83;-;    0;-;   10;-;    7;-;   26;-;   77;-;   61;-;   28;-
4607;5027;05;A;  52;101201; 3;w;20; 2145;-; 3094;-;   79;-;   83;-; 2036;-; 1949;-;   85;-;    2;-;    2;-;    4;-;   22;-;   53;-;   45;-;   28;-; 2986;-; 2894;-;   91;-;    1;-;   12;-;    7;-;   14;-;   62;-;   49;-;   13;-
4607;5027;05;A;  52;101201; 3;w;21; 1387;-; 1968;-;   55;-;   82;-; 1317;-; 1250;-;   66;-;    1;-;    4;-;    3;-;   11;-;   41;-;   26;-;   11;-; 1876;-; 1812;-;   64;-;    0;-;    3;-;   11;-;   16;-;   55;-;   38;-;    7;-
4607;5027;05;A;  52;101201; 3;w;22; 1289;-; 1640;-;   57;-;   58;-; 1217;-; 1158;-;   58;-;    1;-;    2;-;    4;-;    8;-;   45;-;   31;-;   13;-; 1576;-; 1534;-;   40;-;    2;-;    2;-;    1;-;   14;-;   43;-;   32;-;    4;-
4607;5027;05;A;  52;101201; 3;w;23;  889;-; 1484;-;   44;-;   52;-;  837;-;  768;-;   68;-;    1;-;    2;-;    3;-;   12;-;   29;-;   24;-;    6;-; 1426;-; 1378;-;   46;-;    2;-;    0;-;    0;-;   10;-;   42;-;   33;-;    6;-
4607;5027;05;A;  52;101201; 3;w;24;  521;-; 1094;-;   42;-;   46;-;  477;-;  430;-;   47;-;    0;-;    0;-;    1;-;   11;-;   30;-;   21;-;    2;-; 1047;-;  997;-;   50;-;    0;-;    0;-;    2;-;   10;-;   34;-;   20;-;    1;-
4607;5027;05;A;  52;101202; 4;w;01;  307;-;  479;-;   43;-;   46;-;  264;-;  231;-;   32;-;    1;-;    0;-;    2;-;   11;-;   30;-;   22;-;    0;-;  431;-;  399;-;   32;-;    0;-;    0;-;    4;-;    5;-;   37;-;   25;-;    2;-
4607;5027;05;A;  52;101202; 4;w;02;  158;-;  259;-;   30;-;   37;-;  127;-;  113;-;   14;-;    0;-;    0;-;    1;-;    5;-;   24;-;   16;-;    1;-;  220;-;  196;-;   24;-;    0;-;    1;-;    1;-;    6;-;   30;-;   20;-;    1;-
4607;5027;05;A;  52;101202; 4;w;03;  146;-;  147;-;   40;-;   41;-;  106;-;   97;-;    9;-;    0;-;    0;-;    0;-;   14;-;   26;-;   16;-;    0;-;  104;-;   94;-;   10;-;    0;-;    0;-;    0;-;    8;-;   33;-;   25;-;    2;-
4607;5027;05;A;  52;101202; 4;w;04;  311;-;  187;-;   68;-;   57;-;  243;-;  230;-;   13;-;    0;-;    0;-;    1;-;   16;-;   51;-;   35;-;    0;-;  129;-;  101;-;   28;-;    0;-;    0;-;    0;-;   25;-;   32;-;   22;-;    1;-
4607;5027;05;A;  52;101202; 4;w;05;  783;-;  323;-;  121;-;   79;-;  658;-;  618;-;   38;-;    2;-;    0;-;    5;-;   37;-;   79;-;   56;-;    4;-;  241;-;  218;-;   22;-;    1;-;    1;-;    1;-;   41;-;   37;-;   32;-;    2;-
4607;5027;05;A;  52;101202; 4;w;06; 2418;-;  811;-;  171;-;  120;-; 2213;-; 2128;-;   78;-;    7;-;    3;-;    6;-;   60;-;  105;-;   82;-;   31;-;  687;-;  636;-;   50;-;    1;-;    2;-;    2;-;   38;-;   80;-;   57;-;    2;-
4607;5027;05;A;  52;101202; 4;w;07; 4707;-; 1876;-;  204;-;  136;-; 4426;-; 4255;-;  158;-;   13;-;    5;-;    5;-;   74;-;  125;-;   86;-;   72;-; 1730;-; 1633;-;   97;-;    0;-;    2;-;    2;-;   48;-;   86;-;   58;-;    8;-
4607;5027;05;A;  52;101202; 4;w;08; 5479;-; 3273;-;  209;-;  173;-; 5132;-; 4959;-;  168;-;    5;-;   22;-;   12;-;   91;-;  106;-;   80;-;  116;-; 3077;-; 2956;-;  120;-;    1;-;    5;-;    7;-;   73;-;   93;-;   69;-;   18;-
4607;5027;05;A;  52;101202; 4;w;09; 5236;-; 3395;-;  210;-;  187;-; 4898;-; 4710;-;  174;-;   14;-;   10;-;    2;-;   97;-;  111;-;   90;-;  118;-; 3185;-; 3045;-;  139;-;    1;-;    8;-;    7;-;   79;-;  101;-;   80;-;   15;-
4607;5027;05;A;  52;101202; 4;w;10; 3697;-; 2544;-;  234;-;  232;-; 3415;-; 3276;-;  134;-;    5;-;   11;-;    6;-;   85;-;  143;-;  114;-;   37;-; 2296;-; 2135;-;  161;-;    0;-;    9;-;   11;-;   98;-;  123;-;   97;-;    7;-
4607;5027;05;A;  52;101202; 4;w;11; 2646;-; 2041;-;  242;-;  220;-; 2367;-; 2212;-;  155;-;    0;-;   20;-;    5;-;   89;-;  148;-;  117;-;   17;-; 1809;-; 1682;-;  126;-;    1;-;    7;-;    6;-;   86;-;  128;-;   90;-;    5;-
4607;5027;05;A;  52;101202; 4;w;12; 2461;-; 2206;-;  253;-;  232;-; 2182;-; 2045;-;  135;-;    2;-;    6;-;   13;-;   94;-;  146;-;  119;-;   20;-; 1956;-; 1811;-;  144;-;    1;-;   15;-;   10;-;   89;-;  133;-;  109;-;    3;-
4607;5027;05;A;  52;101202; 4;w;13; 2642;-; 2504;-;  223;-;  226;-; 2387;-; 2254;-;  130;-;    3;-;   11;-;    2;-;   78;-;  143;-;  115;-;   21;-; 2259;-; 2141;-;  116;-;    2;-;   14;-;    6;-;   95;-;  125;-;  100;-;    5;-
4607;5027;05;A;  52;101202; 4;w;14; 2606;-; 2892;-;  239;-;  210;-; 2329;-; 2177;-;  151;-;    1;-;    7;-;    6;-;   78;-;  155;-;  122;-;   31;-; 2663;-; 2505;-;  156;-;    2;-;    7;-;   10;-;   77;-;  123;-;   96;-;   12;-
4607;5027;05;A;  52;101202; 4;w;15; 2387;-; 3173;-;  197;-;  195;-; 2164;-; 2022;-;  139;-;    3;-;    7;-;    6;-;   66;-;  125;-;   92;-;   19;-; 2936;-; 2813;-;  122;-;    1;-;   18;-;   11;-;   67;-;  117;-;   94;-;   24;-
4607;5027;05;A;  52;101202; 4;w;16; 2658;-; 3548;-;  186;-;  194;-; 2438;-; 2269;-;  166;-;    3;-;    9;-;    4;-;   76;-;  106;-;   87;-;   25;-; 3314;-; 3175;-;  136;-;    3;-;   14;-;    4;-;   70;-;  120;-;   95;-;   26;-
4607;5027;05;A;  52;101202; 4;w;17; 3044;-; 3705;-;  185;-;  160;-; 2811;-; 2688;-;  118;-;    5;-;    6;-;   19;-;   64;-;  102;-;   80;-;   42;-; 3513;-; 3379;-;  130;-;    4;-;   15;-;    7;-;   59;-;   94;-;   69;-;   17;-
4607;5027;05;A;  52;101202; 4;w;18; 3100;-; 3672;-;  140;-;  115;-; 2935;-; 2839;-;   89;-;    7;-;    5;-;    8;-;   45;-;   87;-;   64;-;   20;-; 3519;-; 3406;-;  108;-;    5;-;   15;-;    6;-;   31;-;   78;-;   65;-;   23;-
4607;5027;05;A;  52;101202; 4;w;19; 2843;-; 3713;-;  107;-;  134;-; 2722;-; 2635;-;   85;-;    2;-;    4;-;    5;-;   35;-;   67;-;   55;-;   10;-; 3537;-; 3445;-;   87;-;    5;-;   16;-;    3;-;   37;-;   94;-;   74;-;   26;-
4607;5027;05;A;  52;101202; 4;w;20; 2254;-; 2974;-;   82;-;   91;-; 2145;-; 2091;-;   50;-;    4;-;    2;-;    6;-;   19;-;   57;-;   46;-;   25;-; 2862;-; 2775;-;   82;-;    5;-;    3;-;    8;-;   25;-;   58;-;   44;-;   18;-
4607;5027;05;A;  52;101202; 4;w;21; 1472;-; 2045;-;   56;-;   68;-; 1405;-; 1359;-;   46;-;    0;-;    1;-;    0;-;   15;-;   41;-;   32;-;   10;-; 1963;-; 1897;-;   65;-;    1;-;    5;-;    8;-;   14;-;   46;-;   33;-;    9;-
4607;5027;05;A;  52;101202; 4;w;22; 1378;-; 1666;-;   68;-;   63;-; 1302;-; 1258;-;   44;-;    0;-;    2;-;    2;-;   27;-;   39;-;   28;-;    6;-; 1590;-; 1538;-;   52;-;    0;-;    4;-;    7;-;   17;-;   39;-;   26;-;    9;-
4607;5027;05;A;  52;101202; 4;w;23;  993;-; 1625;-;   63;-;   54;-;  924;-;  874;-;   49;-;    1;-;    1;-;    3;-;   23;-;   37;-;   26;-;    5;-; 1565;-; 1529;-;   36;-;    0;-;    0;-;    1;-;   15;-;   38;-;   28;-;    6;-
4607;5027;05;A;  52;101202; 4;w;24;  637;-; 1210;-;   43;-;   55;-;  590;-;  555;-;   35;-;    0;-;    0;-;    1;-;   12;-;   30;-;   24;-;    4;-; 1152;-; 1124;-;   28;-;    0;-;    1;-;    5;-;   12;-;   38;-;   21;-;    2;-
4607;5027;05;A;  52;101203; 5;w;01;  375;-;  598;-;   47;-;   50;-;  325;-;  292;-;   33;-;    0;-;    1;-;    1;-;   11;-;   35;-;   25;-;    2;-;  547;-;  519;-;   28;-;    0;-;    0;-;    3;-;   14;-;   33;-;   22;-;    1;-
4607;5027;05;A;  52;101203; 5;w;02;  197;-;  358;-;   30;-;   47;-;  165;-;  147;-;   17;-;    1;-;    1;-;    2;-;    8;-;   20;-;   16;-;    1;-;  308;-;  286;-;   22;-;    0;-;    1;-;    2;-;    9;-;   36;-;   30;-;    2;-
4607;5027;05;A;  52;101203; 5;w;03;  182;-;  206;-;   40;-;   44;-;  139;-;  119;-;   20;-;    0;-;    1;-;    0;-;   17;-;   23;-;   12;-;    2;-;  162;-;  141;-;   21;-;    0;-;    0;-;    0;-;   12;-;   32;-;   23;-;    0;-
4607;5027;05;A;  52;101203; 5;w;04;  402;-;  200;-;   73;-;   41;-;  327;-;  299;-;   28;-;    0;-;    1;-;    1;-;   19;-;   53;-;   36;-;    1;-;  159;-;  136;-;   23;-;    0;-;    0;-;    0;-;   15;-;   26;-;   22;-;    0;-
4607;5027;05;A;  52;101203; 5;w;05;  810;-;  400;-;  111;-;   96;-;  698;-;  663;-;   35;-;    0;-;    0;-;    6;-;   41;-;   64;-;   48;-;    1;-;  302;-;  264;-;   38;-;    0;-;    2;-;    2;-;   43;-;   51;-;   35;-;    0;-
4607;5027;05;A;  52;101203; 5;w;06; 2186;-;  766;-;  171;-;  116;-; 1998;-; 1912;-;   81;-;    5;-;    2;-;    3;-;   71;-;   97;-;   79;-;   15;-;  641;-;  607;-;   34;-;    0;-;    1;-;    3;-;   34;-;   79;-;   59;-;    8;-
4607;5027;05;A;  52;101203; 5;w;07; 4291;-; 1659;-;  204;-;  135;-; 4044;-; 3923;-;  116;-;    5;-;    7;-;    5;-;   90;-;  109;-;   90;-;   36;-; 1513;-; 1443;-;   66;-;    4;-;    5;-;    0;-;   57;-;   78;-;   55;-;    6;-
4607;5027;05;A;  52;101203; 5;w;08; 5184;-; 3086;-;  213;-;  220;-; 4879;-; 4719;-;  152;-;    8;-;    9;-;   11;-;   90;-;  112;-;   87;-;   83;-; 2853;-; 2724;-;  129;-;    0;-;    5;-;   10;-;   91;-;  119;-;   91;-;    8;-
4607;5027;05;A;  52;101203; 5;w;09; 5008;-; 3304;-;  258;-;  223;-; 4618;-; 4436;-;  167;-;   15;-;   13;-;   10;-;  104;-;  144;-;  120;-;  119;-; 3041;-; 2874;-;  160;-;    7;-;   10;-;    8;-;   97;-;  118;-;   84;-;   30;-
4607;5027;05;A;  52;101203; 5;w;10; 3446;-; 2703;-;  233;-;  262;-; 3142;-; 2959;-;  175;-;    8;-;    8;-;    3;-;   83;-;  147;-;  111;-;   63;-; 2426;-; 2262;-;  162;-;    2;-;   10;-;   10;-;  105;-;  147;-;  124;-;    5;-
4607;5027;05;A;  52;101203; 5;w;11; 2756;-; 2434;-;  279;-;  228;-; 2428;-; 2292;-;  135;-;    1;-;   10;-;    7;-;  109;-;  163;-;  131;-;   39;-; 2189;-; 2032;-;  156;-;    1;-;   10;-;    3;-;  103;-;  122;-;   94;-;    7;-
4607;5027;05;A;  52;101203; 5;w;12; 2602;-; 2795;-;  253;-;  237;-; 2284;-; 2130;-;  147;-;    7;-;   17;-;    6;-;   91;-;  156;-;  122;-;   48;-; 2531;-; 2351;-;  180;-;    0;-;   16;-;    4;-;   92;-;  141;-;  106;-;   11;-
4607;5027;05;A;  52;101203; 5;w;13; 2911;-; 3363;-;  235;-;  225;-; 2647;-; 2470;-;  173;-;    4;-;   12;-;    6;-;   70;-;  159;-;  124;-;   17;-; 3121;-; 2938;-;  181;-;    2;-;   11;-;    2;-;   85;-;  138;-;  104;-;    6;-
4607;5027;05;A;  52;101203; 5;w;14; 3149;-; 3754;-;  220;-;  192;-; 2883;-; 2705;-;  165;-;   13;-;   16;-;    7;-;   79;-;  134;-;  106;-;   30;-; 3510;-; 3368;-;  142;-;    0;-;   15;-;    3;-;   76;-;  113;-;   93;-;   37;-
4607;5027;05;A;  52;101203; 5;w;15; 3115;-; 3674;-;  204;-;  199;-; 2883;-; 2721;-;  158;-;    4;-;    8;-;    2;-;   63;-;  139;-;  111;-;   20;-; 3391;-; 3260;-;  131;-;    0;-;   17;-;   10;-;   75;-;  114;-;   85;-;   67;-
4607;5027;05;A;  52;101203; 5;w;16; 3360;-; 2350;-;  189;-;  120;-; 3146;-; 2993;-;  149;-;    4;-;    8;-;    5;-;   78;-;  106;-;   87;-;   17;-; 1904;-; 1786;-;  117;-;    1;-;   18;-;    4;-;   39;-;   77;-;   60;-;  308;-
4607;5027;05;A;  52;101203; 5;w;17; 3544;-; 3772;-;  168;-;  166;-; 3336;-; 3190;-;  144;-;    2;-;   11;-;    3;-;   67;-;   98;-;   88;-;   29;-; 3539;-; 3421;-;  116;-;    2;-;   15;-;    7;-;   65;-;   94;-;   70;-;   52;-
4607;5027;05;A;  52;101203; 5;w;18; 3319;-; 3769;-;  112;-;  128;-; 3148;-; 3042;-;   96;-;   10;-;   11;-;    8;-;   42;-;   62;-;   49;-;   48;-; 3604;-; 3495;-;  107;-;    2;-;   12;-;    5;-;   40;-;   83;-;   67;-;   25;-
4607;5027;05;A;  52;101203; 5;w;19; 2937;-; 3556;-;   95;-;  102;-; 2807;-; 2729;-;   73;-;    5;-;    4;-;    2;-;   22;-;   71;-;   55;-;   31;-; 3429;-; 3330;-;   98;-;    1;-;    4;-;    6;-;   32;-;   64;-;   56;-;   21;-
4607;5027;05;A;  52;101203; 5;w;20; 2246;-; 2514;-;   77;-;   67;-; 2148;-; 2073;-;   73;-;    2;-;    3;-;    4;-;   23;-;   50;-;   38;-;   18;-; 2437;-; 2373;-;   64;-;    0;-;    4;-;    4;-;   15;-;   48;-;   43;-;    6;-
4607;5027;05;A;  52;101203; 5;w;21; 1566;-; 2167;-;   72;-;   72;-; 1481;-; 1416;-;   63;-;    2;-;    3;-;    6;-;   23;-;   43;-;   34;-;   10;-; 2089;-; 2011;-;   77;-;    1;-;    1;-;    6;-;   15;-;   51;-;   38;-;    5;-
4607;5027;05;A;  52;101203; 5;w;22; 1282;-; 1735;-;   60;-;   64;-; 1210;-; 1131;-;   74;-;    5;-;    3;-;    5;-;   19;-;   36;-;   24;-;    9;-; 1658;-; 1616;-;   42;-;    0;-;    4;-;    3;-;   16;-;   45;-;   33;-;    9;-
4607;5027;05;A;  52;101203; 5;w;23; 1055;-; 1656;-;   35;-;   49;-; 1013;-;  952;-;   59;-;    2;-;    0;-;    5;-;    9;-;   21;-;   19;-;    7;-; 1603;-; 1566;-;   36;-;    1;-;    1;-;    2;-;   11;-;   36;-;   26;-;    3;-
4607;5027;05;A;  52;101203; 5;w;24;  839;-; 1225;-;   36;-;   39;-;  795;-;  762;-;   32;-;    1;-;    0;-;    7;-;    5;-;   24;-;   17;-;    8;-; 1180;-; 1143;-;   37;-;    0;-;    0;-;    2;-;    8;-;   29;-;   15;-;    6;-
4607;5027;05;A;  52;101204; 6;w;01;  643;-;  851;-;   31;-;   44;-;  606;-;  566;-;   40;-;    0;-;    1;-;    4;-;    7;-;   20;-;   12;-;    5;-;  803;-;  775;-;   28;-;    0;-;    0;-;    5;-;    4;-;   35;-;   24;-;    4;-
4607;5027;05;A;  52;101204; 6;w;02;  371;-;  475;-;   34;-;   39;-;  334;-;  303;-;   31;-;    0;-;    2;-;    4;-;   11;-;   19;-;   13;-;    1;-;  436;-;  410;-;   26;-;    0;-;    0;-;    3;-;    6;-;   30;-;   20;-;    0;-
4607;5027;05;A;  52;101204; 6;w;03;  261;-;  253;-;   42;-;   17;-;  218;-;  202;-;   16;-;    0;-;    0;-;    1;-;   14;-;   27;-;   18;-;    1;-;  235;-;  217;-;   18;-;    0;-;    0;-;    2;-;    4;-;   11;-;    6;-;    1;-
4607;5027;05;A;  52;101204; 6;w;04;  352;-;  309;-;   33;-;   36;-;  316;-;  298;-;   18;-;    0;-;    0;-;    0;-;   12;-;   21;-;   11;-;    3;-;  273;-;  242;-;   31;-;    0;-;    0;-;    2;-;   15;-;   19;-;   11;-;    0;-
4607;5027;05;A;  52;101204; 6;w;05;  559;-;  369;-;   51;-;   48;-;  504;-;  480;-;   24;-;    0;-;    0;-;    5;-;   20;-;   26;-;   19;-;    4;-;  321;-;  303;-;   18;-;    0;-;    0;-;    1;-;   30;-;   17;-;    7;-;    0;-
4607;5027;05;A;  52;101204; 6;w;06;  946;-;  488;-;   62;-;   36;-;  875;-;  835;-;   38;-;    2;-;    7;-;    4;-;   27;-;   31;-;   19;-;    2;-;  446;-;  411;-;   35;-;    0;-;    4;-;    2;-;   21;-;   13;-;    9;-;    2;-
4607;5027;05;A;  52;101204; 6;w;07;  753;-;  642;-;   53;-;   49;-;  689;-;  635;-;   54;-;    0;-;    4;-;    2;-;   28;-;   23;-;   22;-;    7;-;  584;-;  546;-;   38;-;    0;-;    7;-;    2;-;   14;-;   33;-;   21;-;    2;-
4607;5027;05;A;  52;101204; 6;w;08; 1100;-;  874;-;   53;-;   45;-; 1034;-;  948;-;   85;-;    1;-;    5;-;    2;-;   22;-;   29;-;   24;-;    8;-;  822;-;  746;-;   75;-;    1;-;    5;-;    2;-;   22;-;   21;-;   17;-;    2;-
4607;5027;05;A;  52;101204; 6;w;09; 1503;-; 1374;-;   41;-;   77;-; 1441;-; 1322;-;  116;-;    3;-;    7;-;    7;-;   21;-;   13;-;   10;-;   14;-; 1284;-; 1198;-;   84;-;    2;-;    5;-;    1;-;   41;-;   35;-;   28;-;    8;-
4607;5027;05;A;  52;101204; 6;w;10; 2045;-; 1869;-;   47;-;   44;-; 1982;-; 1879;-;  103;-;    0;-;    5;-;    6;-;   31;-;   10;-;    9;-;   11;-; 1812;-; 1739;-;   73;-;    0;-;    5;-;    3;-;   24;-;   17;-;   14;-;    8;-
4607;5027;05;A;  52;101204; 6;w;11; 2344;-; 2223;-;   58;-;   41;-; 2256;-; 2150;-;  102;-;    4;-;   11;-;   10;-;   25;-;   23;-;   17;-;   19;-; 2164;-; 2089;-;   75;-;    0;-;   11;-;    4;-;   21;-;   16;-;   10;-;    7;-
4607;5027;05;A;  52;101204; 6;w;12; 2656;-; 2423;-;   55;-;   40;-; 2557;-; 2464;-;   92;-;    1;-;   12;-;   11;-;   25;-;   19;-;   18;-;   32;-; 2362;-; 2267;-;   94;-;    1;-;    9;-;    4;-;   21;-;   15;-;   12;-;   12;-
4607;5027;05;A;  52;101204; 6;w;13; 2751;-; 2766;-;   39;-;   32;-; 2665;-; 2569;-;   93;-;    3;-;   15;-;    5;-;   21;-;   13;-;   11;-;   32;-; 2713;-; 2594;-;  118;-;    1;-;   11;-;    2;-;   15;-;   15;-;   14;-;   10;-
4607;5027;05;A;  52;101204; 6;w;14; 3025;-; 3065;-;   46;-;   39;-; 2923;-; 2794;-;  125;-;    4;-;   17;-;   11;-;   20;-;   15;-;   11;-;   39;-; 3000;-; 2885;-;  115;-;    0;-;   12;-;    3;-;   28;-;    8;-;    5;-;   14;-
4607;5027;05;A;  52;101204; 6;w;15; 2651;-; 3112;-;   33;-;   41;-; 2566;-; 2465;-;   93;-;    8;-;    9;-;    2;-;   17;-;   14;-;   12;-;   43;-; 3040;-; 2952;-;   88;-;    0;-;   22;-;    4;-;   18;-;   19;-;   17;-;    9;-
4607;5027;05;A;  52;101204; 6;w;16; 2538;-; 2681;-;   22;-;   32;-; 2472;-; 2384;-;   86;-;    2;-;   10;-;    3;-;   11;-;    8;-;    7;-;   34;-; 2626;-; 2545;-;   80;-;    1;-;   14;-;    3;-;   17;-;   12;-;    9;-;    9;-
4607;5027;05;A;  52;101204; 6;w;17; 2329;-; 2710;-;   17;-;   26;-; 2295;-; 2227;-;   66;-;    2;-;    5;-;    1;-;   11;-;    5;-;    4;-;   12;-; 2661;-; 2592;-;   68;-;    1;-;    9;-;    8;-;   11;-;    7;-;    7;-;   14;-
4607;5027;05;A;  52;101204; 6;w;18; 2259;-; 2390;-;   16;-;   21;-; 2222;-; 2166;-;   56;-;    0;-;    6;-;    1;-;    9;-;    6;-;    6;-;   15;-; 2355;-; 2296;-;   59;-;    0;-;    7;-;    9;-;    8;-;    4;-;    3;-;    7;-
4607;5027;05;A;  52;101204; 6;w;19; 2121;-; 2098;-;   14;-;   28;-; 2093;-; 2030;-;   60;-;    3;-;    1;-;    5;-;    5;-;    4;-;    4;-;   13;-; 2061;-; 2001;-;   60;-;    0;-;    4;-;   17;-;    8;-;    3;-;    3;-;    5;-
4607;5027;05;A;  52;101204; 6;w;20; 1448;-; 1547;-;   14;-;   15;-; 1419;-; 1376;-;   41;-;    2;-;    5;-;    4;-;    7;-;    3;-;    1;-;   10;-; 1528;-; 1468;-;   59;-;    1;-;    2;-;    8;-;    4;-;    3;-;    2;-;    2;-
4607;5027;05;A;  52;101204; 6;w;21; 1204;-; 1236;-;   14;-;   10;-; 1183;-; 1137;-;   43;-;    3;-;    1;-;    5;-;    6;-;    3;-;    2;-;    6;-; 1219;-; 1182;-;   36;-;    1;-;    2;-;    5;-;    3;-;    2;-;    2;-;    5;-
4607;5027;05;A;  52;101204; 6;w;22; 1077;-;  950;-;    9;-;    8;-; 1056;-; 1020;-;   34;-;    2;-;    1;-;    3;-;    4;-;    2;-;    1;-;   11;-;  942;-;  924;-;   15;-;    3;-;    0;-;    3;-;    5;-;    0;-;    0;-;    0;-
4607;5027;05;A;  52;101204; 6;w;23;  875;-; 1167;-;   10;-;    9;-;  862;-;  844;-;   16;-;    2;-;    1;-;    2;-;    6;-;    2;-;    2;-;    2;-; 1153;-; 1127;-;   26;-;    0;-;    3;-;    2;-;    5;-;    2;-;    0;-;    2;-
4607;5027;05;A;  52;101204; 6;w;24;  770;-;  774;-;    4;-;   11;-;  761;-;  749;-;   10;-;    2;-;    1;-;    1;-;    3;-;    0;-;    0;-;    4;-;  760;-;  742;-;   18;-;    0;-;    0;-;    1;-;    7;-;    3;-;    3;-;    3;-
4607;5027;05;A;  52;101205; 7;s;01;  614;-;  716;-;    6;-;    6;-;  606;-;  591;-;   14;-;    1;-;    0;-;    2;-;    3;-;    1;-;    1;-;    2;-;  707;-;  692;-;   15;-;    0;-;    3;-;    3;-;    2;-;    1;-;    1;-;    0;-
4607;5027;05;A;  52;101205; 7;s;02;  398;-;  512;-;    7;-;    5;-;  389;-;  380;-;    9;-;    0;-;    1;-;    1;-;    2;-;    4;-;    2;-;    1;-;  504;-;  489;-;   14;-;    1;-;    1;-;    0;-;    4;-;    1;-;    1;-;    2;-
4607;5027;05;A;  52;101205; 7;s;03;  283;-;  261;-;    8;-;    5;-;  272;-;  259;-;   11;-;    2;-;    0;-;    1;-;    6;-;    1;-;    0;-;    3;-;  256;-;  245;-;   11;-;    0;-;    0;-;    2;-;    2;-;    1;-;    1;-;    0;-
4607;5027;05;A;  52;101205; 7;s;04;  355;-;  232;-;    4;-;    1;-;  350;-;  337;-;   13;-;    0;-;    0;-;    0;-;    1;-;    3;-;    3;-;    1;-;  229;-;  220;-;    8;-;    1;-;    2;-;    0;-;    0;-;    1;-;    1;-;    0;-
4607;5027;05;A;  52;101205; 7;s;05;  445;-;  308;-;    9;-;    6;-;  433;-;  419;-;   14;-;    0;-;    0;-;    1;-;    6;-;    2;-;    1;-;    3;-;  300;-;  281;-;   19;-;    0;-;    2;-;    0;-;    5;-;    1;-;    1;-;    0;-
4607;5027;05;A;  52;101205; 7;s;06;  614;-;  323;-;   12;-;   12;-;  598;-;  575;-;   23;-;    0;-;    2;-;    1;-;    7;-;    4;-;    4;-;    2;-;  306;-;  286;-;   20;-;    0;-;    3;-;    2;-;    6;-;    4;-;    4;-;    2;-
4607;5027;05;A;  52;101205; 7;s;07;  382;-;  445;-;   11;-;    4;-;  370;-;  344;-;   26;-;    0;-;    0;-;    3;-;    4;-;    4;-;    4;-;    1;-;  437;-;  413;-;   24;-;    0;-;    3;-;    1;-;    1;-;    2;-;    2;-;    1;-
4607;5027;05;A;  52;101205; 7;s;08;  470;-;  370;-;    8;-;    9;-;  458;-;  437;-;   20;-;    1;-;    2;-;    1;-;    2;-;    5;-;    5;-;    2;-;  360;-;  342;-;   18;-;    0;-;    1;-;    0;-;    3;-;    6;-;    6;-;    0;-
4607;5027;05;A;  52;101205; 7;s;09;  707;-;  636;-;   13;-;    9;-;  688;-;  655;-;   33;-;    0;-;    2;-;    3;-;    4;-;    6;-;    6;-;    4;-;  624;-;  599;-;   25;-;    0;-;    3;-;    3;-;    1;-;    5;-;    5;-;    0;-
4607;5027;05;A;  52;101205; 7;s;10;  941;-; 1205;-;   12;-;   14;-;  924;-;  887;-;   35;-;    2;-;    1;-;    4;-;    4;-;    4;-;    4;-;    4;-; 1187;-; 1143;-;   44;-;    0;-;    1;-;    7;-;    5;-;    2;-;    2;-;    3;-
4607;5027;05;A;  52;101205; 7;s;11; 1142;-; 1550;-;   20;-;   18;-; 1111;-; 1059;-;   52;-;    0;-;    2;-;    6;-;    4;-;   10;-;    9;-;    9;-; 1527;-; 1469;-;   57;-;    1;-;    2;-;    5;-;    6;-;    7;-;    7;-;    3;-
4607;5027;05;A;  52;101205; 7;s;12; 1393;-; 1804;-;   14;-;   14;-; 1375;-; 1320;-;   55;-;    0;-;    1;-;    3;-;    6;-;    5;-;    5;-;    3;-; 1778;-; 1727;-;   51;-;    0;-;    8;-;    4;-;    2;-;    8;-;    7;-;    4;-
4607;5027;05;A;  52;101205; 7;s;13; 1729;-; 1821;-;    5;-;   10;-; 1698;-; 1656;-;   41;-;    1;-;    6;-;    0;-;    1;-;    4;-;    3;-;   20;-; 1804;-; 1755;-;   47;-;    2;-;    4;-;    1;-;    4;-;    5;-;    2;-;    3;-
4607;5027;05;A;  52;101205; 7;s;14; 1960;-; 2010;-;   15;-;    8;-; 1929;-; 1869;-;   59;-;    1;-;    2;-;    3;-;    6;-;    6;-;    6;-;   14;-; 1990;-; 1932;-;   55;-;    3;-;    6;-;    2;-;    3;-;    3;-;    3;-;    6;-
4607;5027;05;A;  52;101205; 7;s;15; 2131;-; 2199;-;   14;-;   26;-; 2092;-; 2027;-;   64;-;    1;-;    5;-;    1;-;    8;-;    5;-;    4;-;   20;-; 2163;-; 2102;-;   59;-;    2;-;    5;-;    6;-;    8;-;   12;-;    7;-;    5;-
4607;5027;05;A;  52;101205; 7;s;16; 2382;-; 2038;-;   10;-;   12;-; 2352;-; 2291;-;   60;-;    1;-;    4;-;    2;-;    1;-;    7;-;    7;-;   16;-; 2022;-; 1976;-;   46;-;    0;-;    1;-;    1;-;    5;-;    6;-;    6;-;    3;-
4607;5027;05;A;  52;101205; 7;s;17; 2420;-; 1842;-;   26;-;   16;-; 2370;-; 2304;-;   62;-;    4;-;    6;-;   11;-;    7;-;    8;-;    6;-;   18;-; 1812;-; 1757;-;   55;-;    0;-;    7;-;    4;-;    6;-;    6;-;    6;-;    7;-
4607;5027;05;A;  52;101205; 7;s;18; 2517;-; 1838;-;   22;-;   14;-; 2469;-; 2410;-;   56;-;    3;-;    9;-;    2;-;    9;-;   11;-;    8;-;   17;-; 1804;-; 1746;-;   57;-;    1;-;   10;-;    4;-;    6;-;    4;-;    4;-;   10;-
4607;5027;05;A;  52;101205; 7;s;19; 2187;-; 1644;-;   24;-;   18;-; 2131;-; 2073;-;   51;-;    7;-;    9;-;    7;-;    8;-;    9;-;    6;-;   23;-; 1617;-; 1571;-;   45;-;    1;-;    5;-;    6;-;    7;-;    5;-;    4;-;    4;-
4607;5027;05;A;  52;101205; 7;s;20; 1604;-; 1420;-;   26;-;   15;-; 1558;-; 1502;-;   54;-;    2;-;   10;-;    8;-;    6;-;   12;-;    9;-;   10;-; 1399;-; 1355;-;   44;-;    0;-;    2;-;    6;-;    2;-;    7;-;    7;-;    4;-
4607;5027;05;A;  52;101205; 7;s;21; 1325;-; 1409;-;   17;-;   26;-; 1298;-; 1243;-;   53;-;    2;-;    3;-;    2;-;    8;-;    7;-;    5;-;    7;-; 1375;-; 1327;-;   47;-;    1;-;    3;-;   12;-;    3;-;   11;-;    8;-;    5;-
4607;5027;05;A;  52;101205; 7;s;22; 1093;-;  967;-;   26;-;   18;-; 1058;-; 1015;-;   43;-;    0;-;    1;-;    8;-;    8;-;   10;-;    8;-;    8;-;  946;-;  905;-;   41;-;    0;-;    2;-;    7;-;    4;-;    7;-;    6;-;    1;-
4607;5027;05;A;  52;101205; 7;s;23;  698;-;  770;-;   21;-;   28;-;  672;-;  638;-;   32;-;    2;-;    1;-;    0;-;    5;-;   16;-;   15;-;    4;-;  735;-;  713;-;   21;-;    1;-;    3;-;    2;-;    8;-;   18;-;   16;-;    4;-
4607;5027;05;A;  52;101205; 7;s;24;  468;-;  576;-;   26;-;   37;-;  438;-;  405;-;   32;-;    1;-;    2;-;    2;-;    4;-;   20;-;   16;-;    2;-;  536;-;  519;-;   17;-;    0;-;    1;-;    4;-;    7;-;   26;-;   21;-;    2;-
4607;5027;05;A;  52;101206; 1;w;01;  259;-;  443;-;   29;-;   30;-;  230;-;  199;-;   31;-;    0;-;    0;-;    0;-;    6;-;   23;-;   15;-;    0;-;  411;-;  380;-;   31;-;    0;-;    1;-;    3;-;    3;-;   24;-;   23;-;    1;-
4607;5027;05;A;  52;101206; 1;w;02;  158;-;  158;-;   26;-;   26;-;  130;-;  122;-;    8;-;    0;-;    1;-;    0;-;    8;-;   18;-;   14;-;    1;-;  130;-;  121;-;    9;-;    0;-;    2;-;    0;-;    4;-;   22;-;   17;-;    0;-
4607;5027;05;A;  52;101206; 1;w;03;  124;-;  105;-;   31;-;   31;-;   93;-;   84;-;    9;-;    0;-;    0;-;    2;-;    8;-;   21;-;   17;-;    0;-;   74;-;   66;-;    8;-;    0;-;    0;-;    3;-;   11;-;   17;-;   10;-;    0;-
4607;5027;05;A;  52;101206; 1;w;04;  249;-;  162;-;   45;-;   40;-;  203;-;  192;-;   11;-;    0;-;    1;-;    0;-;   20;-;   25;-;   22;-;    0;-;  121;-;  102;-;   19;-;    0;-;    0;-;    0;-;   14;-;   26;-;   19;-;    1;-
4607;5027;05;A;  52;101206; 1;w;05;  866;-;  303;-;   93;-;   83;-;  764;-;  734;-;   30;-;    0;-;    5;-;    3;-;   35;-;   55;-;   47;-;    4;-;  220;-;  200;-;   19;-;    1;-;    0;-;    2;-;   38;-;   43;-;   31;-;    0;-
4607;5027;05;A;  52;101206; 1;w;06; 2663;-;  822;-;  182;-;   91;-; 2465;-; 2373;-;   90;-;    2;-;    2;-;   10;-;   59;-;  113;-;   92;-;   14;-;  724;-;  675;-;   49;-;    0;-;    2;-;    3;-;   21;-;   67;-;   56;-;    5;-
4607;5027;05;A;  52;101206; 1;w;07; 4616;-; 2008;-;  183;-;  143;-; 4395;-; 4247;-;  141;-;    7;-;    5;-;    4;-;   75;-;  104;-;   84;-;   33;-; 1861;-; 1787;-;   74;-;    0;-;    2;-;    1;-;   58;-;   84;-;   66;-;    2;-
4607;5027;05;A;  52;101206; 1;w;08; 5552;-; 3416;-;  207;-;  175;-; 5309;-; 5138;-;  168;-;    3;-;    8;-;    9;-;   87;-;  111;-;   84;-;   28;-; 3226;-; 3111;-;  114;-;    1;-;    9;-;    5;-;   59;-;  111;-;   88;-;    6;-
4607;5027;05;A;  52;101206; 1;w;09; 5355;-; 3787;-;  277;-;  204;-; 5044;-; 4880;-;  158;-;    6;-;    8;-;   11;-;  119;-;  147;-;  119;-;   26;-; 3552;-; 3438;-;  111;-;    3;-;   14;-;   11;-;   98;-;   95;-;   80;-;   17;-
4607;5027;05;A;  52;101206; 1;w;10; 4267;-; 2863;-;  252;-;  240;-; 3949;-; 3763;-;  178;-;    8;-;   16;-;    7;-;   87;-;  158;-;  128;-;   50;-; 2608;-; 2420;-;  185;-;    3;-;    8;-;    5;-;  124;-;  111;-;   85;-;    7;-
4607;5027;05;A;  52;101206; 1;w;11; 3265;-; 2349;-;  265;-;  250;-; 2962;-; 2742;-;  217;-;    3;-;   12;-;    8;-;  109;-;  148;-;  118;-;   26;-; 2086;-; 1904;-;  181;-;    1;-;    8;-;    7;-;  101;-;  142;-;  114;-;    5;-
4607;5027;05;A;  52;101206; 1;w;12; 2802;-; 2366;-;  291;-;  256;-; 2460;-; 2255;-;  203;-;    2;-;   18;-;   11;-;  102;-;  178;-;  143;-;   33;-; 2087;-; 1909;-;  178;-;    0;-;   13;-;    6;-;  110;-;  140;-;  106;-;   10;-
4607;5027;05;A;  52;101206; 1;w;13; 2837;-; 2603;-;  264;-;  251;-; 2535;-; 2367;-;  165;-;    3;-;   12;-;    9;-;   90;-;  165;-;  128;-;   26;-; 2331;-; 2182;-;  148;-;    1;-;   16;-;    7;-;   88;-;  156;-;  111;-;    5;-
4607;5027;05;A;  52;101206; 1;w;14; 2771;-; 2999;-;  255;-;  220;-; 2481;-; 2336;-;  142;-;    3;-;    9;-;    2;-;   94;-;  159;-;  131;-;   26;-; 2759;-; 2600;-;  158;-;    1;-;   15;-;    7;-;   83;-;  130;-;  100;-;    5;-
4607;5027;05;A;  52;101206; 1;w;15; 2504;-; 3607;-;  213;-;  238;-; 2261;-; 2101;-;  160;-;    0;-;    9;-;    2;-;   91;-;  120;-;   96;-;   21;-; 3329;-; 3136;-;  190;-;    3;-;   19;-;    4;-;   82;-;  152;-;  133;-;   21;-
4607;5027;05;A;  52;101206; 1;w;16; 2769;-; 3871;-;  190;-;  191;-; 2551;-; 2342;-;  204;-;    5;-;   12;-;    4;-;   73;-;  113;-;   87;-;   16;-; 3634;-; 3472;-;  159;-;    3;-;   11;-;    5;-;   80;-;  106;-;   82;-;   35;-
4607;5027;05;A;  52;101206; 1;w;17; 3011;-; 4052;-;  142;-;  154;-; 2837;-; 2685;-;  147;-;    5;-;    8;-;    1;-;   43;-;   98;-;   77;-;   24;-; 3842;-; 3692;-;  148;-;    2;-;   23;-;    2;-;   45;-;  107;-;   89;-;   33;-
4607;5027;05;A;  52;101206; 1;w;18; 3200;-; 4207;-;  116;-;  133;-; 3063;-; 2961;-;   98;-;    4;-;    5;-;    2;-;   41;-;   73;-;   60;-;   16;-; 4029;-; 3936;-;   91;-;    2;-;   11;-;    1;-;   58;-;   74;-;   61;-;   34;-
4607;5027;05;A;  52;101206; 1;w;19; 3101;-; 4048;-;  112;-;   97;-; 2963;-; 2869;-;   86;-;    8;-;    2;-;    7;-;   22;-;   83;-;   71;-;   24;-; 3902;-; 3811;-;   86;-;    5;-;   13;-;    5;-;   27;-;   65;-;   52;-;   36;-
4607;5027;05;A;  52;101206; 1;w;20; 2111;-; 2783;-;   69;-;   67;-; 2022;-; 1956;-;   65;-;    1;-;    4;-;    3;-;   20;-;   46;-;   35;-;   16;-; 2704;-; 2628;-;   74;-;    2;-;    2;-;    4;-;   17;-;   46;-;   38;-;   10;-
4607;5027;05;A;  52;101206; 1;w;21; 1456;-; 1807;-;   59;-;   81;-; 1374;-; 1309;-;   62;-;    3;-;    1;-;    3;-;   13;-;   43;-;   31;-;   22;-; 1711;-; 1650;-;   61;-;    0;-;    4;-;    5;-;   11;-;   65;-;   43;-;   11;-
4607;5027;05;A;  52;101206; 1;w;22; 1176;-; 1428;-;   47;-;   51;-; 1122;-; 1061;-;   61;-;    0;-;    1;-;    2;-;   10;-;   35;-;   28;-;    6;-; 1369;-; 1312;-;   56;-;    1;-;    2;-;    2;-;   10;-;   39;-;   25;-;    6;-
4607;5027;05;A;  52;101206; 1;w;23;  750;-; 1284;-;   56;-;   43;-;  686;-;  643;-;   43;-;    0;-;    1;-;    2;-;   10;-;   44;-;   34;-;    7;-; 1234;-; 1184;-;   49;-;    1;-;    0;-;    4;-;   11;-;   28;-;   20;-;    7;-
4607;5027;05;A;  52;101206; 1;w;24;  522;-;  823;-;   47;-;   46;-;  468;-;  436;-;   31;-;    1;-;    2;-;    2;-;   11;-;   34;-;   23;-;    5;-;  773;-;  739;-;   33;-;    1;-;    1;-;    4;-;    8;-;   34;-;   27;-;    3;-
4607;5027;05;A;  52;101207; 2;w;01;  285;-;  334;-;   38;-;   36;-;  246;-;  215;-;   31;-;    0;-;    0;-;    1;-;    8;-;   29;-;   20;-;    1;-;  297;-;  277;-;   20;-;    0;-;    0;-;    5;-;    9;-;   22;-;   17;-;    1;-
4607;5027;05;A;  52;101207; 2;w;02;  175;-;  219;-;   56;-;   40;-;  118;-;   99;-;   19;-;    0;-;    1;-;    2;-;   19;-;   35;-;   24;-;    0;-;  178;-;  151;-;   27;-;    0;-;    0;-;    0;-;    6;-;   34;-;   21;-;    1;-
4607;5027;05;A;  52;101207; 2;w;03;  130;-;  135;-;   51;-;   43;-;   77;-;   69;-;    8;-;    0;-;    0;-;    0;-;   10;-;   41;-;   25;-;    2;-;   90;-;   68;-;   22;-;    0;-;    2;-;    0;-;    9;-;   34;-;   25;-;    0;-
4607;5027;05;A;  52;101207; 2;w;04;  297;-;  165;-;   67;-;   50;-;  228;-;  211;-;   17;-;    0;-;    1;-;    1;-;   20;-;   46;-;   33;-;    1;-;  114;-;   93;-;   21;-;    0;-;    0;-;    0;-;   23;-;   27;-;   19;-;    1;-
4607;5027;05;A;  52;101207; 2;w;05;  765;-;  321;-;  108;-;   97;-;  651;-;  609;-;   41;-;    1;-;    2;-;    6;-;   37;-;   65;-;   48;-;    4;-;  221;-;  193;-;   27;-;    1;-;    1;-;    1;-;   42;-;   54;-;   44;-;    2;-
4607;5027;05;A;  52;101207; 2;w;06; 2527;-;  776;-;  154;-;  113;-; 2334;-; 2245;-;   81;-;    8;-;    4;-;    3;-;   53;-;   98;-;   75;-;   35;-;  658;-;  612;-;   46;-;    0;-;    3;-;    0;-;   36;-;   77;-;   52;-;    2;-
4607;5027;05;A;  52;101207; 2;w;07; 4828;-; 1931;-;  192;-;  150;-; 4553;-; 4367;-;  178;-;    8;-;    9;-;    6;-;   81;-;  105;-;   78;-;   74;-; 1772;-; 1678;-;   94;-;    0;-;    2;-;    1;-;   55;-;   94;-;   73;-;    7;-
4607;5027;05;A;  52;101207; 2;w;08; 5690;-; 3408;-;  208;-;  186;-; 5386;-; 5191;-;  187;-;    8;-;   17;-;   14;-;   86;-;  108;-;   83;-;   79;-; 3199;-; 3073;-;  125;-;    1;-;   13;-;    5;-;   70;-;  111;-;   92;-;   10;-
4607;5027;05;A;  52;101207; 2;w;09; 5627;-; 3762;-;  237;-;  211;-; 5324;-; 5149;-;  172;-;    3;-;   11;-;    8;-;   93;-;  136;-;  104;-;   55;-; 3516;-; 3394;-;  117;-;    5;-;   12;-;    4;-;   97;-;  110;-;   73;-;   23;-
4607;5027;05;A;  52;101207; 2;w;10; 4502;-; 2688;-;  299;-;  267;-; 4103;-; 3884;-;  208;-;   11;-;   13;-;   13;-;  103;-;  183;-;  149;-;   87;-; 2402;-; 2237;-;  157;-;    8;-;    9;-;    8;-;  111;-;  148;-;  117;-;   10;-
4607;5027;05;A;  52;101207; 2;w;11; 2934;-; 2221;-;  277;-;  228;-; 2623;-; 2434;-;  186;-;    3;-;   13;-;   16;-;   95;-;  166;-;  130;-;   21;-; 1980;-; 1819;-;  160;-;    1;-;    9;-;    7;-;   81;-;  140;-;  109;-;    4;-
4607;5027;05;A;  52;101207; 2;w;12; 2736;-; 2457;-;  256;-;  273;-; 2441;-; 2264;-;  175;-;    2;-;   14;-;    8;-;   85;-;  163;-;  133;-;   25;-; 2162;-; 1990;-;  172;-;    0;-;   12;-;    8;-;   99;-;  166;-;  122;-;   10;-
4607;5027;05;A;  52;101207; 2;w;13; 3021;-; 2664;-;  244;-;  243;-; 2746;-; 2538;-;  203;-;    5;-;    8;-;    2;-;   85;-;  157;-;  135;-;   23;-; 2404;-; 2220;-;  182;-;    2;-;   12;-;    5;-;   76;-;  162;-;  125;-;    5;-
4607;5027;05;A;  52;101207; 2;w;14; 2929;-; 3225;-;  248;-;  225;-; 2647;-; 2489;-;  155;-;    3;-;   14;-;    4;-;   84;-;  160;-;  127;-;   20;-; 2980;-; 2797;-;  180;-;    3;-;   13;-;    8;-;   96;-;  121;-;   94;-;    7;-
4607;5027;05;A;  52;101207; 2;w;15; 2745;-; 3774;-;  219;-;  237;-; 2491;-; 2322;-;  165;-;    4;-;    7;-;    4;-;   77;-;  138;-;  106;-;   28;-; 3483;-; 3332;-;  150;-;    1;-;   21;-;    8;-;   90;-;  139;-;  101;-;   33;-
4607;5027;05;A;  52;101207; 2;w;16; 2929;-; 4013;-;  216;-;  184;-; 2685;-; 2508;-;  174;-;    3;-;   10;-;    2;-;   85;-;  129;-;  107;-;   18;-; 3771;-; 3618;-;  150;-;    3;-;   21;-;    3;-;   61;-;  120;-;   81;-;   37;-
4607;5027;05;A;  52;101207; 2;w;17; 3336;-; 4054;-;  177;-;  158;-; 3109;-; 2942;-;  166;-;    1;-;   14;-;    7;-;   65;-;  105;-;   82;-;   36;-; 3822;-; 3689;-;  133;-;    0;-;   22;-;    7;-;   54;-;   97;-;   82;-;   52;-
4607;5027;05;A;  52;101207; 2;w;18; 3437;-; 4243;-;  126;-;  148;-; 3285;-; 3188;-;   94;-;    3;-;    3;-;    2;-;   35;-;   89;-;   64;-;   23;-; 4043;-; 3926;-;  114;-;    3;-;   13;-;    6;-;   63;-;   79;-;   58;-;   39;-
4607;5027;05;A;  52;101207; 2;w;19; 3149;-; 4167;-;  113;-;  121;-; 2974;-; 2874;-;   97;-;    3;-;    7;-;    4;-;   30;-;   79;-;   61;-;   55;-; 4007;-; 3929;-;   75;-;    3;-;   11;-;    8;-;   33;-;   80;-;   60;-;   28;-
4607;5027;05;A;  52;101207; 2;w;20; 2139;-; 2928;-;  104;-;   93;-; 2012;-; 1938;-;   67;-;    7;-;    2;-;    3;-;   20;-;   81;-;   65;-;   21;-; 2818;-; 2736;-;   82;-;    0;-;    4;-;    9;-;   20;-;   64;-;   53;-;   13;-
4607;5027;05;A;  52;101207; 2;w;21; 1522;-; 2151;-;   70;-;   91;-; 1441;-; 1378;-;   62;-;    1;-;    1;-;    7;-;   10;-;   53;-;   40;-;   10;-; 2048;-; 1972;-;   74;-;    2;-;    3;-;    7;-;   23;-;   61;-;   49;-;    9;-
4607;5027;05;A;  52;101207; 2;w;22; 1331;-; 1649;-;   57;-;   48;-; 1262;-; 1198;-;   62;-;    2;-;    2;-;    4;-;   14;-;   39;-;   28;-;   10;-; 1588;-; 1525;-;   62;-;    1;-;    4;-;    1;-;    9;-;   38;-;   24;-;    9;-
4607;5027;05;A;  52;101207; 2;w;23;  804;-; 1639;-;   47;-;   44;-;  750;-;  698;-;   48;-;    4;-;    2;-;    3;-;   10;-;   34;-;   25;-;    5;-; 1590;-; 1544;-;   46;-;    0;-;    0;-;    1;-;    7;-;   36;-;   25;-;    5;-
4607;5027;05;A;  52;101207; 2;w;24;  554;-;  814;-;   51;-;   59;-;  501;-;  460;-;   40;-;    1;-;    0;-;    1;-;   15;-;   35;-;   31;-;    2;-;  750;-;  720;-;   29;-;    1;-;    0;-;    3;-;    6;-;   50;-;   31;-;    5;-
4607;5027;05;A;  52;101208; 3;w;01;  259;-;  370;-;   36;-;   49;-;  215;-;  180;-;   35;-;    0;-;    1;-;    1;-;    5;-;   30;-;   21;-;    7;-;  318;-;  297;-;   21;-;    0;-;    2;-;    4;-;   13;-;   32;-;   24;-;    1;-
4607;5027;05;A;  52;101208; 3;w;02;  154;-;  178;-;   46;-;   34;-;  107;-;   91;-;   16;-;    0;-;    0;-;    2;-;   10;-;   34;-;   21;-;    1;-;  143;-;  123;-;   20;-;    0;-;    0;-;    0;-;    5;-;   29;-;   23;-;    1;-
4607;5027;05;A;  52;101208; 3;w;03;  150;-;  142;-;   50;-;   42;-;   98;-;   85;-;   13;-;    0;-;    0;-;    1;-;   12;-;   37;-;   23;-;    2;-;  100;-;   87;-;   13;-;    0;-;    0;-;    0;-;   11;-;   31;-;   20;-;    0;-
4607;5027;05;A;  52;101208; 3;w;04;  289;-;  191;-;   72;-;   61;-;  214;-;  205;-;    9;-;    0;-;    1;-;    1;-;   22;-;   49;-;   35;-;    2;-;  126;-;   94;-;   32;-;    0;-;    3;-;    0;-;   22;-;   39;-;   22;-;    1;-
4607;5027;05;A;  52;101208; 3;w;05;  833;-;  306;-;  117;-;   93;-;  708;-;  663;-;   42;-;    3;-;    1;-;    6;-;   43;-;   68;-;   54;-;    7;-;  211;-;  184;-;   27;-;    0;-;    1;-;    0;-;   40;-;   53;-;   42;-;    1;-
4607;5027;05;A;  52;101208; 3;w;06; 2467;-;  777;-;  182;-;  109;-; 2262;-; 2181;-;   76;-;    5;-;    6;-;    4;-;   59;-;  119;-;   93;-;   17;-;  664;-;  623;-;   41;-;    0;-;    2;-;    4;-;   33;-;   72;-;   44;-;    2;-
4607;5027;05;A;  52;101208; 3;w;07; 4717;-; 1912;-;  197;-;  166;-; 4474;-; 4313;-;  157;-;    4;-;    7;-;    6;-;   84;-;  107;-;   85;-;   39;-; 1736;-; 1651;-;   85;-;    0;-;    7;-;    0;-;   67;-;   99;-;   77;-;    3;-
4607;5027;05;A;  52;101208; 3;w;08; 5629;-; 3396;-;  188;-;  195;-; 5388;-; 5198;-;  181;-;    9;-;   15;-;    7;-;   84;-;   97;-;   68;-;   38;-; 3180;-; 3069;-;  111;-;    0;-;    9;-;    5;-;   84;-;  106;-;   84;-;   12;-
4607;5027;05;A;  52;101208; 3;w;09; 5303;-; 3730;-;  231;-;  196;-; 4981;-; 4801;-;  173;-;    7;-;    9;-;    6;-;   97;-;  128;-;   99;-;   82;-; 3511;-; 3381;-;  129;-;    1;-;    8;-;    4;-;   87;-;  105;-;   78;-;   15;-
4607;5027;05;A;  52;101208; 3;w;10; 4229;-; 2910;-;  276;-;  268;-; 3902;-; 3710;-;  187;-;    5;-;   19;-;    3;-;  112;-;  161;-;  131;-;   32;-; 2630;-; 2449;-;  181;-;    0;-;    8;-;    8;-;  123;-;  137;-;  108;-;    4;-
4607;5027;05;A;  52;101208; 3;w;11; 3246;-; 2239;-;  285;-;  237;-; 2930;-; 2733;-;  194;-;    3;-;   10;-;    7;-;  104;-;  174;-;  138;-;   21;-; 1986;-; 1841;-;  144;-;    1;-;   10;-;    6;-;   78;-;  153;-;  117;-;    6;-
4607;5027;05;A;  52;101208; 3;w;12; 2530;-; 2269;-;  205;-;  256;-; 2292;-; 2101;-;  189;-;    2;-;   12;-;    7;-;   68;-;  130;-;  104;-;   21;-; 1995;-; 1816;-;  179;-;    0;-;   10;-;    5;-;  108;-;  143;-;  111;-;    8;-
4607;5027;05;A;  52;101208; 3;w;13; 2838;-; 2719;-;  230;-;  210;-; 2565;-; 2380;-;  184;-;    1;-;    9;-;    4;-;   89;-;  137;-;  108;-;   34;-; 2495;-; 2291;-;  204;-;    0;-;    8;-;    3;-;   79;-;  128;-;  100;-;    6;-
4607;5027;05;A;  52;101208; 3;w;14; 2860;-; 3088;-;  216;-;  252;-; 2609;-; 2448;-;  159;-;    2;-;   16;-;    2;-;   90;-;  124;-;   97;-;   19;-; 2818;-; 2640;-;  175;-;    3;-;    8;-;    5;-;  106;-;  141;-;  107;-;   10;-
4607;5027;05;A;  52;101208; 3;w;15; 2726;-; 3438;-;  228;-;  213;-; 2470;-; 2293;-;  174;-;    3;-;    7;-;    7;-;   84;-;  137;-;  104;-;   21;-; 3140;-; 3005;-;  135;-;    0;-;   16;-;    2;-;   68;-;  143;-;  112;-;   69;-
4607;5027;05;A;  52;101208; 3;w;16; 2791;-; 3747;-;  207;-;  197;-; 2546;-; 2387;-;  158;-;    1;-;    7;-;    7;-;   77;-;  123;-;   95;-;   31;-; 3483;-; 3322;-;  159;-;    2;-;   16;-;    6;-;   78;-;  113;-;   79;-;   51;-
4607;5027;05;A;  52;101208; 3;w;17; 3194;-; 3539;-;  171;-;  152;-; 2996;-; 2851;-;  144;-;    1;-;    7;-;    3;-;   75;-;   93;-;   76;-;   20;-; 3291;-; 3177;-;  112;-;    2;-;   23;-;    2;-;   39;-;  111;-;   85;-;   73;-
4607;5027;05;A;  52;101208; 3;w;18; 3141;-; 4032;-;  123;-;  133;-; 2972;-; 2871;-;   96;-;    5;-;    2;-;    8;-;   32;-;   83;-;   63;-;   44;-; 3860;-; 3740;-;  118;-;    2;-;    9;-;    7;-;   43;-;   83;-;   61;-;   30;-
4607;5027;05;A;  52;101208; 3;w;19; 3169;-; 3966;-;  144;-;  138;-; 3009;-; 2938;-;   63;-;    8;-;    5;-;    7;-;   35;-;  102;-;   80;-;   11;-; 3782;-; 3700;-;   80;-;    2;-;    8;-;   11;-;   42;-;   85;-;   67;-;   38;-
4607;5027;05;A;  52;101208; 3;w;20; 2158;-; 2880;-;   80;-;   75;-; 2047;-; 1963;-;   76;-;    8;-;    5;-;    2;-;   26;-;   52;-;   47;-;   26;-; 2793;-; 2708;-;   83;-;    2;-;    2;-;    2;-;   18;-;   55;-;   45;-;   10;-
4607;5027;05;A;  52;101208; 3;w;21; 1490;-; 1975;-;   81;-;   73;-; 1398;-; 1326;-;   71;-;    1;-;    2;-;    6;-;   21;-;   54;-;   42;-;    9;-; 1888;-; 1824;-;   64;-;    0;-;    3;-;    6;-;   11;-;   56;-;   42;-;   11;-
4607;5027;05;A;  52;101208; 3;w;22; 1266;-; 1678;-;   62;-;   59;-; 1196;-; 1141;-;   53;-;    2;-;    3;-;    5;-;   16;-;   41;-;   24;-;    5;-; 1608;-; 1552;-;   55;-;    1;-;    2;-;    3;-;   11;-;   45;-;   31;-;    9;-
4607;5027;05;A;  52;101208; 3;w;23;  834;-; 1419;-;   50;-;   35;-;  781;-;  725;-;   53;-;    3;-;    1;-;    2;-;    9;-;   39;-;   33;-;    2;-; 1381;-; 1347;-;   31;-;    3;-;    0;-;    3;-;    8;-;   24;-;   18;-;    3;-
4607;5027;05;A;  52;101208; 3;w;24;  575;-; 1236;-;   44;-;   50;-;  525;-;  495;-;   30;-;    0;-;    2;-;    1;-;   13;-;   30;-;   20;-;    4;-; 1178;-; 1132;-;   44;-;    2;-;    3;-;    2;-;    6;-;   42;-;   28;-;    5;-
4607;5027;05;A;  52;101209; 4;w;01;  313;-;  381;-;   49;-;   47;-;  262;-;  236;-;   24;-;    2;-;    0;-;    0;-;   10;-;   39;-;   29;-;    2;-;  334;-;  317;-;   17;-;    0;-;    0;-;    3;-;    7;-;   37;-;   23;-;    0;-
4607;5027;05;A;  52;101209; 4;w;02;  161;-;  210;-;   39;-;   41;-;  122;-;  103;-;   19;-;    0;-;    0;-;    2;-;   10;-;   27;-;   20;-;    0;-;  169;-;  143;-;   26;-;    0;-;    0;-;    0;-;    4;-;   37;-;   27;-;    0;-
4607;5027;05;A;  52;101209; 4;w;03;  153;-;  155;-;   56;-;   39;-;   96;-;   87;-;    9;-;    0;-;    0;-;    2;-;   10;-;   44;-;   29;-;    1;-;  116;-;  103;-;   13;-;    0;-;    0;-;    0;-;   11;-;   28;-;   18;-;    0;-
4607;5027;05;A;  52;101209; 4;w;04;  293;-;  198;-;   66;-;   60;-;  221;-;  204;-;   17;-;    0;-;    0;-;    0;-;   22;-;   44;-;   21;-;    6;-;  137;-;  120;-;   17;-;    0;-;    0;-;    0;-;   22;-;   38;-;   30;-;    1;-
4607;5027;05;A;  52;101209; 4;w;05;  769;-;  285;-;  107;-;   87;-;  653;-;  623;-;   29;-;    1;-;    4;-;    4;-;   40;-;   63;-;   44;-;    5;-;  198;-;  172;-;   25;-;    1;-;    0;-;    3;-;   39;-;   45;-;   35;-;    0;-
4607;5027;05;A;  52;101209; 4;w;06; 2392;-;  752;-;  166;-;  115;-; 2206;-; 2117;-;   85;-;    4;-;    1;-;    3;-;   57;-;  106;-;   76;-;   19;-;  635;-;  591;-;   44;-;    0;-;    1;-;    1;-;   23;-;   91;-;   67;-;    1;-
4607;5027;05;A;  52;101209; 4;w;07; 4624;-; 1886;-;  191;-;  155;-; 4386;-; 4231;-;  149;-;    6;-;    9;-;    6;-;   72;-;  113;-;   79;-;   38;-; 1724;-; 1627;-;   97;-;    0;-;    3;-;    3;-;   62;-;   90;-;   68;-;    4;-
4607;5027;05;A;  52;101209; 4;w;08; 5579;-; 3321;-;  190;-;  173;-; 5323;-; 5129;-;  187;-;    7;-;   19;-;   15;-;   89;-;   86;-;   62;-;   47;-; 3133;-; 3027;-;  105;-;    1;-;    8;-;    6;-;   73;-;   94;-;   66;-;    7;-
4607;5027;05;A;  52;101209; 4;w;09; 5492;-; 3701;-;  209;-;  226;-; 5217;-; 5027;-;  183;-;    7;-;   16;-;    4;-;   85;-;  120;-;  100;-;   50;-; 3436;-; 3286;-;  147;-;    3;-;    5;-;   14;-;  105;-;  107;-;   83;-;   34;-
4607;5027;05;A;  52;101209; 4;w;10; 3968;-; 2706;-;  262;-;  227;-; 3664;-; 3469;-;  189;-;    6;-;    8;-;   13;-;  103;-;  146;-;  117;-;   34;-; 2467;-; 2293;-;  174;-;    0;-;    7;-;    5;-;  102;-;  120;-;   84;-;    5;-
4607;5027;05;A;  52;101209; 4;w;11; 3235;-; 2142;-;  289;-;  227;-; 2908;-; 2745;-;  160;-;    3;-;   12;-;   13;-;  102;-;  174;-;  138;-;   26;-; 1893;-; 1750;-;  142;-;    1;-;   15;-;    8;-;   83;-;  136;-;  102;-;    7;-
4607;5027;05;A;  52;101209; 4;w;12; 2894;-; 2288;-;  291;-;  208;-; 2572;-; 2385;-;  185;-;    2;-;    9;-;    3;-;  104;-;  184;-;  153;-;   22;-; 2057;-; 1900;-;  157;-;    0;-;   13;-;    4;-;   68;-;  136;-;  108;-;   10;-
4607;5027;05;A;  52;101209; 4;w;13; 2926;-; 2837;-;  272;-;  246;-; 2615;-; 2407;-;  203;-;    5;-;    8;-;   10;-;   96;-;  166;-;  142;-;   31;-; 2570;-; 2426;-;  143;-;    1;-;    9;-;    8;-;   94;-;  144;-;  119;-;   12;-
4607;5027;05;A;  52;101209; 4;w;14; 2910;-; 3190;-;  233;-;  245;-; 2641;-; 2480;-;  157;-;    4;-;   13;-;    3;-;   75;-;  155;-;  127;-;   23;-; 2914;-; 2741;-;  171;-;    2;-;   13;-;   12;-;   99;-;  134;-;  101;-;   18;-
4607;5027;05;A;  52;101209; 4;w;15; 2821;-; 3771;-;  220;-;  231;-; 2559;-; 2400;-;  154;-;    5;-;   12;-;    3;-;   68;-;  149;-;  113;-;   30;-; 3482;-; 3312;-;  170;-;    0;-;   28;-;    5;-;   86;-;  140;-;  106;-;   30;-
4607;5027;05;A;  52;101209; 4;w;16; 3028;-; 3844;-;  214;-;  198;-; 2782;-; 2610;-;  168;-;    4;-;    7;-;    2;-;   86;-;  126;-;   97;-;   25;-; 3574;-; 3426;-;  147;-;    1;-;   17;-;    3;-;   66;-;  129;-;  106;-;   55;-
4607;5027;05;A;  52;101209; 4;w;17; 3250;-; 3660;-;  156;-;  151;-; 3063;-; 2934;-;  127;-;    2;-;   12;-;    8;-;   58;-;   90;-;   71;-;   19;-; 3446;-; 3317;-;  129;-;    0;-;   13;-;    7;-;   52;-;   92;-;   71;-;   50;-
4607;5027;05;A;  52;101209; 4;w;18; 3421;-; 3819;-;  155;-;  126;-; 3231;-; 3168;-;   60;-;    3;-;   10;-;    7;-;   53;-;   95;-;   82;-;   25;-; 3660;-; 3556;-;  102;-;    2;-;   13;-;    9;-;   36;-;   81;-;   60;-;   20;-
4607;5027;05;A;  52;101209; 4;w;19; 3383;-; 4142;-;  112;-;  126;-; 3228;-; 3146;-;   75;-;    7;-;    6;-;    4;-;   32;-;   76;-;   63;-;   37;-; 3976;-; 3879;-;   95;-;    2;-;   15;-;    3;-;   34;-;   89;-;   67;-;   25;-
4607;5027;05;A;  52;101209; 4;w;20; 2228;-; 3350;-;   99;-;   87;-; 2103;-; 2036;-;   64;-;    3;-;    3;-;    8;-;   23;-;   68;-;   56;-;   23;-; 3225;-; 3134;-;   89;-;    2;-;   14;-;    6;-;   20;-;   61;-;   49;-;   24;-
4607;5027;05;A;  52;101209; 4;w;21; 1480;-; 2187;-;   66;-;   82;-; 1399;-; 1317;-;   78;-;    4;-;    0;-;    3;-;   17;-;   46;-;   34;-;   15;-; 2096;-; 2028;-;   67;-;    1;-;    2;-;    3;-;   17;-;   62;-;   39;-;    7;-
4607;5027;05;A;  52;101209; 4;w;22; 1409;-; 1792;-;   54;-;   78;-; 1343;-; 1280;-;   61;-;    2;-;    0;-;    3;-;   12;-;   39;-;   24;-;   12;-; 1706;-; 1645;-;   59;-;    2;-;    3;-;    4;-;   15;-;   59;-;   46;-;    5;-
4607;5027;05;A;  52;101209; 4;w;23; 1013;-; 1708;-;   49;-;   53;-;  956;-;  895;-;   60;-;    1;-;    0;-;    3;-;    9;-;   37;-;   29;-;    8;-; 1650;-; 1610;-;   39;-;    1;-;    1;-;    3;-;   13;-;   37;-;   24;-;    4;-
4607;5027;05;A;  52;101209; 4;w;24;  644;-; 1003;-;   41;-;   53;-;  598;-;  568;-;   30;-;    0;-;    0;-;    2;-;    9;-;   30;-;   23;-;    5;-;  949;-;  913;-;   36;-;    0;-;    0;-;    3;-;   10;-;   40;-;   28;-;    1;-
4607;5027;05;A;  52;101210; 5;w;01;  327;-;  476;-;   34;-;   48;-;  288;-;  253;-;   33;-;    2;-;    3;-;    0;-;   12;-;   22;-;   16;-;    2;-;  426;-;  408;-;   18;-;    0;-;    1;-;    6;-;    9;-;   33;-;   20;-;    1;-
4607;5027;05;A;  52;101210; 5;w;02;  189;-;  259;-;   47;-;   37;-;  140;-;  125;-;   15;-;    0;-;    1;-;    2;-;    9;-;   36;-;   27;-;    1;-;  219;-;  200;-;   19;-;    0;-;    2;-;    1;-;    8;-;   28;-;   19;-;    1;-
4607;5027;05;A;  52;101210; 5;w;03;  180;-;  178;-;   67;-;   54;-;  112;-;   97;-;   15;-;    0;-;    1;-;    1;-;   19;-;   47;-;   27;-;    0;-;  123;-;  107;-;   16;-;    0;-;    0;-;    0;-;    9;-;   45;-;   31;-;    1;-
4607;5027;05;A;  52;101210; 5;w;04;  329;-;  208;-;   70;-;   60;-;  256;-;  241;-;   15;-;    0;-;    2;-;    1;-;   23;-;   46;-;   34;-;    1;-;  148;-;  124;-;   24;-;    0;-;    0;-;    2;-;   21;-;   37;-;   23;-;    0;-
4607;5027;05;A;  52;101210; 5;w;05;  759;-;  325;-;  117;-;  103;-;  636;-;  607;-;   29;-;    0;-;    1;-;    5;-;   40;-;   72;-;   49;-;    5;-;  219;-;  190;-;   28;-;    1;-;    1;-;    3;-;   49;-;   51;-;   39;-;    2;-
4607;5027;05;A;  52;101210; 5;w;06; 2158;-;  770;-;  187;-;  133;-; 1959;-; 1893;-;   66;-;    0;-;    1;-;    3;-;   67;-;  117;-;   85;-;   11;-;  630;-;  589;-;   40;-;    1;-;    3;-;    4;-;   39;-;   90;-;   58;-;    4;-
4607;5027;05;A;  52;101210; 5;w;07; 4311;-; 1766;-;  221;-;  169;-; 4053;-; 3907;-;  145;-;    1;-;    4;-;    3;-;   72;-;  146;-;  100;-;   33;-; 1586;-; 1501;-;   84;-;    1;-;    6;-;    2;-;   71;-;   96;-;   73;-;    5;-
4607;5027;05;A;  52;101210; 5;w;08; 5434;-; 3160;-;  242;-;  212;-; 5130;-; 4942;-;  177;-;   11;-;   19;-;   13;-;   99;-;  130;-;  110;-;   43;-; 2936;-; 2824;-;  111;-;    1;-;    5;-;    7;-;   88;-;  117;-;   88;-;    7;-
4607;5027;05;A;  52;101210; 5;w;09; 5278;-; 3454;-;  274;-;  210;-; 4920;-; 4756;-;  157;-;    7;-;   13;-;   10;-;  116;-;  148;-;  118;-;   71;-; 3226;-; 3063;-;  163;-;    0;-;    4;-;    7;-;   93;-;  110;-;   82;-;   14;-
4607;5027;05;A;  52;101210; 5;w;10; 3716;-; 2682;-;  222;-;  275;-; 3442;-; 3231;-;  205;-;    6;-;   12;-;    8;-;   94;-;  120;-;   92;-;   40;-; 2389;-; 2228;-;  161;-;    0;-;   12;-;    8;-;  117;-;  150;-;  120;-;    6;-
4607;5027;05;A;  52;101210; 5;w;11; 2868;-; 2353;-;  250;-;  254;-; 2558;-; 2387;-;  168;-;    3;-;   19;-;   23;-;   92;-;  135;-;  111;-;   41;-; 2089;-; 1912;-;  177;-;    0;-;    6;-;    3;-;  112;-;  139;-;  113;-;    4;-
4607;5027;05;A;  52;101210; 5;w;12; 2718;-; 2740;-;  247;-;  255;-; 2430;-; 2253;-;  176;-;    1;-;    9;-;   17;-;   79;-;  151;-;  123;-;   32;-; 2463;-; 2277;-;  184;-;    2;-;   16;-;    5;-;   92;-;  158;-;  131;-;    6;-
4607;5027;05;A;  52;101210; 5;w;13; 3045;-; 3416;-;  218;-;  275;-; 2779;-; 2616;-;  156;-;    7;-;    9;-;   10;-;   74;-;  134;-;  110;-;   39;-; 3117;-; 2918;-;  197;-;    2;-;   17;-;    3;-;   98;-;  174;-;  131;-;    7;-
4607;5027;05;A;  52;101210; 5;w;14; 3275;-; 3807;-;  212;-;  228;-; 3036;-; 2856;-;  175;-;    5;-;    6;-;    8;-;   72;-;  132;-;  100;-;   21;-; 3515;-; 3352;-;  161;-;    2;-;   29;-;    9;-;   79;-;  140;-;  108;-;   35;-
4607;5027;05;A;  52;101210; 5;w;15; 3157;-; 3817;-;  219;-;  188;-; 2897;-; 2720;-;  173;-;    4;-;   12;-;    3;-;   94;-;  122;-;   94;-;   29;-; 3563;-; 3438;-;  122;-;    3;-;   27;-;    4;-;   77;-;  107;-;   79;-;   39;-
4607;5027;05;A;  52;101210; 5;w;16; 3398;-; 3911;-;  212;-;  189;-; 3138;-; 2998;-;  139;-;    1;-;    8;-;    3;-;   78;-;  131;-;  106;-;   40;-; 3665;-; 3522;-;  143;-;    0;-;   20;-;    9;-;   63;-;  117;-;   89;-;   37;-
4607;5027;05;A;  52;101210; 5;w;17; 3382;-; 3995;-;  146;-;  163;-; 3205;-; 3076;-;  124;-;    5;-;    8;-;    5;-;   41;-;  100;-;   79;-;   23;-; 3766;-; 3648;-;  117;-;    1;-;   33;-;    7;-;   51;-;  105;-;   88;-;   33;-
4607;5027;05;A;  52;101210; 5;w;18; 3347;-; 4090;-;  130;-;  124;-; 3201;-; 3100;-;  100;-;    1;-;    5;-;    4;-;   44;-;   82;-;   61;-;   11;-; 3927;-; 3815;-;  108;-;    4;-;   17;-;    9;-;   36;-;   79;-;   56;-;   22;-
4607;5027;05;A;  52;101210; 5;w;19; 2991;-; 3816;-;   88;-;  110;-; 2862;-; 2785;-;   77;-;    0;-;    4;-;    1;-;   19;-;   68;-;   53;-;   37;-; 3660;-; 3561;-;   97;-;    2;-;   11;-;   12;-;   31;-;   67;-;   57;-;   35;-
4607;5027;05;A;  52;101210; 5;w;20; 2250;-; 2730;-;   74;-;   85;-; 2136;-; 2047;-;   84;-;    5;-;    2;-;    5;-;   22;-;   47;-;   37;-;   38;-; 2629;-; 2557;-;   72;-;    0;-;    6;-;    9;-;   15;-;   61;-;   51;-;   10;-
4607;5027;05;A;  52;101210; 5;w;21; 1617;-; 2058;-;   47;-;   98;-; 1556;-; 1490;-;   65;-;    1;-;    1;-;    2;-;   17;-;   28;-;   20;-;   13;-; 1957;-; 1896;-;   60;-;    1;-;    1;-;   10;-;   23;-;   65;-;   46;-;    2;-
4607;5027;05;A;  52;101210; 5;w;22; 1402;-; 1735;-;   55;-;   63;-; 1333;-; 1286;-;   43;-;    4;-;    4;-;    2;-;   19;-;   34;-;   23;-;   10;-; 1664;-; 1632;-;   31;-;    1;-;    3;-;    6;-;   11;-;   46;-;   30;-;    5;-
4607;5027;05;A;  52;101210; 5;w;23; 1164;-; 1635;-;   42;-;   63;-; 1109;-; 1047;-;   61;-;    1;-;    0;-;    5;-;   13;-;   24;-;   21;-;   13;-; 1564;-; 1517;-;   46;-;    1;-;    2;-;    1;-;   19;-;   43;-;   32;-;    6;-
4607;5027;05;A;  52;101210; 5;w;24;  998;-; 1685;-;   39;-;   44;-;  951;-;  912;-;   38;-;    1;-;    1;-;    3;-;    9;-;   27;-;   22;-;    7;-; 1636;-; 1598;-;   38;-;    0;-;    2;-;    2;-;    9;-;   33;-;   26;-;    3;-
4607;5027;05;A;  52;101211; 6;w;01;  752;-; 1018;-;   35;-;   48;-;  713;-;  686;-;   27;-;    0;-;    1;-;    3;-;    9;-;   23;-;   16;-;    3;-;  966;-;  940;-;   25;-;    1;-;    1;-;    3;-;    7;-;   38;-;   33;-;    3;-
4607;5027;05;A;  52;101211; 6;w;02;  414;-;  532;-;   32;-;   21;-;  379;-;  352;-;   27;-;    0;-;    0;-;    3;-;    9;-;   20;-;   16;-;    3;-;  509;-;  485;-;   24;-;    0;-;    0;-;    0;-;    5;-;   16;-;   14;-;    2;-
4607;5027;05;A;  52;101211; 6;w;03;  303;-;  362;-;   39;-;   34;-;  260;-;  251;-;    9;-;    0;-;    1;-;    2;-;   17;-;   20;-;   12;-;    3;-;  327;-;  306;-;   21;-;    0;-;    0;-;    6;-;    8;-;   20;-;   12;-;    1;-
4607;5027;05;A;  52;101211; 6;w;04;  390;-;  272;-;   52;-;   42;-;  335;-;  312;-;   23;-;    0;-;    0;-;    3;-;   16;-;   33;-;   21;-;    3;-;  227;-;  209;-;   18;-;    0;-;    1;-;    5;-;   17;-;   20;-;   14;-;    2;-
4607;5027;05;A;  52;101211; 6;w;05;  539;-;  336;-;   42;-;   48;-;  495;-;  469;-;   26;-;    0;-;    0;-;    2;-;   14;-;   26;-;   21;-;    2;-;  287;-;  254;-;   33;-;    0;-;    1;-;    1;-;   34;-;   13;-;    8;-;    0;-
4607;5027;05;A;  52;101211; 6;w;06;  913;-;  470;-;   72;-;   43;-;  834;-;  788;-;   45;-;    1;-;    6;-;    6;-;   31;-;   35;-;   24;-;    1;-;  418;-;  381;-;   37;-;    0;-;    6;-;    2;-;   18;-;   23;-;   15;-;    3;-
4607;5027;05;A;  52;101211; 6;w;07;  782;-;  607;-;   58;-;   45;-;  712;-;  636;-;   74;-;    2;-;    7;-;    1;-;   27;-;   30;-;   22;-;    5;-;  556;-;  515;-;   41;-;    0;-;    6;-;    2;-;   21;-;   22;-;   18;-;    0;-
4607;5027;05;A;  52;101211; 6;w;08; 1123;-;  818;-;   67;-;   52;-; 1032;-;  926;-;  104;-;    2;-;   16;-;    5;-;   34;-;   28;-;   24;-;    8;-;  762;-;  682;-;   80;-;    0;-;    3;-;    1;-;   23;-;   28;-;   21;-;    1;-
4607;5027;05;A;  52;101211; 6;w;09; 1650;-; 1296;-;   57;-;   69;-; 1567;-; 1466;-;   99;-;    2;-;   11;-;    9;-;   30;-;   18;-;   17;-;   15;-; 1215;-; 1154;-;   61;-;    0;-;    9;-;    7;-;   33;-;   29;-;   23;-;    3;-
4607;5027;05;A;  52;101211; 6;w;10; 2167;-; 1845;-;   72;-;   53;-; 2063;-; 1962;-;  100;-;    1;-;   13;-;   25;-;   28;-;   19;-;   17;-;   19;-; 1776;-; 1701;-;   74;-;    1;-;    9;-;    6;-;   26;-;   21;-;   19;-;    7;-
4607;5027;05;A;  52;101211; 6;w;11; 2449;-; 2155;-;   87;-;   45;-; 2319;-; 2199;-;  112;-;    8;-;   16;-;   28;-;   33;-;   26;-;   21;-;   27;-; 2086;-; 1990;-;   94;-;    2;-;   18;-;    6;-;   17;-;   22;-;   17;-;    6;-
4607;5027;05;A;  52;101211; 6;w;12; 2718;-; 2387;-;   53;-;   45;-; 2614;-; 2501;-;  104;-;    9;-;   20;-;   16;-;   22;-;   15;-;   15;-;   31;-; 2324;-; 2247;-;   76;-;    1;-;   12;-;    5;-;   21;-;   19;-;   18;-;    6;-
4607;5027;05;A;  52;101211; 6;w;13; 2758;-; 2733;-;   50;-;   38;-; 2663;-; 2540;-;  118;-;    5;-;   15;-;   13;-;   24;-;   13;-;   10;-;   30;-; 2679;-; 2582;-;   96;-;    1;-;   11;-;    3;-;   18;-;   17;-;   13;-;    5;-
4607;5027;05;A;  52;101211; 6;w;14; 2861;-; 3039;-;   29;-;   35;-; 2794;-; 2686;-;  106;-;    2;-;   11;-;    1;-;   13;-;   15;-;   14;-;   27;-; 2980;-; 2874;-;  104;-;    2;-;   20;-;    6;-;   17;-;   12;-;   10;-;    4;-
4607;5027;05;A;  52;101211; 6;w;15; 2688;-; 3161;-;   31;-;   34;-; 2621;-; 2499;-;  114;-;    8;-;    8;-;    4;-;   16;-;   11;-;   10;-;   28;-; 3099;-; 2987;-;  110;-;    2;-;   20;-;    2;-;   17;-;   15;-;   12;-;    8;-
4607;5027;05;A;  52;101211; 6;w;16; 2345;-; 2879;-;   23;-;   39;-; 2283;-; 2181;-;  101;-;    1;-;   16;-;    3;-;   11;-;    9;-;    9;-;   23;-; 2813;-; 2730;-;   82;-;    1;-;   17;-;    6;-;   19;-;   14;-;   12;-;   10;-
4607;5027;05;A;  52;101211; 6;w;17; 2203;-; 2652;-;   20;-;   31;-; 2160;-; 2074;-;   84;-;    2;-;    6;-;    3;-;   12;-;    5;-;    4;-;   17;-; 2608;-; 2525;-;   83;-;    0;-;    6;-;   13;-;    7;-;   11;-;    8;-;    7;-
4607;5027;05;A;  52;101211; 6;w;18; 2108;-; 2363;-;   16;-;   39;-; 2066;-; 1999;-;   65;-;    2;-;    6;-;    5;-;    7;-;    4;-;    4;-;   20;-; 2304;-; 2244;-;   55;-;    5;-;   13;-;   26;-;    9;-;    4;-;    4;-;    7;-
4607;5027;05;A;  52;101211; 6;w;19; 2153;-; 2430;-;   10;-;   28;-; 2117;-; 2053;-;   60;-;    4;-;    7;-;    4;-;    3;-;    3;-;    3;-;   19;-; 2391;-; 2329;-;   62;-;    0;-;    8;-;   10;-;   10;-;    8;-;    8;-;    3;-
4607;5027;05;A;  52;101211; 6;w;20; 1792;-; 1933;-;   18;-;   22;-; 1747;-; 1678;-;   64;-;    5;-;    1;-;    4;-;    9;-;    5;-;    3;-;   26;-; 1906;-; 1851;-;   54;-;    1;-;    2;-;   13;-;    7;-;    2;-;    1;-;    3;-
4607;5027;05;A;  52;101211; 6;w;21; 1331;-; 1419;-;   14;-;   13;-; 1304;-; 1244;-;   59;-;    1;-;    1;-;    4;-;    6;-;    4;-;    2;-;   12;-; 1397;-; 1364;-;   33;-;    0;-;    3;-;   10;-;    1;-;    2;-;    2;-;    6;-
4607;5027;05;A;  52;101211; 6;w;22; 1294;-; 1039;-;    9;-;   13;-; 1267;-; 1213;-;   51;-;    3;-;    2;-;    2;-;    4;-;    3;-;    3;-;   16;-; 1024;-;  992;-;   32;-;    0;-;    1;-;    7;-;    3;-;    3;-;    3;-;    1;-
4607;5027;05;A;  52;101211; 6;w;23; 1107;-; 1204;-;    3;-;   10;-; 1095;-; 1054;-;   41;-;    0;-;    0;-;    2;-;    0;-;    1;-;    1;-;    9;-; 1186;-; 1150;-;   35;-;    1;-;    1;-;    3;-;    6;-;    1;-;    1;-;    7;-
4607;5027;05;A;  52;101211; 6;w;24;  957;-;  989;-;    3;-;    2;-;  947;-;  905;-;   42;-;    0;-;    0;-;    0;-;    2;-;    1;-;    1;-;    7;-;  984;-;  952;-;   32;-;    0;-;    0;-;    0;-;    2;-;    0;-;    0;-;    3;-
4607;5027;05;A;  52;101212; 7;s;01;  808;-;  848;-;    4;-;    6;-;  798;-;  762;-;   35;-;    1;-;    0;-;    2;-;    1;-;    1;-;    1;-;    6;-;  840;-;  805;-;   35;-;    0;-;    0;-;    3;-;    1;-;    2;-;    0;-;    2;-
4607;5027;05;A;  52;101212; 7;s;02;  529;-;  583;-;    2;-;    3;-;  518;-;  494;-;   24;-;    0;-;    1;-;    0;-;    2;-;    0;-;    0;-;    8;-;  578;-;  569;-;    9;-;    0;-;    0;-;    1;-;    2;-;    0;-;    0;-;    2;-
4607;5027;05;A;  52;101212; 7;s;03;  357;-;  378;-;    8;-;    4;-;  347;-;  331;-;   16;-;    0;-;    1;-;    1;-;    7;-;    0;-;    0;-;    1;-;  373;-;  354;-;   19;-;    0;-;    1;-;    2;-;    2;-;    0;-;    0;-;    0;-
4607;5027;05;A;  52;101212; 7;s;04;  393;-;  336;-;    2;-;    3;-;  387;-;  356;-;   31;-;    0;-;    2;-;    0;-;    1;-;    1;-;    1;-;    2;-;  333;-;  313;-;   20;-;    0;-;    0;-;    2;-;    1;-;    0;-;    0;-;    0;-
4607;5027;05;A;  52;101212; 7;s;05;  478;-;  383;-;    6;-;    5;-;  470;-;  444;-;   25;-;    1;-;    1;-;    0;-;    4;-;    2;-;    2;-;    1;-;  376;-;  357;-;   18;-;    1;-;    1;-;    0;-;    3;-;    2;-;    2;-;    1;-
4607;5027;05;A;  52;101212; 7;s;06;  687;-;  438;-;   10;-;    9;-;  667;-;  635;-;   31;-;    1;-;    7;-;    1;-;    4;-;    5;-;    2;-;    3;-;  424;-;  400;-;   24;-;    0;-;    3;-;    3;-;    2;-;    4;-;    4;-;    2;-
4607;5027;05;A;  52;101212; 7;s;07;  433;-;  405;-;   15;-;    5;-;  410;-;  382;-;   28;-;    0;-;    5;-;    4;-;    6;-;    5;-;    5;-;    3;-;  398;-;  386;-;   12;-;    0;-;    1;-;    1;-;    4;-;    0;-;    0;-;    1;-
4607;5027;05;A;  52;101212; 7;s;08;  477;-;  379;-;   14;-;   10;-;  456;-;  409;-;   47;-;    0;-;    6;-;    5;-;    8;-;    1;-;    1;-;    1;-;  364;-;  348;-;   16;-;    0;-;    4;-;    3;-;    2;-;    5;-;    5;-;    1;-
4607;5027;05;A;  52;101212; 7;s;09;  785;-;  584;-;   13;-;    9;-;  762;-;  715;-;   46;-;    1;-;    5;-;    3;-;    5;-;    5;-;    5;-;    5;-;  572;-;  549;-;   23;-;    0;-;    2;-;    3;-;    1;-;    5;-;    4;-;    1;-
4607;5027;05;A;  52;101212; 7;s;10; 1151;-; 1057;-;   13;-;    9;-; 1127;-; 1037;-;   88;-;    2;-;    3;-;    3;-;    1;-;    9;-;    9;-;    8;-; 1045;-;  991;-;   51;-;    3;-;    2;-;    1;-;    4;-;    4;-;    3;-;    1;-
4607;5027;05;A;  52;101212; 7;s;11; 1476;-; 1591;-;   17;-;   24;-; 1445;-; 1359;-;   83;-;    3;-;    2;-;   10;-;    5;-;    2;-;    2;-;   12;-; 1561;-; 1508;-;   52;-;    1;-;    5;-;   10;-;    4;-;   10;-;    9;-;    1;-
4607;5027;05;A;  52;101212; 7;s;12; 1884;-; 2013;-;   11;-;   16;-; 1851;-; 1761;-;   88;-;    2;-;    9;-;    3;-;    4;-;    4;-;    4;-;   13;-; 1989;-; 1933;-;   54;-;    2;-;    4;-;    5;-;    9;-;    2;-;    2;-;    4;-
4607;5027;05;A;  52;101212; 7;s;13; 2345;-; 2192;-;    7;-;   10;-; 2315;-; 2214;-;   96;-;    5;-;    4;-;    2;-;    1;-;    4;-;    4;-;   19;-; 2171;-; 2112;-;   55;-;    4;-;    9;-;    2;-;    4;-;    4;-;    3;-;    2;-
4607;5027;05;A;  52;101212; 7;s;14; 2358;-; 2420;-;   17;-;   12;-; 2316;-; 2236;-;   77;-;    3;-;    6;-;    5;-;    3;-;    9;-;    9;-;   19;-; 2398;-; 2329;-;   68;-;    1;-;    5;-;    1;-;    7;-;    4;-;    4;-;    5;-
4607;5027;05;A;  52;101212; 7;s;15; 2512;-; 2829;-;    8;-;   13;-; 2442;-; 2365;-;   73;-;    4;-;    7;-;    5;-;    3;-;    0;-;    0;-;   55;-; 2801;-; 2738;-;   60;-;    3;-;   11;-;    3;-;    4;-;    6;-;    3;-;    4;-
4607;5027;05;A;  52;101212; 7;s;16; 2459;-; 2622;-;   12;-;   17;-; 2425;-; 2325;-;   95;-;    5;-;    3;-;    3;-;    0;-;    9;-;    9;-;   19;-; 2589;-; 2519;-;   70;-;    0;-;   11;-;    5;-;    4;-;    8;-;    8;-;    5;-
4607;5027;05;A;  52;101212; 7;s;17; 2307;-; 2537;-;   13;-;   12;-; 2271;-; 2189;-;   82;-;    0;-;    4;-;    2;-;    7;-;    4;-;    2;-;   19;-; 2508;-; 2445;-;   63;-;    0;-;   12;-;    7;-;    2;-;    3;-;    2;-;    5;-
4607;5027;05;A;  52;101212; 7;s;18; 2433;-; 2473;-;   23;-;   15;-; 2380;-; 2319;-;   57;-;    4;-;   11;-;    6;-;    6;-;   11;-;   10;-;   19;-; 2441;-; 2375;-;   63;-;    3;-;    7;-;    5;-;    5;-;    5;-;    5;-;   10;-
4607;5027;05;A;  52;101212; 7;s;19; 2368;-; 2402;-;   22;-;   11;-; 2325;-; 2254;-;   68;-;    3;-;    5;-;    4;-;    4;-;   14;-;   13;-;   16;-; 2375;-; 2322;-;   52;-;    1;-;   10;-;    3;-;    1;-;    7;-;    7;-;    6;-
4607;5027;05;A;  52;101212; 7;s;20; 1886;-; 1864;-;   20;-;   29;-; 1845;-; 1769;-;   75;-;    1;-;    3;-;    6;-;    4;-;   10;-;    7;-;   18;-; 1827;-; 1793;-;   34;-;    0;-;    4;-;   11;-;    8;-;   10;-;    9;-;    4;-
4607;5027;05;A;  52;101212; 7;s;21; 1559;-; 1519;-;   25;-;   16;-; 1520;-; 1466;-;   53;-;    1;-;    1;-;    7;-;    6;-;   12;-;    9;-;   13;-; 1495;-; 1448;-;   47;-;    0;-;    2;-;    4;-;    3;-;    9;-;    8;-;    6;-
4607;5027;05;A;  52;101212; 7;s;22; 1270;-; 1099;-;   19;-;   19;-; 1240;-; 1179;-;   61;-;    0;-;    1;-;    1;-;    7;-;   11;-;    9;-;   10;-; 1074;-; 1036;-;   38;-;    0;-;    4;-;    7;-;    4;-;    8;-;    7;-;    2;-
4607;5027;05;A;  52;101212; 7;s;23;  844;-;  898;-;   34;-;   28;-;  801;-;  743;-;   57;-;    1;-;    0;-;    3;-;    7;-;   24;-;   19;-;    9;-;  864;-;  833;-;   29;-;    2;-;    3;-;    1;-;    5;-;   22;-;   21;-;    3;-
4607;5027;05;A;  52;101212; 7;s;24;  470;-;  711;-;   35;-;   22;-;  432;-;  396;-;   34;-;    2;-;    1;-;    2;-;    9;-;   24;-;   18;-;    2;-;  686;-;  655;-;   31;-;    0;-;    0;-;    1;-;    8;-;   13;-;   12;-;    3;-
4607;5027;05;A;  52;101213; 1;w;01;  243;-;  256;-;   25;-;   19;-;  211;-;  187;-;   23;-;    1;-;    0;-;    0;-;    5;-;   20;-;   13;-;    7;-;  236;-;  226;-;   10;-;    0;-;    0;-;    3;-;    3;-;   13;-;    8;-;    1;-
4607;5027;05;A;  52;101213; 1;w;02;  146;-;  156;-;   34;-;   31;-;  111;-;   98;-;   13;-;    0;-;    0;-;    0;-;    6;-;   28;-;   23;-;    1;-;  125;-;  114;-;   11;-;    0;-;    0;-;    1;-;    7;-;   23;-;   17;-;    0;-
4607;5027;05;A;  52;101213; 1;w;03;  134;-;   91;-;   36;-;   29;-;   97;-;   89;-;    8;-;    0;-;    0;-;    0;-;    9;-;   27;-;   21;-;    1;-;   62;-;   56;-;    6;-;    0;-;    0;-;    0;-;   11;-;   18;-;   13;-;    0;-
4607;5027;05;A;  52;101213; 1;w;04;  314;-;  165;-;   60;-;   48;-;  252;-;  229;-;   23;-;    0;-;    1;-;    0;-;   22;-;   38;-;   28;-;    1;-;  115;-;   98;-;   17;-;    0;-;    1;-;    0;-;   16;-;   32;-;   26;-;    1;-
4607;5027;05;A;  52;101213; 1;w;05;  870;-;  293;-;  117;-;   72;-;  746;-;  705;-;   41;-;    0;-;    2;-;    8;-;   40;-;   69;-;   53;-;    5;-;  219;-;  191;-;   27;-;    1;-;    1;-;    2;-;   39;-;   31;-;   25;-;    1;-
4607;5027;05;A;  52;101213; 1;w;06; 2774;-;  864;-;  190;-;   96;-; 2545;-; 2443;-;   95;-;    7;-;    6;-;    4;-;   68;-;  118;-;   96;-;   33;-;  760;-;  707;-;   53;-;    0;-;    3;-;    2;-;   21;-;   73;-;   55;-;    5;-
4607;5027;05;A;  52;101213; 1;w;07; 5128;-; 2127;-;  212;-;  145;-; 4862;-; 4659;-;  191;-;   12;-;   11;-;    2;-;   82;-;  128;-;  108;-;   43;-; 1967;-; 1880;-;   86;-;    1;-;    1;-;    2;-;   62;-;   81;-;   63;-;   14;-
4607;5027;05;A;  52;101213; 1;w;08; 6161;-; 3540;-;  216;-;  195;-; 5837;-; 5628;-;  199;-;   10;-;   29;-;    6;-;   84;-;  126;-;  103;-;   79;-; 3314;-; 3187;-;  126;-;    1;-;    8;-;    3;-;   88;-;  104;-;   77;-;   23;-
4607;5027;05;A;  52;101213; 1;w;09; 5555;-; 3718;-;  241;-;  194;-; 5220;-; 5011;-;  203;-;    6;-;   11;-;   10;-;   98;-;  133;-;  101;-;   83;-; 3486;-; 3323;-;  162;-;    1;-;   14;-;    7;-;   91;-;   96;-;   74;-;   24;-
4607;5027;05;A;  52;101213; 1;w;10; 4775;-; 2792;-;  294;-;  220;-; 4393;-; 4159;-;  231;-;    3;-;   15;-;    4;-;  106;-;  184;-;  161;-;   73;-; 2553;-; 2373;-;  180;-;    0;-;    7;-;    7;-;   98;-;  115;-;   94;-;   12;-
4607;5027;05;A;  52;101213; 1;w;11; 3450;-; 2635;-;  272;-;  279;-; 3099;-; 2916;-;  176;-;    7;-;   17;-;    6;-;  101;-;  165;-;  139;-;   62;-; 2330;-; 2154;-;  171;-;    5;-;   18;-;   10;-;  107;-;  162;-;  128;-;    8;-
4607;5027;05;A;  52;101213; 1;w;12; 3054;-; 2527;-;  252;-;  253;-; 2760;-; 2533;-;  221;-;    6;-;   19;-;    4;-;   99;-;  149;-;  117;-;   23;-; 2257;-; 2106;-;  149;-;    2;-;    9;-;    4;-;   98;-;  151;-;  123;-;    8;-
4607;5027;05;A;  52;101213; 1;w;13; 3024;-; 2732;-;  253;-;  230;-; 2727;-; 2522;-;  200;-;    5;-;   15;-;    4;-;   85;-;  164;-;  129;-;   29;-; 2485;-; 2316;-;  169;-;    0;-;   10;-;    2;-;   76;-;  152;-;  127;-;    7;-
4607;5027;05;A;  52;101213; 1;w;14; 2990;-; 3267;-;  247;-;  232;-; 2716;-; 2527;-;  182;-;    7;-;   10;-;    5;-;   84;-;  158;-;  128;-;   17;-; 3010;-; 2839;-;  170;-;    1;-;   17;-;    6;-;   86;-;  140;-;  113;-;    8;-
4607;5027;05;A;  52;101213; 1;w;15; 2822;-; 3770;-;  234;-;  211;-; 2549;-; 2337;-;  207;-;    5;-;   12;-;    1;-;   95;-;  138;-;  104;-;   27;-; 3508;-; 3331;-;  175;-;    2;-;   22;-;    3;-;   92;-;  116;-;   91;-;   29;-
4607;5027;05;A;  52;101213; 1;w;16; 2916;-; 4080;-;  209;-;  198;-; 2660;-; 2474;-;  185;-;    1;-;   14;-;    5;-;   86;-;  118;-;  100;-;   33;-; 3831;-; 3652;-;  178;-;    1;-;   16;-;    6;-;   80;-;  112;-;   87;-;   35;-
4607;5027;05;A;  52;101213; 1;w;17; 3285;-; 4222;-;  142;-;  163;-; 3104;-; 2946;-;  157;-;    1;-;   11;-;    2;-;   53;-;   87;-;   66;-;   28;-; 3993;-; 3838;-;  149;-;    6;-;   21;-;    4;-;   54;-;  105;-;   86;-;   45;-
4607;5027;05;A;  52;101213; 1;w;18; 3373;-; 4173;-;  126;-;  128;-; 3190;-; 3061;-;  122;-;    7;-;   12;-;    3;-;   35;-;   88;-;   72;-;   45;-; 3983;-; 3866;-;  116;-;    1;-;   16;-;    5;-;   40;-;   83;-;   63;-;   46;-
4607;5027;05;A;  52;101213; 1;w;19; 2904;-; 4118;-;   89;-;  101;-; 2779;-; 2700;-;   77;-;    2;-;    3;-;    4;-;   20;-;   65;-;   52;-;   33;-; 3970;-; 3880;-;   86;-;    4;-;   12;-;    2;-;   31;-;   68;-;   54;-;   35;-
4607;5027;05;A;  52;101213; 1;w;20; 1662;-; 2624;-;   45;-;   80;-; 1612;-; 1586;-;   24;-;    2;-;    0;-;    2;-;   13;-;   30;-;   24;-;    5;-; 2528;-; 2474;-;   51;-;    3;-;    5;-;    5;-;   17;-;   58;-;   49;-;   11;-
4607;5027;05;A;  52;101213; 1;w;21; 1284;-; 1756;-;   40;-;   59;-; 1231;-; 1193;-;   29;-;    9;-;    1;-;    2;-;   16;-;   22;-;   15;-;   12;-; 1685;-; 1631;-;   49;-;    5;-;    0;-;    4;-;   15;-;   40;-;   27;-;   12;-
4607;5027;05;A;  52;101213; 1;w;22; 1211;-; 1256;-;   36;-;   56;-; 1170;-; 1143;-;   26;-;    1;-;    1;-;    1;-;    8;-;   27;-;   17;-;    4;-; 1136;-; 1112;-;   24;-;    0;-;    1;-;    3;-;   13;-;   40;-;   27;-;   63;-
4607;5027;05;A;  52;101213; 1;w;23;  727;-; 1011;-;   30;-;   24;-;  694;-;  675;-;   18;-;    1;-;    0;-;    0;-;    9;-;   21;-;   16;-;    3;-;  636;-;  622;-;    9;-;    5;-;    1;-;    0;-;    7;-;   17;-;   13;-;  350;-
4607;5027;05;A;  52;101213; 1;w;24;  602;-;  745;-;   48;-;   42;-;  550;-;  519;-;   27;-;    4;-;    1;-;    2;-;   13;-;   33;-;   22;-;    3;-;  622;-;  586;-;   27;-;    9;-;    1;-;    2;-;    8;-;   32;-;   17;-;   80;-
4607;5027;05;A;  52;101214; 2;w;01;  328;-;  595;-;   43;-;   41;-;  279;-;  269;-;    7;-;    3;-;    0;-;    2;-;   10;-;   31;-;   22;-;    6;-;  552;-;  529;-;   21;-;    2;-;    0;-;    5;-;    5;-;   31;-;   18;-;    2;-
4607;5027;05;A;  52;101214; 2;w;02;  123;-;  360;-;   26;-;   39;-;   90;-;   87;-;    3;-;    0;-;    0;-;    1;-;    8;-;   17;-;   12;-;    7;-;  318;-;  300;-;   18;-;    0;-;    1;-;    0;-;    4;-;   35;-;   30;-;    2;-
4607;5027;05;A;  52;101214; 2;w;03;   95;-;  155;-;   18;-;   44;-;   77;-;   75;-;    1;-;    1;-;    0;-;    0;-;    4;-;   14;-;   12;-;    0;-;  110;-;   98;-;   12;-;    0;-;    1;-;    1;-;   15;-;   28;-;   15;-;    0;-
4607;5027;05;A;  52;101214; 2;w;04;  189;-;  164;-;   40;-;   54;-;  145;-;  130;-;   13;-;    2;-;    1;-;    0;-;   13;-;   27;-;   22;-;    3;-;  109;-;   91;-;   18;-;    0;-;    1;-;    2;-;   21;-;   31;-;   24;-;    0;-
4607;5027;05;A;  52;101214; 2;w;05;  677;-;  296;-;   85;-;   74;-;  586;-;  567;-;   16;-;    3;-;    1;-;    7;-;   37;-;   41;-;   26;-;    5;-;  219;-;  198;-;   21;-;    0;-;    1;-;    0;-;   33;-;   41;-;   31;-;    2;-
4607;5027;05;A;  52;101214; 2;w;06; 2069;-;  740;-;  162;-;  116;-; 1895;-; 1832;-;   59;-;    4;-;    5;-;    5;-;   57;-;  100;-;   66;-;    7;-;  619;-;  573;-;   46;-;    0;-;    2;-;    2;-;   40;-;   74;-;   49;-;    3;-
4607;5027;05;A;  52;101214; 2;w;07; 3756;-; 1894;-;  126;-;  130;-; 3616;-; 3527;-;   88;-;    1;-;    3;-;    4;-;   56;-;   66;-;   48;-;   11;-; 1762;-; 1700;-;   62;-;    0;-;    2;-;    1;-;   52;-;   77;-;   53;-;    0;-
4607;5027;05;A;  52;101214; 2;w;08; 3805;-; 2875;-;  131;-;  139;-; 3660;-; 3548;-;  109;-;    3;-;    7;-;    4;-;   67;-;   60;-;   39;-;    7;-; 2722;-; 2645;-;   77;-;    0;-;    8;-;    3;-;   64;-;   72;-;   51;-;    6;-
4607;5027;05;A;  52;101214; 2;w;09; 3644;-; 2890;-;  137;-;  143;-; 3493;-; 3387;-;  105;-;    1;-;    6;-;    1;-;   52;-;   84;-;   62;-;    8;-; 2681;-; 2598;-;   81;-;    2;-;    9;-;    2;-;   70;-;   71;-;   53;-;   57;-
4607;5027;05;A;  52;101214; 2;w;10; 3767;-; 2540;-;  205;-;  193;-; 3543;-; 3423;-;  117;-;    3;-;    9;-;    5;-;   88;-;  112;-;   88;-;   10;-; 2207;-; 2099;-;  107;-;    1;-;    6;-;    3;-;   89;-;  101;-;   74;-;  134;-
4607;5027;05;A;  52;101214; 2;w;11; 3028;-; 2227;-;  302;-;  273;-; 2703;-; 2592;-;  110;-;    1;-;   12;-;    8;-;  110;-;  184;-;  151;-;   11;-; 1944;-; 1821;-;  122;-;    1;-;    8;-;    7;-;  101;-;  165;-;  123;-;    2;-
4607;5027;05;A;  52;101214; 2;w;12; 2699;-; 2110;-;  263;-;  210;-; 2415;-; 2253;-;  162;-;    0;-;    7;-;   16;-;  104;-;  143;-;  115;-;   14;-; 1885;-; 1739;-;  146;-;    0;-;   12;-;    4;-;   74;-;  132;-;  106;-;    3;-
4607;5027;05;A;  52;101214; 2;w;13; 2838;-; 2343;-;  276;-;  219;-; 2539;-; 2378;-;  154;-;    7;-;    2;-;    4;-;   82;-;  190;-;  150;-;   21;-; 2117;-; 1980;-;  136;-;    1;-;    5;-;    4;-;   84;-;  131;-;  107;-;    2;-
4607;5027;05;A;  52;101214; 2;w;14; 2634;-; 2860;-;  206;-;  214;-; 2404;-; 2247;-;  157;-;    0;-;   10;-;    4;-;   73;-;  129;-;  112;-;   14;-; 2628;-; 2483;-;  144;-;    1;-;   10;-;    4;-;   81;-;  129;-;  106;-;    8;-
4607;5027;05;A;  52;101214; 2;w;15; 2507;-; 3465;-;  222;-;  228;-; 2267;-; 2109;-;  149;-;    9;-;    5;-;    1;-;   79;-;  142;-;  116;-;   13;-; 3193;-; 3048;-;  144;-;    1;-;   13;-;    5;-;   98;-;  125;-;   92;-;   31;-
4607;5027;05;A;  52;101214; 2;w;16; 2660;-; 3649;-;  211;-;  215;-; 2431;-; 2268;-;  161;-;    2;-;    7;-;    1;-;   80;-;  130;-;  103;-;   11;-; 3377;-; 3224;-;  151;-;    2;-;   12;-;    4;-;   84;-;  127;-;   99;-;   45;-
4607;5027;05;A;  52;101214; 2;w;17; 3038;-; 3726;-;  171;-;  168;-; 2838;-; 2678;-;  153;-;    7;-;    9;-;    4;-;   61;-;  106;-;   92;-;   20;-; 3505;-; 3382;-;  122;-;    1;-;   16;-;    8;-;   56;-;  104;-;   74;-;   37;-
4607;5027;05;A;  52;101214; 2;w;18; 3124;-; 3811;-;  132;-;  132;-; 2969;-; 2881;-;   88;-;    0;-;    7;-;    1;-;   48;-;   83;-;   67;-;   16;-; 3616;-; 3512;-;   97;-;    7;-;   11;-;    6;-;   45;-;   81;-;   58;-;   52;-
4607;5027;05;A;  52;101214; 2;w;19; 2931;-; 3789;-;  116;-;  111;-; 2793;-; 2699;-;   93;-;    1;-;    2;-;    2;-;   22;-;   92;-;   78;-;   20;-; 3634;-; 3547;-;   83;-;    4;-;   15;-;    6;-;   29;-;   76;-;   56;-;   29;-
4607;5027;05;A;  52;101214; 2;w;20; 2067;-; 2536;-;   96;-;   54;-; 1947;-; 1867;-;   75;-;    5;-;    3;-;    7;-;   28;-;   61;-;   44;-;   21;-; 2471;-; 2397;-;   73;-;    1;-;    5;-;    2;-;   14;-;   38;-;   32;-;    6;-
4607;5027;05;A;  52;101214; 2;w;21; 1468;-; 1913;-;   66;-;   79;-; 1381;-; 1319;-;   59;-;    3;-;    2;-;    4;-;   13;-;   49;-;   36;-;   19;-; 1820;-; 1748;-;   72;-;    0;-;    1;-;    4;-;   19;-;   56;-;   44;-;   13;-
4607;5027;05;A;  52;101214; 2;w;22; 1072;-; 1561;-;   49;-;   49;-; 1009;-;  952;-;   54;-;    3;-;    2;-;    2;-;   11;-;   36;-;   30;-;   12;-; 1502;-; 1449;-;   50;-;    3;-;    0;-;    3;-;    3;-;   43;-;   30;-;   10;-
4607;5027;05;A;  52;101214; 2;w;23;  859;-; 1520;-;   48;-;   52;-;  802;-;  756;-;   46;-;    0;-;    2;-;    3;-;    8;-;   37;-;   28;-;    7;-; 1461;-; 1416;-;   45;-;    0;-;    2;-;    0;-;    8;-;   44;-;   31;-;    5;-
4607;5027;05;A;  52;101214; 2;w;24;  468;-;  928;-;   52;-;   46;-;  413;-;  387;-;   26;-;    0;-;    1;-;    1;-;   12;-;   39;-;   32;-;    2;-;  880;-;  840;-;   40;-;    0;-;    1;-;    4;-;    9;-;   33;-;   23;-;    1;-
4607;5027;05;A;  52;101215; 3;w;01;  252;-;  341;-;   33;-;   47;-;  217;-;  192;-;   24;-;    1;-;    0;-;    1;-;    3;-;   29;-;   21;-;    2;-;  294;-;  277;-;   17;-;    0;-;    0;-;    4;-;    6;-;   37;-;   29;-;    0;-
4607;5027;05;A;  52;101215; 3;w;02;  155;-;  204;-;   37;-;   36;-;  116;-;  102;-;   13;-;    1;-;    1;-;    2;-;    9;-;   26;-;   19;-;    1;-;  168;-;  147;-;   21;-;    0;-;    0;-;    0;-;    3;-;   33;-;   28;-;    0;-
4607;5027;05;A;  52;101215; 3;w;03;  143;-;  137;-;   48;-;   46;-;   93;-;   79;-;   14;-;    0;-;    0;-;    1;-;   11;-;   36;-;   23;-;    2;-;   91;-;   75;-;   16;-;    0;-;    0;-;    0;-;   10;-;   36;-;   19;-;    0;-
4607;5027;05;A;  52;101215; 3;w;04;  307;-;  209;-;   75;-;   85;-;  229;-;  203;-;   26;-;    0;-;    2;-;    0;-;   20;-;   55;-;   32;-;    1;-;  123;-;   91;-;   32;-;    0;-;    0;-;    0;-;   34;-;   51;-;   33;-;    1;-
4607;5027;05;A;  52;101215; 3;w;05;  786;-;  306;-;  112;-;   80;-;  667;-;  632;-;   34;-;    1;-;    1;-;    5;-;   34;-;   73;-;   55;-;    6;-;  225;-;  190;-;   35;-;    0;-;    1;-;    0;-;   33;-;   47;-;   30;-;    0;-
4607;5027;05;A;  52;101215; 3;w;06; 2532;-;  740;-;  173;-;  126;-; 2336;-; 2240;-;   87;-;    9;-;    3;-;    3;-;   72;-;   98;-;   73;-;   20;-;  606;-;  568;-;   38;-;    0;-;    2;-;    1;-;   35;-;   90;-;   59;-;    6;-
4607;5027;05;A;  52;101215; 3;w;07; 4371;-; 1974;-;  197;-;  143;-; 4123;-; 3973;-;  146;-;    4;-;   12;-;    4;-;   77;-;  116;-;   98;-;   39;-; 1823;-; 1734;-;   86;-;    3;-;    2;-;    0;-;   62;-;   81;-;   63;-;    6;-
4607;5027;05;A;  52;101215; 3;w;08; 5195;-; 3376;-;  179;-;  169;-; 4959;-; 4803;-;  143;-;   13;-;   13;-;    3;-;   84;-;   92;-;   68;-;   44;-; 3182;-; 3060;-;  122;-;    0;-;   12;-;    4;-;   80;-;   85;-;   73;-;   13;-
4607;5027;05;A;  52;101215; 3;w;09; 5244;-; 3688;-;  247;-;  196;-; 4940;-; 4767;-;  164;-;    9;-;   15;-;    5;-;  111;-;  131;-;   98;-;   42;-; 3466;-; 3332;-;  132;-;    2;-;   11;-;    7;-;   80;-;  109;-;   88;-;   15;-
4607;5027;05;A;  52;101215; 3;w;10; 4211;-; 2673;-;  269;-;  255;-; 3856;-; 3654;-;  197;-;    5;-;   16;-;    4;-;  105;-;  160;-;  121;-;   70;-; 2399;-; 2248;-;  149;-;    2;-;   10;-;    3;-;  125;-;  127;-;   92;-;    9;-
4607;5027;05;A;  52;101215; 3;w;11; 3129;-; 2327;-;  281;-;  259;-; 2788;-; 2597;-;  185;-;    6;-;   15;-;   13;-;  104;-;  164;-;  124;-;   45;-; 2049;-; 1862;-;  186;-;    1;-;   11;-;    6;-;  101;-;  152;-;  121;-;    8;-
4607;5027;05;A;  52;101215; 3;w;12; 2736;-; 2548;-;  220;-;  278;-; 2486;-; 2302;-;  179;-;    5;-;   10;-;    5;-;   87;-;  128;-;  104;-;   20;-; 2246;-; 2083;-;  163;-;    0;-;   17;-;    4;-;  109;-;  165;-;  122;-;    7;-
4607;5027;05;A;  52;101215; 3;w;13; 3019;-; 2819;-;  249;-;  245;-; 2727;-; 2560;-;  161;-;    6;-;   12;-;    1;-;   92;-;  156;-;  131;-;   31;-; 2553;-; 2369;-;  183;-;    1;-;   14;-;    5;-;  101;-;  139;-;  115;-;    7;-
4607;5027;05;A;  52;101215; 3;w;14; 3034;-; 3180;-;  208;-;  232;-; 2794;-; 2641;-;  150;-;    3;-;   15;-;    4;-;   69;-;  135;-;  104;-;   17;-; 2908;-; 2753;-;  155;-;    0;-;   21;-;    4;-;   82;-;  146;-;  121;-;   19;-
4607;5027;05;A;  52;101215; 3;w;15; 2914;-; 3496;-;  216;-;  232;-; 2654;-; 2507;-;  145;-;    2;-;   10;-;    2;-;   74;-;  140;-;  110;-;   34;-; 3202;-; 3033;-;  168;-;    1;-;   30;-;    8;-;   90;-;  134;-;   99;-;   32;-
4607;5027;05;A;  52;101215; 3;w;16; 2934;-; 3896;-;  195;-;  196;-; 2696;-; 2528;-;  163;-;    5;-;   13;-;    1;-;   91;-;  103;-;   82;-;   30;-; 3638;-; 3478;-;  157;-;    3;-;   18;-;    2;-;   65;-;  129;-;  105;-;   44;-
4607;5027;05;A;  52;101215; 3;w;17; 3268;-; 4192;-;  172;-;  167;-; 3068;-; 2920;-;  148;-;    0;-;   11;-;    4;-;   55;-;  113;-;   99;-;   17;-; 3957;-; 3805;-;  148;-;    4;-;   16;-;    7;-;   54;-;  106;-;   85;-;   52;-
4607;5027;05;A;  52;101215; 3;w;18; 3622;-; 4387;-;  154;-;  108;-; 3412;-; 3296;-;  106;-;   10;-;   12;-;    2;-;   53;-;   99;-;   76;-;   44;-; 4232;-; 4089;-;  143;-;    0;-;   16;-;    3;-;   27;-;   78;-;   60;-;   31;-
4607;5027;05;A;  52;101215; 3;w;19; 3432;-; 4138;-;  136;-;   93;-; 3264;-; 3162;-;   97;-;    5;-;    6;-;    3;-;   28;-;  105;-;   81;-;   26;-; 3988;-; 3893;-;   91;-;    4;-;   10;-;    1;-;   38;-;   54;-;   40;-;   47;-
4607;5027;05;A;  52;101215; 3;w;20; 2229;-; 2923;-;   85;-;   79;-; 2111;-; 2010;-;   99;-;    2;-;    5;-;    5;-;   15;-;   65;-;   54;-;   28;-; 2827;-; 2719;-;  107;-;    1;-;    7;-;    4;-;   15;-;   60;-;   46;-;   10;-
4607;5027;05;A;  52;101215; 3;w;21; 1580;-; 2224;-;   68;-;   75;-; 1504;-; 1433;-;   71;-;    0;-;    2;-;    6;-;   17;-;   45;-;   39;-;    6;-; 2137;-; 2062;-;   74;-;    1;-;    6;-;    5;-;   15;-;   55;-;   43;-;    6;-
4607;5027;05;A;  52;101215; 3;w;22; 1349;-; 1791;-;   59;-;   61;-; 1273;-; 1201;-;   66;-;    6;-;    3;-;    4;-;   15;-;   40;-;   26;-;   14;-; 1721;-; 1651;-;   68;-;    2;-;    1;-;    4;-;    8;-;   49;-;   34;-;    8;-
4607;5027;05;A;  52;101215; 3;w;23;  961;-; 1703;-;   42;-;   47;-;  915;-;  866;-;   46;-;    3;-;    0;-;    1;-;    4;-;   37;-;   32;-;    4;-; 1649;-; 1591;-;   58;-;    0;-;    0;-;    2;-;   10;-;   35;-;   27;-;    7;-
4607;5027;05;A;  52;101215; 3;w;24;  544;-; 1182;-;   43;-;   55;-;  500;-;  473;-;   27;-;    0;-;    0;-;    1;-;    7;-;   35;-;   28;-;    1;-; 1123;-; 1075;-;   47;-;    1;-;    0;-;    2;-;    9;-;   44;-;   36;-;    4;-
4607;5027;05;A;  52;101216; 4;w;01;  326;-;  456;-;   53;-;   52;-;  270;-;  242;-;   28;-;    0;-;    0;-;    2;-;   18;-;   33;-;   24;-;    3;-;  399;-;  374;-;   25;-;    0;-;    1;-;    4;-;    6;-;   42;-;   25;-;    4;-
4607;5027;05;A;  52;101216; 4;w;02;  164;-;  232;-;   34;-;   32;-;  130;-;  116;-;   13;-;    1;-;    0;-;    0;-;    6;-;   28;-;   24;-;    0;-;  199;-;  180;-;   18;-;    1;-;    1;-;    0;-;    4;-;   28;-;   20;-;    0;-
4607;5027;05;A;  52;101216; 4;w;03;  158;-;  136;-;   46;-;   49;-;  112;-;   95;-;   16;-;    1;-;    0;-;    0;-;   12;-;   34;-;   24;-;    0;-;   87;-;   70;-;   17;-;    0;-;    0;-;    0;-;   10;-;   39;-;   27;-;    0;-
4607;5027;05;A;  52;101216; 4;w;04;  322;-;  199;-;   69;-;   59;-;  252;-;  229;-;   23;-;    0;-;    0;-;    1;-;   16;-;   52;-;   32;-;    1;-;  139;-;  116;-;   23;-;    0;-;    0;-;    0;-;   19;-;   40;-;   27;-;    1;-
4607;5027;05;A;  52;101216; 4;w;05;  805;-;  323;-;  130;-;  103;-;  670;-;  640;-;   29;-;    1;-;    1;-;    7;-;   48;-;   75;-;   46;-;    4;-;  218;-;  187;-;   31;-;    0;-;    2;-;    1;-;   46;-;   56;-;   41;-;    0;-
4607;5027;05;A;  52;101216; 4;w;06; 2334;-;  727;-;  147;-;  122;-; 2155;-; 2055;-;   94;-;    6;-;    3;-;    3;-;   43;-;  101;-;   76;-;   29;-;  602;-;  568;-;   34;-;    0;-;    0;-;    2;-;   33;-;   87;-;   68;-;    3;-
4607;5027;05;A;  52;101216; 4;w;07; 4697;-; 1885;-;  223;-;  148;-; 4424;-; 4269;-;  151;-;    4;-;    9;-;    4;-;   99;-;  120;-;   89;-;   41;-; 1729;-; 1653;-;   75;-;    1;-;    4;-;    2;-;   62;-;   84;-;   65;-;    4;-
4607;5027;05;A;  52;101216; 4;w;08; 5451;-; 3243;-;  216;-;  172;-; 5155;-; 4982;-;  166;-;    7;-;   12;-;    8;-;   90;-;  118;-;   86;-;   68;-; 3041;-; 2900;-;  138;-;    3;-;   11;-;    2;-;   88;-;   82;-;   64;-;   19;-
4607;5027;05;A;  52;101216; 4;w;09; 4623;-; 3305;-;  235;-;  267;-; 4267;-; 4079;-;  178;-;   10;-;    8;-;    6;-;  105;-;  124;-;   98;-;  113;-; 3014;-; 2853;-;  160;-;    1;-;    5;-;    8;-;  118;-;  141;-;  113;-;   19;-
4607;5027;05;A;  52;101216; 4;w;10; 3152;-; 2428;-;  253;-;  281;-; 2860;-; 2695;-;  158;-;    7;-;    6;-;    7;-;   86;-;  160;-;  129;-;   33;-; 2123;-; 1945;-;  177;-;    1;-;   10;-;    6;-;  121;-;  154;-;  118;-;   14;-
4607;5027;05;A;  52;101216; 4;w;11; 2318;-; 2061;-;  236;-;  249;-; 2055;-; 1898;-;  156;-;    1;-;   10;-;    8;-;   85;-;  143;-;  120;-;   17;-; 1793;-; 1637;-;  153;-;    3;-;   14;-;    8;-;   77;-;  164;-;  130;-;    5;-
4607;5027;05;A;  52;101216; 4;w;12; 2232;-; 2232;-;  250;-;  237;-; 1950;-; 1797;-;  152;-;    1;-;    9;-;   14;-;   91;-;  145;-;  115;-;   23;-; 1978;-; 1806;-;  166;-;    6;-;   10;-;    4;-;   87;-;  146;-;  122;-;    7;-
4607;5027;05;A;  52;101216; 4;w;13; 2462;-; 2566;-;  221;-;  248;-; 2213;-; 2067;-;  143;-;    3;-;   15;-;    8;-;   78;-;  135;-;  108;-;   13;-; 2302;-; 2148;-;  154;-;    0;-;    4;-;    6;-;  100;-;  142;-;  107;-;   12;-
4607;5027;05;A;  52;101216; 4;w;14; 2520;-; 2746;-;  207;-;  189;-; 2295;-; 2189;-;  105;-;    1;-;    7;-;    4;-;   61;-;  142;-;  119;-;   11;-; 2468;-; 2363;-;  105;-;    0;-;   10;-;    3;-;   55;-;  131;-;  101;-;   79;-
4607;5027;05;A;  52;101216; 4;w;15; 1960;-; 2834;-;  180;-;  186;-; 1770;-; 1678;-;   90;-;    2;-;    6;-;    4;-;   72;-;  104;-;   79;-;    4;-; 2592;-; 2477;-;  111;-;    4;-;   12;-;    4;-;   74;-;  108;-;   91;-;   44;-
4607;5027;05;A;  52;101216; 4;w;16; 2079;-; 2397;-;  159;-;  117;-; 1899;-; 1813;-;   85;-;    1;-;    6;-;    3;-;   55;-;  101;-;   79;-;   15;-; 2224;-; 2133;-;   89;-;    2;-;    5;-;    4;-;   43;-;   70;-;   54;-;   51;-
4607;5027;05;A;  52;101216; 4;w;17; 2276;-; 2079;-;  124;-;  100;-; 2146;-; 2077;-;   64;-;    5;-;    5;-;    2;-;   41;-;   81;-;   62;-;    1;-; 1915;-; 1833;-;   82;-;    0;-;    4;-;    1;-;   30;-;   69;-;   51;-;   60;-
4607;5027;05;A;  52;101216; 4;w;18; 2051;-; 1718;-;   95;-;   63;-; 1946;-; 1883;-;   61;-;    2;-;    5;-;    5;-;   37;-;   53;-;   45;-;    5;-; 1426;-; 1349;-;   77;-;    0;-;    5;-;    3;-;   16;-;   44;-;   33;-;  224;-
4607;5027;05;A;  52;101216; 4;w;19; 1711;-; 1933;-;   89;-;   70;-; 1610;-; 1549;-;   56;-;    5;-;    4;-;    5;-;   30;-;   54;-;   44;-;    8;-; 1747;-; 1669;-;   77;-;    1;-;    4;-;    2;-;   23;-;   45;-;   35;-;  112;-
4607;5027;05;A;  52;101216; 4;w;20; 1145;-; 1734;-;   76;-;   76;-; 1057;-; 1023;-;   32;-;    2;-;    2;-;    2;-;   31;-;   43;-;   28;-;   10;-; 1616;-; 1559;-;   56;-;    1;-;    1;-;    4;-;   22;-;   50;-;   39;-;   41;-
4607;5027;05;A;  52;101216; 4;w;21; 1055;-; 1032;-;   75;-;   38;-;  974;-;  929;-;   43;-;    2;-;    2;-;    3;-;   27;-;   45;-;   34;-;    4;-;  989;-;  959;-;   30;-;    0;-;    1;-;    6;-;   11;-;   21;-;   15;-;    4;-
4607;5027;05;A;  52;101216; 4;w;22;  761;-; 1089;-;   55;-;   43;-;  703;-;  680;-;   22;-;    1;-;    2;-;    3;-;   23;-;   29;-;   25;-;    1;-; 1045;-; 1004;-;   41;-;    0;-;    1;-;    1;-;    9;-;   33;-;   20;-;    0;-
4607;5027;05;A;  52;101216; 4;w;23;  755;-; 1075;-;   54;-;   28;-;  698;-;  660;-;   37;-;    1;-;    0;-;    1;-;   17;-;   36;-;   21;-;    3;-; 1046;-; 1022;-;   23;-;    1;-;    0;-;    1;-;   11;-;   16;-;   12;-;    1;-
4607;5027;05;A;  52;101216; 4;w;24;  677;-;  916;-;   78;-;   36;-;  594;-;  573;-;   21;-;    0;-;    1;-;    0;-;   18;-;   60;-;   45;-;    4;-;  880;-;  854;-;   24;-;    2;-;    0;-;    2;-;    7;-;   27;-;   17;-;    0;-
4607;5027;05;A;  52;101217; 5;w;01;  624;-;  674;-;   79;-;   37;-;  540;-;  509;-;   30;-;    1;-;    3;-;    2;-;   17;-;   60;-;   44;-;    2;-;  636;-;  611;-;   25;-;    0;-;    0;-;    6;-;   11;-;   20;-;   12;-;    1;-
4607;5027;05;A;  52;101217; 5;w;02;  568;-;  357;-;   74;-;   18;-;  490;-;  455;-;   35;-;    0;-;    1;-;    1;-;   26;-;   47;-;   32;-;    3;-;  338;-;  311;-;   27;-;    0;-;    0;-;    0;-;    5;-;   13;-;   11;-;    1;-
4607;5027;05;A;  52;101217; 5;w;03;  268;-;  197;-;   42;-;   20;-;  221;-;  197;-;   24;-;    0;-;    4;-;    2;-;   14;-;   26;-;   19;-;    1;-;  175;-;  155;-;   20;-;    0;-;    1;-;    2;-;    5;-;   13;-;    6;-;    1;-
4607;5027;05;A;  52;101217; 5;w;04;  269;-;  178;-;   49;-;   37;-;  216;-;  204;-;   12;-;    0;-;    1;-;    2;-;   15;-;   32;-;   16;-;    3;-;  141;-;  126;-;   15;-;    0;-;    0;-;    0;-;   19;-;   18;-;   13;-;    0;-
4607;5027;05;A;  52;101217; 5;w;05;  670;-;  312;-;  101;-;   83;-;  565;-;  530;-;   34;-;    1;-;    3;-;    5;-;   42;-;   54;-;   40;-;    1;-;  228;-;  201;-;   27;-;    0;-;    1;-;    0;-;   28;-;   55;-;   39;-;    0;-
4607;5027;05;A;  52;101217; 5;w;06; 1548;-;  658;-;  131;-;  110;-; 1408;-; 1348;-;   57;-;    3;-;    6;-;    4;-;   47;-;   80;-;   63;-;    3;-;  546;-;  519;-;   26;-;    1;-;    2;-;    4;-;   34;-;   72;-;   56;-;    0;-
4607;5027;05;A;  52;101217; 5;w;07; 2102;-; 1392;-;  149;-;   90;-; 1939;-; 1888;-;   46;-;    5;-;    4;-;    5;-;   63;-;   81;-;   66;-;   10;-; 1245;-; 1183;-;   60;-;    2;-;    1;-;    0;-;   37;-;   53;-;   45;-;   56;-
4607;5027;05;A;  52;101217; 5;w;08; 2424;-; 1760;-;  113;-;   73;-; 2300;-; 2242;-;   53;-;    5;-;    5;-;    3;-;   58;-;   52;-;   41;-;    6;-; 1483;-; 1435;-;   48;-;    0;-;    3;-;    3;-;   49;-;   21;-;   12;-;  201;-
4607;5027;05;A;  52;101217; 5;w;09; 2622;-; 2475;-;  144;-;  180;-; 2470;-; 2391;-;   77;-;    2;-;    5;-;    4;-;   54;-;   86;-;   72;-;    3;-; 2176;-; 2106;-;   68;-;    2;-;    8;-;    4;-;   79;-;   97;-;   70;-;  111;-
4607;5027;05;A;  52;101217; 5;w;10; 2447;-; 1996;-;  173;-;  194;-; 2260;-; 2175;-;   80;-;    5;-;    6;-;    5;-;   50;-;  118;-;   98;-;    8;-; 1752;-; 1651;-;  101;-;    0;-;    5;-;    4;-;   83;-;  107;-;   70;-;   45;-
4607;5027;05;A;  52;101217; 5;w;11; 2398;-; 1676;-;  236;-;  178;-; 2154;-; 2063;-;   89;-;    2;-;    2;-;    6;-;   88;-;  142;-;  117;-;    6;-; 1490;-; 1366;-;  122;-;    2;-;    3;-;    4;-;   87;-;   87;-;   69;-;    5;-
4607;5027;05;A;  52;101217; 5;w;12; 2400;-; 1580;-;  288;-;  152;-; 2095;-; 1988;-;  104;-;    3;-;    7;-;    7;-;   98;-;  183;-;  143;-;   10;-; 1420;-; 1325;-;   95;-;    0;-;    3;-;    3;-;   53;-;   96;-;   77;-;    5;-
4607;5027;05;A;  52;101217; 5;w;13; 2724;-; 2719;-;  231;-;  277;-; 2471;-; 2339;-;  126;-;    6;-;    9;-;    9;-;   68;-;  154;-;  134;-;   13;-; 2433;-; 2314;-;  118;-;    1;-;    4;-;    6;-;  105;-;  166;-;  136;-;    5;-
4607;5027;05;A;  52;101217; 5;w;14; 3162;-; 2948;-;  262;-;  233;-; 2883;-; 2776;-;  104;-;    3;-;    5;-;    4;-;   97;-;  161;-;  121;-;   12;-; 2692;-; 2578;-;  112;-;    2;-;    9;-;   11;-;   74;-;  148;-;  111;-;   14;-
4607;5027;05;A;  52;101217; 5;w;15; 2838;-; 2814;-;  249;-;  177;-; 2576;-; 2467;-;  107;-;    2;-;    8;-;    6;-;   85;-;  158;-;  123;-;    5;-; 2616;-; 2526;-;   90;-;    0;-;   11;-;    5;-;   51;-;  121;-;  101;-;   10;-
4607;5027;05;A;  52;101217; 5;w;16; 2480;-; 3125;-;  196;-;  246;-; 2262;-; 2172;-;   87;-;    3;-;    7;-;    3;-;   70;-;  123;-;   93;-;   15;-; 2847;-; 2750;-;   96;-;    1;-;   17;-;   12;-;   81;-;  153;-;  115;-;   15;-
4607;5027;05;A;  52;101217; 5;w;17; 2549;-; 2847;-;  136;-;  219;-; 2394;-; 2307;-;   85;-;    2;-;    3;-;    6;-;   48;-;   82;-;   60;-;   16;-; 2510;-; 2397;-;  112;-;    1;-;   15;-;    2;-;   58;-;  159;-;  129;-;  103;-
4607;5027;05;A;  52;101217; 5;w;18; 2678;-; 2497;-;  154;-;  136;-; 2493;-; 2414;-;   75;-;    4;-;    6;-;   12;-;   57;-;   85;-;   60;-;   25;-; 2349;-; 2275;-;   69;-;    5;-;    5;-;    1;-;   36;-;   99;-;   84;-;    7;-
4607;5027;05;A;  52;101217; 5;w;19; 2397;-; 2199;-;  122;-;  105;-; 2264;-; 2201;-;   63;-;    0;-;    1;-;   11;-;   30;-;   81;-;   66;-;   10;-; 2081;-; 2022;-;   57;-;    2;-;    4;-;    8;-;   26;-;   71;-;   52;-;    9;-
4607;5027;05;A;  52;101217; 5;w;20; 1707;-; 1775;-;   77;-;   76;-; 1625;-; 1579;-;   43;-;    3;-;    3;-;    6;-;   25;-;   46;-;   38;-;    2;-; 1689;-; 1639;-;   48;-;    2;-;    3;-;    4;-;   15;-;   57;-;   49;-;    7;-
4607;5027;05;A;  52;101217; 5;w;21; 1260;-; 1063;-;   64;-;   61;-; 1192;-; 1158;-;   33;-;    1;-;    2;-;    6;-;   22;-;   36;-;   29;-;    2;-;  997;-;  967;-;   30;-;    0;-;    4;-;    5;-;   18;-;   38;-;   26;-;    1;-
4607;5027;05;A;  52;101217; 5;w;22; 1060;-; 1134;-;   63;-;   60;-;  990;-;  954;-;   36;-;    0;-;    3;-;    2;-;   21;-;   40;-;   32;-;    4;-; 1067;-; 1032;-;   34;-;    1;-;    0;-;    3;-;   17;-;   40;-;   27;-;    7;-
4607;5027;05;A;  52;101217; 5;w;23;  797;-; 1472;-;   42;-;   71;-;  751;-;  726;-;   25;-;    0;-;    2;-;    6;-;   16;-;   20;-;   15;-;    2;-; 1396;-; 1366;-;   28;-;    2;-;    3;-;    1;-;   16;-;   54;-;   36;-;    2;-
4607;5027;05;A;  52;101217; 5;w;24;  791;-; 1363;-;   37;-;   62;-;  753;-;  734;-;   19;-;    0;-;    0;-;    6;-;    7;-;   24;-;   20;-;    1;-; 1300;-; 1258;-;   42;-;    0;-;    1;-;   16;-;   15;-;   31;-;   21;-;    0;-
4607;5027;05;A;  52;101218; 6;w;01;  626;-;  969;-;   42;-;   36;-;  577;-;  547;-;   29;-;    1;-;    1;-;    2;-;   12;-;   28;-;   23;-;    6;-;  931;-;  913;-;   18;-;    0;-;    0;-;    4;-;    7;-;   25;-;   19;-;    2;-
4607;5027;05;A;  52;101218; 6;w;02;  389;-;  534;-;   44;-;   34;-;  343;-;  324;-;   19;-;    0;-;    1;-;    1;-;   13;-;   30;-;   24;-;    1;-;  496;-;  474;-;   22;-;    0;-;    1;-;    1;-;    5;-;   28;-;   21;-;    3;-
4607;5027;05;A;  52;101218; 6;w;03;  301;-;  391;-;   49;-;   27;-;  251;-;  238;-;   13;-;    0;-;    0;-;    4;-;    9;-;   36;-;   27;-;    1;-;  362;-;  336;-;   26;-;    0;-;    1;-;    1;-;    8;-;   18;-;   12;-;    1;-
4607;5027;05;A;  52;101218; 6;w;04;  376;-;  262;-;   36;-;   41;-;  339;-;  330;-;    9;-;    0;-;    1;-;    3;-;    9;-;   24;-;   19;-;    0;-;  220;-;  198;-;   22;-;    0;-;    1;-;    1;-;   15;-;   25;-;   17;-;    0;-
4607;5027;05;A;  52;101218; 6;w;05;  555;-;  342;-;   49;-;   59;-;  503;-;  474;-;   29;-;    0;-;    1;-;    6;-;   18;-;   25;-;   20;-;    2;-;  281;-;  262;-;   19;-;    0;-;    2;-;    2;-;   27;-;   30;-;   27;-;    0;-
4607;5027;05;A;  52;101218; 6;w;06;  879;-;  436;-;   69;-;   42;-;  805;-;  771;-;   32;-;    2;-;    4;-;    4;-;   29;-;   36;-;   31;-;    1;-;  394;-;  360;-;   34;-;    0;-;    0;-;    0;-;   21;-;   21;-;   16;-;    0;-
4607;5027;05;A;  52;101218; 6;w;07;  774;-;  559;-;   88;-;   52;-;  676;-;  644;-;   32;-;    0;-;    5;-;    5;-;   34;-;   49;-;   36;-;    5;-;  500;-;  467;-;   33;-;    0;-;    4;-;    5;-;   14;-;   33;-;   27;-;    3;-
4607;5027;05;A;  52;101218; 6;w;08;  988;-;  718;-;   60;-;   69;-;  915;-;  845;-;   70;-;    0;-;    7;-;    5;-;   19;-;   36;-;   32;-;    6;-;  641;-;  598;-;   43;-;    0;-;    6;-;    6;-;   21;-;   42;-;   34;-;    2;-
4607;5027;05;A;  52;101218; 6;w;09; 1263;-;  994;-;   79;-;   73;-; 1163;-; 1083;-;   79;-;    1;-;   12;-;    4;-;   29;-;   46;-;   38;-;    9;-;  914;-;  852;-;   62;-;    0;-;    4;-;    4;-;   32;-;   37;-;   33;-;    3;-
4607;5027;05;A;  52;101218; 6;w;10; 1805;-; 1471;-;   62;-;   71;-; 1724;-; 1629;-;   95;-;    0;-;    9;-;    4;-;   26;-;   32;-;   27;-;   10;-; 1387;-; 1313;-;   74;-;    0;-;    8;-;    3;-;   37;-;   31;-;   28;-;    5;-
4607;5027;05;A;  52;101218; 6;w;11; 2191;-; 1676;-;  101;-;   56;-; 2076;-; 1987;-;   89;-;    0;-;    4;-;   24;-;   37;-;   40;-;   30;-;   10;-; 1608;-; 1530;-;   78;-;    0;-;    5;-;    5;-;   20;-;   31;-;   24;-;    7;-
4607;5027;05;A;  52;101218; 6;w;12; 2325;-; 2044;-;   64;-;   59;-; 2238;-; 2156;-;   80;-;    2;-;    9;-;    9;-;   29;-;   26;-;   25;-;   14;-; 1972;-; 1905;-;   66;-;    1;-;   10;-;    3;-;   24;-;   32;-;   23;-;    3;-
4607;5027;05;A;  52;101218; 6;w;13; 2306;-; 2176;-;   60;-;   44;-; 2230;-; 2167;-;   63;-;    0;-;    5;-;    7;-;   22;-;   31;-;   30;-;   11;-; 2113;-; 2038;-;   75;-;    0;-;   13;-;    2;-;   18;-;   24;-;   21;-;    6;-
4607;5027;05;A;  52;101218; 6;w;14; 2093;-; 2382;-;   38;-;   55;-; 2034;-; 1957;-;   77;-;    0;-;   11;-;    1;-;   16;-;   21;-;   16;-;   10;-; 2312;-; 2228;-;   83;-;    1;-;    5;-;    5;-;   24;-;   26;-;   24;-;   10;-
4607;5027;05;A;  52;101218; 6;w;15; 2004;-; 2548;-;   50;-;   51;-; 1935;-; 1879;-;   55;-;    1;-;    9;-;    2;-;   28;-;   20;-;   19;-;   10;-; 2465;-; 2379;-;   85;-;    1;-;   16;-;    4;-;   25;-;   22;-;   18;-;   16;-
4607;5027;05;A;  52;101218; 6;w;16; 1815;-; 2183;-;   27;-;   41;-; 1766;-; 1701;-;   63;-;    2;-;    8;-;    1;-;    9;-;   17;-;   14;-;   14;-; 2131;-; 2062;-;   68;-;    1;-;    8;-;    6;-;   18;-;   17;-;   14;-;    3;-
4607;5027;05;A;  52;101218; 6;w;17; 1653;-; 1838;-;   27;-;   29;-; 1613;-; 1563;-;   48;-;    2;-;    4;-;    2;-;   16;-;    9;-;    8;-;    9;-; 1802;-; 1756;-;   46;-;    0;-;    2;-;    4;-;   11;-;   14;-;    9;-;    5;-
4607;5027;05;A;  52;101218; 6;w;18; 1168;-; 1640;-;   18;-;   22;-; 1136;-; 1097;-;   35;-;    4;-;    1;-;    2;-;   10;-;    6;-;    3;-;   13;-; 1609;-; 1568;-;   41;-;    0;-;    4;-;    8;-;    4;-;   10;-;    6;-;    5;-
4607;5027;05;A;  52;101218; 6;w;19; 1788;-; 1643;-;   16;-;   20;-; 1767;-; 1714;-;   49;-;    4;-;    1;-;    4;-;    7;-;    5;-;    3;-;    4;-; 1609;-; 1565;-;   42;-;    2;-;    9;-;    6;-;    8;-;    6;-;    4;-;    5;-
4607;5027;05;A;  52;101218; 6;w;20; 1367;-; 1298;-;   19;-;   22;-; 1335;-; 1301;-;   31;-;    3;-;    3;-;    3;-;   11;-;    5;-;    5;-;   10;-; 1271;-; 1241;-;   30;-;    0;-;    1;-;    7;-;    8;-;    7;-;    3;-;    4;-
4607;5027;05;A;  52;101218; 6;w;21; 1053;-; 1083;-;   19;-;    7;-; 1022;-;  990;-;   31;-;    1;-;    2;-;    3;-;   13;-;    3;-;    2;-;   10;-; 1071;-; 1036;-;   35;-;    0;-;    3;-;    1;-;    3;-;    3;-;    2;-;    2;-
4607;5027;05;A;  52;101218; 6;w;22;  841;-;  975;-;   16;-;    7;-;  822;-;  789;-;   31;-;    2;-;    1;-;    4;-;    6;-;    6;-;    5;-;    2;-;  962;-;  927;-;   35;-;    0;-;    4;-;    2;-;    4;-;    1;-;    1;-;    2;-
4607;5027;05;A;  52;101218; 6;w;23;  736;-;  844;-;   11;-;   14;-;  724;-;  712;-;   12;-;    0;-;    1;-;    2;-;    7;-;    2;-;    1;-;    0;-;  829;-;  814;-;   14;-;    1;-;    1;-;    4;-;    6;-;    4;-;    3;-;    0;-
4607;5027;05;A;  52;101218; 6;w;24;  762;-;  712;-;   12;-;    7;-;  748;-;  731;-;   16;-;    1;-;    0;-;    2;-;    7;-;    3;-;    2;-;    2;-;  702;-;  677;-;   25;-;    0;-;    0;-;    1;-;    4;-;    2;-;    1;-;    3;-
4607;5027;05;A;  52;101219; 7;s;01;  553;-;  686;-;    8;-;    7;-;  542;-;  536;-;    6;-;    0;-;    0;-;    0;-;    6;-;    2;-;    2;-;    3;-;  677;-;  660;-;   17;-;    0;-;    1;-;    1;-;    4;-;    2;-;    1;-;    1;-
4607;5027;05;A;  52;101219; 7;s;02;  341;-;  414;-;    8;-;    8;-;  327;-;  312;-;   13;-;    2;-;    0;-;    0;-;    6;-;    2;-;    1;-;    6;-;  398;-;  384;-;   14;-;    0;-;    0;-;    3;-;    3;-;    2;-;    1;-;    8;-
4607;5027;05;A;  52;101219; 7;s;03;  238;-;  230;-;    8;-;   11;-;  221;-;  214;-;    5;-;    2;-;    0;-;    0;-;    4;-;    4;-;    4;-;    9;-;  216;-;  205;-;    5;-;    6;-;    0;-;    0;-;    6;-;    5;-;    5;-;    3;-
4607;5027;05;A;  52;101219; 7;s;04;  295;-;  179;-;   13;-;    6;-;  272;-;  257;-;    9;-;    6;-;    1;-;    0;-;    8;-;    5;-;    5;-;    9;-;  168;-;  153;-;   11;-;    4;-;    0;-;    0;-;    4;-;    2;-;    2;-;    5;-
4607;5027;05;A;  52;101219; 7;s;05;  389;-;  206;-;   10;-;    7;-;  375;-;  363;-;   10;-;    2;-;    0;-;    0;-;    4;-;    6;-;    4;-;    4;-;  191;-;  177;-;    9;-;    5;-;    0;-;    0;-;    5;-;    2;-;    2;-;    8;-
4607;5027;05;A;  52;101219; 7;s;06;  551;-;  281;-;   11;-;   10;-;  539;-;  524;-;   10;-;    5;-;    0;-;    1;-;    3;-;    7;-;    4;-;    1;-;  265;-;  251;-;   14;-;    0;-;    1;-;    1;-;    6;-;    3;-;    2;-;    5;-
4607;5027;05;A;  52;101219; 7;s;07;  409;-;  369;-;   14;-;    7;-;  393;-;  384;-;    9;-;    0;-;    2;-;    3;-;    5;-;    6;-;    5;-;    0;-;  359;-;  343;-;   16;-;    0;-;    3;-;    2;-;    3;-;    2;-;    2;-;    0;-
4607;5027;05;A;  52;101219; 7;s;08;  458;-;  336;-;   19;-;   10;-;  431;-;  406;-;   25;-;    0;-;    7;-;    2;-;   10;-;    7;-;    4;-;    1;-;  324;-;  307;-;   17;-;    0;-;    2;-;    3;-;    1;-;    6;-;    5;-;    0;-
4607;5027;05;A;  52;101219; 7;s;09;  653;-;  405;-;   12;-;   14;-;  636;-;  596;-;   38;-;    2;-;    2;-;    0;-;    4;-;    8;-;    7;-;    3;-;  391;-;  371;-;   20;-;    0;-;    0;-;    5;-;    3;-;    6;-;    6;-;    0;-
4607;5027;05;A;  52;101219; 7;s;10;  824;-;  754;-;   16;-;   17;-;  793;-;  741;-;   52;-;    0;-;   12;-;    2;-;    5;-;    9;-;    9;-;    3;-;  735;-;  711;-;   24;-;    0;-;    2;-;    6;-;    4;-;    7;-;    7;-;    0;-
4607;5027;05;A;  52;101219; 7;s;11;  965;-; 1291;-;   14;-;   16;-;  947;-;  912;-;   33;-;    2;-;    4;-;    2;-;    3;-;    9;-;    7;-;    0;-; 1272;-; 1233;-;   39;-;    0;-;    1;-;    2;-;    5;-;    9;-;    7;-;    2;-
4607;5027;05;A;  52;101219; 7;s;12; 1096;-; 1412;-;   17;-;   21;-; 1072;-; 1029;-;   42;-;    1;-;    0;-;    6;-;    6;-;    5;-;    5;-;    7;-; 1388;-; 1346;-;   42;-;    0;-;    2;-;    0;-;   11;-;   10;-;    9;-;    1;-
4607;5027;05;A;  52;101219; 7;s;13; 1364;-; 1454;-;   14;-;    9;-; 1342;-; 1290;-;   52;-;    0;-;    0;-;    2;-;    7;-;    5;-;    4;-;    8;-; 1442;-; 1399;-;   42;-;    1;-;    2;-;    0;-;    4;-;    5;-;    4;-;    1;-
4607;5027;05;A;  52;101219; 7;s;14; 1550;-; 1655;-;    9;-;   16;-; 1530;-; 1478;-;   49;-;    3;-;    2;-;    0;-;    6;-;    3;-;    3;-;    9;-; 1634;-; 1588;-;   46;-;    0;-;    3;-;    2;-;    9;-;    5;-;    5;-;    2;-
4607;5027;05;A;  52;101219; 7;s;15; 1603;-; 2003;-;   14;-;   15;-; 1577;-; 1530;-;   45;-;    2;-;    7;-;    1;-;    5;-;    8;-;    8;-;    5;-; 1982;-; 1934;-;   48;-;    0;-;    5;-;    3;-;    6;-;    6;-;    4;-;    1;-
4607;5027;05;A;  52;101219; 7;s;16; 1653;-; 1599;-;   10;-;   11;-; 1631;-; 1595;-;   35;-;    1;-;    3;-;    1;-;    3;-;    6;-;    6;-;    9;-; 1578;-; 1548;-;   30;-;    0;-;    7;-;    2;-;    6;-;    3;-;    3;-;    3;-
4607;5027;05;A;  52;101219; 7;s;17; 1574;-; 1368;-;   16;-;   16;-; 1550;-; 1528;-;   20;-;    2;-;    3;-;    2;-;    7;-;    7;-;    6;-;    5;-; 1329;-; 1281;-;   46;-;    2;-;   20;-;    1;-;   10;-;    5;-;    5;-;    3;-
4607;5027;05;A;  52;101219; 7;s;18; 1615;-; 1269;-;   15;-;   19;-; 1586;-; 1558;-;   25;-;    3;-;    5;-;    2;-;    9;-;    4;-;    3;-;    9;-; 1242;-; 1210;-;   32;-;    0;-;    7;-;    4;-;    9;-;    6;-;    6;-;    1;-
4607;5027;05;A;  52;101219; 7;s;19; 1369;-; 1283;-;   13;-;   11;-; 1339;-; 1317;-;   20;-;    2;-;    2;-;    3;-;    4;-;    6;-;    4;-;   15;-; 1267;-; 1235;-;   31;-;    1;-;    3;-;    3;-;    2;-;    6;-;    4;-;    2;-
4607;5027;05;A;  52;101219; 7;s;20; 1037;-;  989;-;   17;-;   16;-; 1008;-;  987;-;   20;-;    1;-;    2;-;    0;-;    6;-;   11;-;   10;-;   10;-;  968;-;  943;-;   25;-;    0;-;    3;-;    6;-;    2;-;    8;-;    7;-;    2;-
4607;5027;05;A;  52;101219; 7;s;21;  992;-;  799;-;   31;-;   11;-;  959;-;  948;-;   11;-;    0;-;    0;-;    9;-;   12;-;   10;-;    9;-;    2;-;  786;-;  772;-;   13;-;    1;-;    2;-;    1;-;    0;-;   10;-;    8;-;    0;-
4607;5027;05;A;  52;101219; 7;s;22;  847;-;  766;-;   33;-;   22;-;  810;-;  785;-;   25;-;    0;-;    0;-;    4;-;   10;-;   19;-;   13;-;    4;-;  741;-;  721;-;   19;-;    1;-;    2;-;   11;-;    5;-;    6;-;    6;-;    1;-
4607;5027;05;A;  52;101219; 7;s;23;  643;-;  660;-;   23;-;   15;-;  611;-;  593;-;   18;-;    0;-;    1;-;    6;-;    7;-;   10;-;    6;-;    8;-;  642;-;  623;-;   19;-;    0;-;    2;-;    4;-;    5;-;    6;-;    6;-;    1;-
4607;5027;05;A;  52;101219; 7;s;24;  517;-;  535;-;   24;-;   16;-;  490;-;  480;-;   10;-;    0;-;    2;-;    1;-;   11;-;   12;-;   11;-;    1;-;  515;-;  494;-;   21;-;    0;-;    1;-;    3;-;    6;-;    7;-;    4;-;    3;-
4607;5027;05;A;  52;101220; 1;w;01;  276;-;  376;-;   17;-;   18;-;  259;-;  245;-;   13;-;    1;-;    0;-;    1;-;    6;-;   10;-;    5;-;    0;-;  357;-;  345;-;   12;-;    0;-;    1;-;    5;-;    9;-;    4;-;    4;-;    0;-
4607;5027;05;A;  52;101220; 1;w;02;  150;-;  230;-;   16;-;   14;-;  134;-;  116;-;   18;-;    0;-;    0;-;    1;-;    8;-;    7;-;    5;-;    0;-;  216;-;  201;-;   15;-;    0;-;    0;-;    2;-;    7;-;    5;-;    3;-;    0;-
4607;5027;05;A;  52;101220; 1;w;03;  174;-;  133;-;   18;-;   19;-;  156;-;  147;-;    9;-;    0;-;    0;-;    0;-;    6;-;   12;-;   10;-;    0;-;  114;-;   99;-;   15;-;    0;-;    0;-;    1;-;    9;-;    9;-;    6;-;    0;-
4607;5027;05;A;  52;101220; 1;w;04;  292;-;  154;-;   26;-;   30;-;  265;-;  250;-;   15;-;    0;-;    1;-;    0;-;   14;-;   12;-;    7;-;    0;-;  124;-;  106;-;   18;-;    0;-;    0;-;    0;-;   10;-;   20;-;    6;-;    0;-
4607;5027;05;A;  52;101220; 1;w;05;  748;-;  236;-;   46;-;   27;-;  700;-;  676;-;   24;-;    0;-;    1;-;    4;-;   19;-;   23;-;   15;-;    1;-;  206;-;  189;-;   17;-;    0;-;    3;-;    1;-;   16;-;   10;-;    7;-;    0;-
4607;5027;05;A;  52;101220; 1;w;06; 2151;-;  630;-;   59;-;   29;-; 2082;-; 2028;-;   53;-;    1;-;    0;-;    2;-;   39;-;   18;-;   16;-;   10;-;  599;-;  573;-;   26;-;    0;-;    0;-;    1;-;   15;-;   13;-;   10;-;    2;-
4607;5027;05;A;  52;101220; 1;w;07; 3643;-; 1648;-;   74;-;   44;-; 3562;-; 3487;-;   74;-;    1;-;    2;-;    4;-;   44;-;   26;-;   21;-;    5;-; 1601;-; 1542;-;   59;-;    0;-;    2;-;    0;-;   30;-;   14;-;   12;-;    1;-
4607;5027;05;A;  52;101220; 1;w;08; 4093;-; 2404;-;  108;-;   61;-; 3967;-; 3863;-;  102;-;    2;-;    7;-;    9;-;   57;-;   42;-;   38;-;   11;-; 2340;-; 2267;-;   73;-;    0;-;    2;-;    3;-;   38;-;   20;-;   17;-;    1;-
4607;5027;05;A;  52;101220; 1;w;09; 3930;-; 2553;-;  112;-;   71;-; 3803;-; 3678;-;  123;-;    2;-;    6;-;    4;-;   56;-;   52;-;   45;-;    9;-; 2477;-; 2403;-;   74;-;    0;-;    2;-;    1;-;   46;-;   24;-;   21;-;    3;-
4607;5027;05;A;  52;101220; 1;w;10; 3015;-; 2213;-;  115;-;   98;-; 2880;-; 2762;-;  113;-;    5;-;   10;-;    2;-;   62;-;   51;-;   40;-;   10;-; 2108;-; 1982;-;  123;-;    3;-;    4;-;    3;-;   63;-;   32;-;   21;-;    3;-
4607;5027;05;A;  52;101220; 1;w;11; 2398;-; 1980;-;  164;-;  137;-; 2223;-; 2096;-;  127;-;    0;-;    6;-;    4;-;   64;-;   96;-;   77;-;    5;-; 1836;-; 1707;-;  129;-;    0;-;    5;-;    2;-;   72;-;   63;-;   50;-;    2;-
4607;5027;05;A;  52;101220; 1;w;12; 2411;-; 1932;-;  248;-;  181;-; 2140;-; 2023;-;  116;-;    1;-;   12;-;    1;-;   63;-;  184;-;  153;-;   11;-; 1746;-; 1610;-;  135;-;    1;-;    4;-;    6;-;   68;-;  107;-;   82;-;    1;-
4607;5027;05;A;  52;101220; 1;w;13; 2477;-; 2224;-;  214;-;  184;-; 2239;-; 2107;-;  130;-;    2;-;    5;-;    5;-;   81;-;  128;-;  106;-;   19;-; 2033;-; 1906;-;  127;-;    0;-;    4;-;    1;-;   69;-;  114;-;   95;-;    3;-
4607;5027;05;A;  52;101220; 1;w;14; 2496;-; 2626;-;  190;-;  201;-; 2278;-; 2163;-;  112;-;    3;-;   10;-;    4;-;   55;-;  131;-;  111;-;   18;-; 2410;-; 2276;-;  134;-;    0;-;   11;-;    6;-;   65;-;  130;-;  104;-;    4;-
4607;5027;05;A;  52;101220; 1;w;15; 2210;-; 3198;-;  202;-;  200;-; 1988;-; 1850;-;  132;-;    6;-;    8;-;    4;-;   69;-;  129;-;  104;-;   12;-; 2988;-; 2854;-;  133;-;    1;-;    6;-;    6;-;   66;-;  128;-;  103;-;    4;-
4607;5027;05;A;  52;101220; 1;w;16; 2276;-; 3456;-;  186;-;  184;-; 2076;-; 1956;-;  117;-;    3;-;    9;-;    3;-;   68;-;  115;-;   86;-;    5;-; 3240;-; 3116;-;  123;-;    1;-;   10;-;    9;-;   67;-;  108;-;   78;-;   22;-
4607;5027;05;A;  52;101220; 1;w;17; 2414;-; 3638;-;  161;-;  161;-; 2235;-; 2114;-;  118;-;    3;-;    5;-;    4;-;   64;-;   93;-;   78;-;   13;-; 3445;-; 3346;-;   96;-;    3;-;   12;-;    5;-;   51;-;  105;-;   87;-;   20;-
4607;5027;05;A;  52;101220; 1;w;18; 2578;-; 3518;-;  125;-;  116;-; 2431;-; 2340;-;   89;-;    2;-;    4;-;    3;-;   42;-;   80;-;   65;-;   18;-; 3381;-; 3273;-;  106;-;    2;-;    8;-;    5;-;   30;-;   81;-;   63;-;   13;-
4607;5027;05;A;  52;101220; 1;w;19; 2325;-; 3218;-;   98;-;  107;-; 2209;-; 2151;-;   54;-;    4;-;    3;-;    2;-;   24;-;   72;-;   61;-;   15;-; 3090;-; 3033;-;   56;-;    1;-;    5;-;    2;-;   39;-;   66;-;   53;-;   16;-
4607;5027;05;A;  52;101220; 1;w;20; 1817;-; 2398;-;   97;-;   99;-; 1704;-; 1656;-;   42;-;    6;-;    3;-;    3;-;   23;-;   71;-;   50;-;   13;-; 2292;-; 2229;-;   62;-;    1;-;    2;-;    0;-;   28;-;   71;-;   53;-;    5;-
4607;5027;05;A;  52;101220; 1;w;21; 1234;-; 1610;-;   72;-;   82;-; 1156;-; 1108;-;   46;-;    2;-;    1;-;    2;-;   20;-;   50;-;   38;-;    5;-; 1520;-; 1472;-;   47;-;    1;-;    5;-;    5;-;   17;-;   60;-;   47;-;    3;-
4607;5027;05;A;  52;101220; 1;w;22; 1161;-; 1192;-;   74;-;   71;-; 1075;-; 1026;-;   48;-;    1;-;    3;-;    2;-;   24;-;   48;-;   27;-;    9;-; 1119;-; 1067;-;   51;-;    1;-;    1;-;    2;-;   10;-;   59;-;   40;-;    1;-
4607;5027;05;A;  52;101220; 1;w;23;  715;-; 1215;-;   47;-;   79;-;  663;-;  624;-;   39;-;    0;-;    0;-;    1;-;   10;-;   36;-;   31;-;    5;-; 1134;-; 1104;-;   30;-;    0;-;    1;-;    1;-;   16;-;   62;-;   44;-;    1;-
4607;5027;05;A;  52;101220; 1;w;24;  385;-;  686;-;   47;-;   53;-;  335;-;  316;-;   19;-;    0;-;    1;-;    0;-;   11;-;   36;-;   27;-;    2;-;  630;-;  608;-;   22;-;    0;-;    1;-;    2;-;   13;-;   38;-;   22;-;    2;-
4607;5027;05;A;  52;101221; 2;w;01;  240;-;  439;-;   41;-;   55;-;  199;-;  174;-;   25;-;    0;-;    0;-;    0;-;    5;-;   36;-;   24;-;    0;-;  382;-;  349;-;   33;-;    0;-;    1;-;    4;-;    9;-;   42;-;   35;-;    1;-
4607;5027;05;A;  52;101221; 2;w;02;  143;-;  192;-;   46;-;   39;-;   97;-;   80;-;   17;-;    0;-;    0;-;    2;-;   10;-;   34;-;   27;-;    0;-;  153;-;  140;-;   13;-;    0;-;    0;-;    0;-;    8;-;   31;-;   21;-;    0;-
4607;5027;05;A;  52;101221; 2;w;03;  156;-;  157;-;   47;-;   52;-;  108;-;   98;-;   10;-;    0;-;    1;-;    1;-;   12;-;   34;-;   25;-;    0;-;  105;-;   87;-;   18;-;    0;-;    0;-;    0;-;   10;-;   42;-;   29;-;    0;-
4607;5027;05;A;  52;101221; 2;w;04;  300;-;  164;-;   67;-;   48;-;  232;-;  209;-;   23;-;    0;-;    1;-;    0;-;   24;-;   43;-;   26;-;    0;-;  115;-;   96;-;   19;-;    0;-;    1;-;    0;-;   18;-;   30;-;   22;-;    0;-
4607;5027;05;A;  52;101221; 2;w;05;  699;-;  270;-;   98;-;   95;-;  598;-;  576;-;   22;-;    0;-;    1;-;    6;-;   35;-;   57;-;   42;-;    2;-;  175;-;  151;-;   24;-;    0;-;    0;-;    0;-;   45;-;   50;-;   32;-;    0;-
4607;5027;05;A;  52;101221; 2;w;06; 2237;-;  663;-;  169;-;  114;-; 2055;-; 1985;-;   67;-;    3;-;    3;-;    5;-;   73;-;   91;-;   66;-;   10;-;  543;-;  499;-;   43;-;    1;-;    3;-;    2;-;   38;-;   74;-;   50;-;    3;-
4607;5027;05;A;  52;101221; 2;w;07; 3924;-; 1756;-;  184;-;  150;-; 3717;-; 3586;-;  126;-;    5;-;    3;-;    3;-;   68;-;  113;-;   84;-;   20;-; 1593;-; 1515;-;   78;-;    0;-;    2;-;    0;-;   58;-;   92;-;   66;-;   11;-
4607;5027;05;A;  52;101221; 2;w;08; 4464;-; 2793;-;  169;-;  169;-; 4248;-; 4127;-;  114;-;    7;-;   10;-;    8;-;   65;-;   96;-;   78;-;   37;-; 2610;-; 2520;-;   89;-;    1;-;    6;-;    3;-;   77;-;   89;-;   63;-;    8;-
4607;5027;05;A;  52;101221; 2;w;09; 4276;-; 2910;-;  225;-;  212;-; 3981;-; 3852;-;  121;-;    8;-;    7;-;    2;-;   89;-;  134;-;  106;-;   63;-; 2677;-; 2574;-;  103;-;    0;-;    1;-;    3;-;   92;-;  117;-;   91;-;   20;-
4607;5027;05;A;  52;101221; 2;w;10; 3670;-; 2165;-;  277;-;  193;-; 3337;-; 3168;-;  167;-;    2;-;   12;-;    6;-;  110;-;  161;-;  128;-;   44;-; 1955;-; 1806;-;  148;-;    1;-;   10;-;    6;-;   85;-;  102;-;   80;-;    7;-
4607;5027;05;A;  52;101221; 2;w;11; 2575;-; 1980;-;  226;-;  206;-; 2308;-; 2173;-;  131;-;    4;-;    8;-;    4;-;   84;-;  138;-;  111;-;   33;-; 1760;-; 1596;-;  164;-;    0;-;    8;-;    1;-;   87;-;  118;-;   85;-;    6;-
4607;5027;05;A;  52;101221; 2;w;12; 2637;-; 2145;-;  242;-;  227;-; 2357;-; 2198;-;  154;-;    5;-;   13;-;    5;-;   88;-;  149;-;  124;-;   25;-; 1897;-; 1752;-;  145;-;    0;-;    6;-;    3;-;   92;-;  132;-;  102;-;   15;-
4607;5027;05;A;  52;101221; 2;w;13; 2757;-; 2405;-;  264;-;  187;-; 2449;-; 2304;-;  142;-;    3;-;   21;-;    3;-;   90;-;  171;-;  138;-;   23;-; 2202;-; 2052;-;  150;-;    0;-;    8;-;    4;-;   69;-;  114;-;   92;-;    8;-
4607;5027;05;A;  52;101221; 2;w;14; 2782;-; 2895;-;  216;-;  174;-; 2531;-; 2378;-;  151;-;    2;-;    9;-;    0;-;   78;-;  138;-;  110;-;   26;-; 2696;-; 2536;-;  160;-;    0;-;   14;-;    6;-;   73;-;   95;-;   74;-;   11;-
4607;5027;05;A;  52;101221; 2;w;15; 2601;-; 3493;-;  225;-;  211;-; 2328;-; 2167;-;  156;-;    5;-;    9;-;    0;-;   69;-;  156;-;  126;-;   39;-; 3235;-; 3069;-;  165;-;    1;-;   16;-;    5;-;   88;-;  118;-;   89;-;   31;-
4607;5027;05;A;  52;101221; 2;w;16; 2676;-; 3754;-;  239;-;  185;-; 2413;-; 2250;-;  161;-;    2;-;   11;-;    1;-;   92;-;  146;-;  125;-;   13;-; 3539;-; 3401;-;  135;-;    3;-;   15;-;    2;-;   68;-;  115;-;   92;-;   15;-
4607;5027;05;A;  52;101221; 2;w;17; 2991;-; 3862;-;  174;-;  159;-; 2788;-; 2640;-;  145;-;    3;-;   10;-;    5;-;   69;-;  100;-;   75;-;   19;-; 3637;-; 3518;-;  117;-;    2;-;   26;-;    2;-;   51;-;  106;-;   80;-;   40;-
4607;5027;05;A;  52;101221; 2;w;18; 2897;-; 3889;-;  155;-;  154;-; 2721;-; 2628;-;   90;-;    3;-;    5;-;    2;-;   49;-;  104;-;   84;-;   16;-; 3704;-; 3601;-;   99;-;    4;-;   10;-;    4;-;   44;-;  106;-;   74;-;   21;-
4607;5027;05;A;  52;101221; 2;w;19; 2615;-; 3527;-;  127;-;  116;-; 2466;-; 2398;-;   64;-;    4;-;    7;-;    1;-;   51;-;   75;-;   62;-;   15;-; 3391;-; 3307;-;   80;-;    4;-;    3;-;    5;-;   43;-;   68;-;   56;-;   17;-
4607;5027;05;A;  52;101221; 2;w;20; 1949;-; 2504;-;   78;-;   86;-; 1859;-; 1782;-;   77;-;    0;-;    1;-;    0;-;   18;-;   60;-;   49;-;   11;-; 2409;-; 2324;-;   84;-;    1;-;    3;-;    3;-;   28;-;   55;-;   42;-;    6;-
4607;5027;05;A;  52;101221; 2;w;21; 1385;-; 1733;-;   68;-;   83;-; 1304;-; 1227;-;   76;-;    1;-;    2;-;    4;-;   18;-;   46;-;   34;-;   11;-; 1643;-; 1572;-;   70;-;    1;-;    3;-;    6;-;   12;-;   65;-;   44;-;    4;-
4607;5027;05;A;  52;101221; 2;w;22; 1047;-; 1268;-;   60;-;   56;-;  983;-;  946;-;   37;-;    0;-;    1;-;    1;-;   15;-;   44;-;   33;-;    3;-; 1203;-; 1153;-;   50;-;    0;-;    3;-;    1;-;    8;-;   47;-;   36;-;    6;-
4607;5027;05;A;  52;101221; 2;w;23;  782;-; 1174;-;   67;-;   63;-;  707;-;  656;-;   51;-;    0;-;    1;-;    4;-;   14;-;   49;-;   32;-;    7;-; 1106;-; 1063;-;   43;-;    0;-;    1;-;    0;-;   15;-;   48;-;   36;-;    4;-
4607;5027;05;A;  52;101221; 2;w;24;  472;-;  835;-;   41;-;   53;-;  427;-;  382;-;   44;-;    1;-;    2;-;    5;-;    6;-;   30;-;   17;-;    2;-;  779;-;  742;-;   36;-;    1;-;    1;-;    4;-;   13;-;   36;-;   25;-;    2;-
4607;5027;05;A;  52;101222; 3;w;01;  290;-;  372;-;   40;-;   46;-;  247;-;  227;-;   19;-;    1;-;    0;-;    0;-;   16;-;   24;-;   16;-;    3;-;  326;-;  305;-;   21;-;    0;-;    0;-;    3;-;    7;-;   36;-;   21;-;    0;-
4607;5027;05;A;  52;101222; 3;w;02;  185;-;  221;-;   50;-;   40;-;  132;-;  115;-;   17;-;    0;-;    0;-;    1;-;    9;-;   40;-;   29;-;    3;-;  180;-;  160;-;   20;-;    0;-;    1;-;    2;-;    5;-;   33;-;   27;-;    0;-
4607;5027;05;A;  52;101222; 3;w;03;  152;-;  156;-;   40;-;   33;-;  111;-;   97;-;   14;-;    0;-;    0;-;    1;-;   10;-;   29;-;   18;-;    1;-;  123;-;  103;-;   20;-;    0;-;    0;-;    0;-;    8;-;   25;-;   14;-;    0;-
4607;5027;05;A;  52;101222; 3;w;04;  327;-;  197;-;   55;-;   50;-;  270;-;  244;-;   26;-;    0;-;    2;-;    1;-;   21;-;   33;-;   26;-;    0;-;  147;-;  128;-;   18;-;    1;-;    0;-;    0;-;   19;-;   31;-;   18;-;    0;-
4607;5027;05;A;  52;101222; 3;w;05;  660;-;  323;-;   94;-;   94;-;  562;-;  530;-;   32;-;    0;-;    1;-;    5;-;   31;-;   58;-;   42;-;    3;-;  229;-;  202;-;   27;-;    0;-;    0;-;    2;-;   48;-;   44;-;   29;-;    0;-
4607;5027;05;A;  52;101222; 3;w;06; 2106;-;  659;-;  157;-;  104;-; 1937;-; 1859;-;   77;-;    1;-;    3;-;    4;-;   54;-;   99;-;   68;-;    9;-;  552;-;  520;-;   32;-;    0;-;    1;-;    0;-;   43;-;   61;-;   43;-;    2;-
4607;5027;05;A;  52;101222; 3;w;07; 4322;-; 1622;-;  207;-;  143;-; 4080;-; 3929;-;  149;-;    2;-;   10;-;    1;-;   80;-;  126;-;  102;-;   25;-; 1468;-; 1387;-;   80;-;    1;-;    6;-;    1;-;   58;-;   84;-;   71;-;    5;-
4607;5027;05;A;  52;101222; 3;w;08; 4509;-; 2640;-;  198;-;  154;-; 4234;-; 4084;-;  145;-;    5;-;   12;-;    5;-;   75;-;  118;-;   91;-;   65;-; 2474;-; 2362;-;  112;-;    0;-;    6;-;    3;-;   75;-;   76;-;   54;-;    6;-
4607;5027;05;A;  52;101222; 3;w;09; 4115;-; 3042;-;  198;-;  205;-; 3859;-; 3698;-;  157;-;    4;-;   16;-;    3;-;   98;-;   97;-;   72;-;   42;-; 2816;-; 2672;-;  142;-;    2;-;   10;-;    5;-;   88;-;  112;-;   82;-;   11;-
4607;5027;05;A;  52;101222; 3;w;10; 3178;-; 2433;-;  230;-;  242;-; 2879;-; 2682;-;  190;-;    7;-;    7;-;    1;-;  103;-;  126;-;  101;-;   62;-; 2171;-; 2006;-;  165;-;    0;-;    9;-;    1;-;  123;-;  118;-;  100;-;   11;-
4607;5027;05;A;  52;101222; 3;w;11; 2766;-; 2269;-;  234;-;  210;-; 2487;-; 2328;-;  154;-;    5;-;   12;-;    4;-;   82;-;  148;-;  119;-;   33;-; 2044;-; 1859;-;  184;-;    1;-;    6;-;    2;-;   90;-;  118;-;   83;-;    9;-
4607;5027;05;A;  52;101222; 3;w;12; 2592;-; 2488;-;  221;-;  193;-; 2313;-; 2135;-;  170;-;    8;-;    9;-;    6;-;   90;-;  125;-;   98;-;   49;-; 2278;-; 2092;-;  186;-;    0;-;   11;-;    4;-;   78;-;  111;-;   92;-;    6;-
4607;5027;05;A;  52;101222; 3;w;13; 2748;-; 2815;-;  225;-;  217;-; 2493;-; 2325;-;  165;-;    3;-;   11;-;    2;-;   86;-;  137;-;  113;-;   19;-; 2576;-; 2395;-;  181;-;    0;-;   12;-;    2;-;   83;-;  132;-;  112;-;   10;-
4607;5027;05;A;  52;101222; 3;w;14; 2847;-; 3167;-;  219;-;  199;-; 2595;-; 2441;-;  150;-;    4;-;   10;-;    4;-;   65;-;  150;-;  117;-;   23;-; 2940;-; 2743;-;  194;-;    3;-;   10;-;    5;-;   65;-;  129;-;   98;-;   18;-
4607;5027;05;A;  52;101222; 3;w;15; 2553;-; 3444;-;  161;-;  188;-; 2357;-; 2203;-;  151;-;    3;-;    8;-;    1;-;   60;-;  100;-;   72;-;   27;-; 3206;-; 3040;-;  164;-;    2;-;   17;-;    4;-;   80;-;  104;-;   75;-;   33;-
4607;5027;05;A;  52;101222; 3;w;16; 2881;-; 3660;-;  198;-;  170;-; 2648;-; 2469;-;  174;-;    5;-;   11;-;    4;-;   87;-;  107;-;   84;-;   24;-; 3421;-; 3292;-;  128;-;    1;-;   22;-;    3;-;   64;-;  103;-;   83;-;   47;-
4607;5027;05;A;  52;101222; 3;w;17; 3025;-; 3803;-;  158;-;  151;-; 2835;-; 2686;-;  145;-;    4;-;    9;-;    2;-;   57;-;   99;-;   80;-;   23;-; 3581;-; 3485;-;   92;-;    4;-;   15;-;    6;-;   45;-;  100;-;   80;-;   56;-
4607;5027;05;A;  52;101222; 3;w;18; 3163;-; 4228;-;  132;-;  116;-; 3013;-; 2910;-;  101;-;    2;-;    5;-;    2;-;   51;-;   79;-;   56;-;   13;-; 4067;-; 3970;-;   96;-;    1;-;   14;-;    1;-;   39;-;   76;-;   56;-;   31;-
4607;5027;05;A;  52;101222; 3;w;19; 2517;-; 3405;-;   89;-;   89;-; 2410;-; 2327;-;   77;-;    6;-;    4;-;    0;-;   30;-;   59;-;   40;-;   14;-; 3297;-; 3214;-;   82;-;    1;-;    9;-;    5;-;   28;-;   56;-;   40;-;   10;-
4607;5027;05;A;  52;101222; 3;w;20; 1844;-; 2597;-;   68;-;   74;-; 1762;-; 1670;-;   87;-;    5;-;    1;-;    3;-;   14;-;   51;-;   36;-;   13;-; 2512;-; 2435;-;   77;-;    0;-;    5;-;    2;-;   18;-;   54;-;   41;-;    6;-
4607;5027;05;A;  52;101222; 3;w;21; 1373;-; 1740;-;   72;-;   80;-; 1288;-; 1227;-;   61;-;    0;-;    1;-;    3;-;   23;-;   46;-;   35;-;   12;-; 1647;-; 1579;-;   67;-;    1;-;    8;-;    8;-;   18;-;   54;-;   43;-;    5;-
4607;5027;05;A;  52;101222; 3;w;22; 1076;-; 1274;-;   49;-;   56;-; 1017;-;  968;-;   47;-;    2;-;    1;-;    3;-;   12;-;   34;-;   26;-;    9;-; 1213;-; 1172;-;   41;-;    0;-;    1;-;    1;-;   11;-;   44;-;   25;-;    4;-
4607;5027;05;A;  52;101222; 3;w;23;  854;-; 1415;-;   40;-;   44;-;  807;-;  756;-;   51;-;    0;-;    0;-;    2;-;    6;-;   32;-;   25;-;    7;-; 1369;-; 1334;-;   34;-;    1;-;    0;-;    2;-;   10;-;   32;-;   26;-;    2;-
4607;5027;05;A;  52;101222; 3;w;24;  555;-;  942;-;   51;-;   34;-;  500;-;  471;-;   29;-;    0;-;    0;-;    1;-;    9;-;   41;-;   25;-;    4;-;  904;-;  881;-;   23;-;    0;-;    1;-;    2;-;   10;-;   22;-;   13;-;    3;-
4607;5027;05;A;  52;101223; 4;w;01;  327;-;  479;-;   32;-;   49;-;  293;-;  266;-;   27;-;    0;-;    1;-;    0;-;    2;-;   30;-;   19;-;    1;-;  430;-;  406;-;   24;-;    0;-;    0;-;    3;-;    7;-;   39;-;   30;-;    0;-
4607;5027;05;A;  52;101223; 4;w;02;  198;-;  261;-;   30;-;   44;-;  166;-;  152;-;   14;-;    0;-;    0;-;    1;-;   10;-;   19;-;   11;-;    2;-;  217;-;  201;-;   16;-;    0;-;    0;-;    0;-;    6;-;   38;-;   23;-;    0;-
4607;5027;05;A;  52;101223; 4;w;03;  145;-;  194;-;   38;-;   35;-;  105;-;   91;-;   14;-;    0;-;    1;-;    0;-;   12;-;   26;-;   16;-;    1;-;  159;-;  141;-;   18;-;    0;-;    0;-;    0;-;    7;-;   28;-;   14;-;    0;-
4607;5027;05;A;  52;101223; 4;w;04;  298;-;  158;-;   69;-;   37;-;  229;-;  211;-;   18;-;    0;-;    0;-;    0;-;   19;-;   50;-;   34;-;    0;-;  120;-;  101;-;   19;-;    0;-;    0;-;    0;-;   13;-;   24;-;   13;-;    1;-
4607;5027;05;A;  52;101223; 4;w;05;  556;-;  297;-;  100;-;   89;-;  450;-;  429;-;   17;-;    4;-;    2;-;    8;-;   35;-;   57;-;   39;-;    4;-;  205;-;  176;-;   29;-;    0;-;    2;-;    3;-;   49;-;   37;-;   22;-;    1;-
4607;5027;05;A;  52;101223; 4;w;06; 1694;-;  614;-;  151;-;  121;-; 1534;-; 1484;-;   48;-;    2;-;    3;-;    2;-;   57;-;   92;-;   68;-;    6;-;  492;-;  466;-;   24;-;    2;-;    1;-;    1;-;   53;-;   67;-;   50;-;    0;-
4607;5027;05;A;  52;101223; 4;w;07; 3178;-; 1254;-;  186;-;  132;-; 2970;-; 2873;-;   97;-;    0;-;    6;-;    3;-;   85;-;   98;-;   74;-;   16;-; 1118;-; 1060;-;   57;-;    1;-;    4;-;    4;-;   53;-;   75;-;   56;-;    0;-
4607;5027;05;A;  52;101223; 4;w;08; 3791;-; 2092;-;  172;-;  167;-; 3588;-; 3452;-;  132;-;    4;-;    9;-;    7;-;   75;-;   90;-;   68;-;   22;-; 1920;-; 1842;-;   78;-;    0;-;    4;-;    3;-;   72;-;   92;-;   66;-;    1;-
4607;5027;05;A;  52;101223; 4;w;09; 3476;-; 2364;-;  168;-;  176;-; 3278;-; 3148;-;  126;-;    4;-;    9;-;    5;-;   79;-;   84;-;   61;-;   21;-; 2181;-; 2088;-;   89;-;    4;-;    4;-;    4;-;   91;-;   81;-;   59;-;    3;-
4607;5027;05;A;  52;101223; 4;w;10; 2663;-; 2044;-;  184;-;  203;-; 2442;-; 2320;-;  121;-;    1;-;   10;-;    6;-;   73;-;  105;-;   87;-;   27;-; 1831;-; 1698;-;  133;-;    0;-;    8;-;    2;-;  105;-;   96;-;   73;-;    2;-
4607;5027;05;A;  52;101223; 4;w;11; 2248;-; 2094;-;  190;-;  193;-; 2042;-; 1912;-;  130;-;    0;-;    6;-;    6;-;   79;-;  105;-;   81;-;   10;-; 1894;-; 1752;-;  142;-;    0;-;    4;-;    6;-;   88;-;   99;-;   80;-;    3;-
4607;5027;05;A;  52;101223; 4;w;12; 2427;-; 2364;-;  204;-;  185;-; 2199;-; 2057;-;  140;-;    2;-;   10;-;    5;-;   88;-;  111;-;   88;-;   14;-; 2167;-; 2040;-;  126;-;    1;-;    8;-;    3;-;   83;-;   99;-;   76;-;    4;-
4607;5027;05;A;  52;101223; 4;w;13; 2451;-; 3124;-;  181;-;  191;-; 2244;-; 2131;-;  111;-;    2;-;    8;-;    3;-;   76;-;  102;-;   79;-;   18;-; 2915;-; 2757;-;  158;-;    0;-;   11;-;    2;-;   84;-;  105;-;   79;-;    7;-
4607;5027;05;A;  52;101223; 4;w;14; 2506;-; 3418;-;  175;-;  159;-; 2301;-; 2184;-;  114;-;    3;-;   10;-;    4;-;   73;-;   98;-;   78;-;   20;-; 3233;-; 3110;-;  121;-;    2;-;   15;-;    2;-;   66;-;   91;-;   73;-;   11;-
4607;5027;05;A;  52;101223; 4;w;15; 2394;-; 3297;-;  158;-;  160;-; 2225;-; 2144;-;   80;-;    1;-;    7;-;    4;-;   67;-;   87;-;   60;-;    4;-; 3095;-; 2993;-;  100;-;    2;-;   14;-;    0;-;   62;-;   98;-;   80;-;   28;-
4607;5027;05;A;  52;101223; 4;w;16; 2256;-; 3482;-;  138;-;  150;-; 2108;-; 2033;-;   75;-;    0;-;    7;-;    2;-;   46;-;   90;-;   68;-;    3;-; 3291;-; 3192;-;   95;-;    4;-;   13;-;    1;-;   60;-;   89;-;   63;-;   28;-
4607;5027;05;A;  52;101223; 4;w;17; 2301;-; 3224;-;  115;-;  111;-; 2182;-; 2109;-;   73;-;    0;-;    3;-;    2;-;   44;-;   69;-;   55;-;    1;-; 3088;-; 3018;-;   68;-;    2;-;   10;-;    4;-;   32;-;   75;-;   56;-;   15;-
4607;5027;05;A;  52;101223; 4;w;18; 2015;-; 2669;-;   80;-;   67;-; 1925;-; 1868;-;   55;-;    2;-;    1;-;    0;-;   39;-;   41;-;   31;-;    9;-; 2594;-; 2526;-;   65;-;    3;-;    6;-;    0;-;   19;-;   48;-;   33;-;    2;-
4607;5027;05;A;  52;101223; 4;w;19; 1638;-; 2144;-;   66;-;   55;-; 1564;-; 1514;-;   48;-;    2;-;    3;-;    1;-;   23;-;   42;-;   29;-;    5;-; 2085;-; 2028;-;   57;-;    0;-;    1;-;    1;-;   18;-;   36;-;   29;-;    3;-
4607;5027;05;A;  52;101223; 4;w;20; 1293;-; 1806;-;   61;-;   45;-; 1223;-; 1189;-;   30;-;    4;-;    3;-;    4;-;   22;-;   35;-;   27;-;    6;-; 1751;-; 1702;-;   49;-;    0;-;    7;-;    1;-;   13;-;   31;-;   23;-;    3;-
4607;5027;05;A;  52;101223; 4;w;21;  965;-; 1401;-;   32;-;   55;-;  929;-;  892;-;   37;-;    0;-;    2;-;    0;-;   16;-;   16;-;   13;-;    2;-; 1344;-; 1286;-;   58;-;    0;-;    1;-;    3;-;   22;-;   30;-;   20;-;    1;-
4607;5027;05;A;  52;101223; 4;w;22;  794;-; 1021;-;   36;-;   42;-;  750;-;  722;-;   28;-;    0;-;    1;-;    1;-;   12;-;   23;-;   14;-;    7;-;  976;-;  951;-;   25;-;    0;-;    2;-;    2;-;    8;-;   32;-;   18;-;    1;-
4607;5027;05;A;  52;101223; 4;w;23;  646;-;  989;-;   35;-;   35;-;  608;-;  573;-;   35;-;    0;-;    1;-;    0;-;   10;-;   25;-;   18;-;    2;-;  950;-;  916;-;   34;-;    0;-;    1;-;    0;-;   10;-;   25;-;   18;-;    3;-
4607;5027;05;A;  52;101223; 4;w;24;  459;-;  705;-;   43;-;   29;-;  415;-;  403;-;   11;-;    1;-;    0;-;    0;-;    7;-;   36;-;   26;-;    1;-;  675;-;  642;-;   33;-;    0;-;    1;-;    4;-;    6;-;   19;-;   13;-;    0;-
4607;5027;05;A;  52;101224; 5;u;01;  304;-;  500;-;   25;-;   34;-;  277;-;  261;-;   15;-;    1;-;    1;-;    0;-;    6;-;   19;-;   14;-;    1;-;  465;-;  449;-;   16;-;    0;-;    0;-;    2;-;    6;-;   26;-;   17;-;    1;-
4607;5027;05;A;  52;101224; 5;u;02;  195;-;  288;-;   28;-;   18;-;  164;-;  158;-;    4;-;    2;-;    0;-;    0;-;   15;-;   13;-;   11;-;    3;-;  270;-;  260;-;   10;-;    0;-;    0;-;    1;-;    6;-;   11;-;    8;-;    0;-
4607;5027;05;A;  52;101224; 5;u;03;  154;-;  131;-;   22;-;   23;-;  128;-;  120;-;    8;-;    0;-;    2;-;    0;-;   13;-;    9;-;    9;-;    2;-;  108;-;  100;-;    8;-;    0;-;    0;-;    0;-;   14;-;    9;-;    8;-;    0;-
4607;5027;05;A;  52;101224; 5;u;04;  268;-;  178;-;   27;-;   41;-;  233;-;  219;-;   11;-;    3;-;    0;-;    0;-;   12;-;   15;-;   10;-;    8;-;  136;-;  118;-;   18;-;    0;-;    0;-;    0;-;   28;-;   13;-;    6;-;    1;-
4607;5027;05;A;  52;101224; 5;u;05;  531;-;  221;-;   52;-;   24;-;  469;-;  445;-;   18;-;    6;-;    1;-;    0;-;   30;-;   22;-;   16;-;    9;-;  192;-;  168;-;   22;-;    2;-;    1;-;    0;-;   10;-;   14;-;    9;-;    4;-
4607;5027;05;A;  52;101224; 5;u;06;  696;-;  339;-;   40;-;   25;-;  651;-;  634;-;   14;-;    3;-;    0;-;    0;-;   19;-;   21;-;    7;-;    5;-;  311;-;  301;-;   10;-;    0;-;    0;-;    0;-;   14;-;   11;-;    4;-;    3;-
4607;5027;05;A;  52;101224; 5;u;07;  625;-;  451;-;   49;-;   36;-;  571;-;  546;-;   24;-;    1;-;    1;-;    0;-;   19;-;   30;-;   24;-;    4;-;  411;-;  383;-;   28;-;    0;-;    0;-;    0;-;   16;-;   20;-;   15;-;    4;-
4607;5027;05;A;  52;101224; 5;u;08;  622;-;  446;-;   41;-;   38;-;  570;-;  541;-;   28;-;    1;-;    3;-;    0;-;   13;-;   28;-;   25;-;    8;-;  404;-;  368;-;   34;-;    2;-;    1;-;    1;-;   17;-;   20;-;   12;-;    3;-
4607;5027;05;A;  52;101224; 5;u;09;  636;-;  553;-;   53;-;   37;-;  574;-;  550;-;   22;-;    2;-;    2;-;    0;-;   31;-;   22;-;   16;-;    7;-;  512;-;  485;-;   20;-;    7;-;    1;-;    2;-;   18;-;   17;-;   13;-;    3;-
4607;5027;05;A;  52;101224; 5;u;10;  665;-;  739;-;   36;-;   45;-;  625;-;  595;-;   25;-;    5;-;    1;-;    1;-;   18;-;   17;-;   15;-;    3;-;  680;-;  656;-;   20;-;    4;-;    0;-;    0;-;   23;-;   22;-;   19;-;   14;-
4607;5027;05;A;  52;101224; 5;u;11;  706;-; 1031;-;   44;-;   34;-;  656;-;  628;-;   27;-;    1;-;    2;-;    0;-;   26;-;   18;-;   12;-;    4;-;  958;-;  924;-;   28;-;    6;-;    1;-;    0;-;   20;-;   14;-;   11;-;   38;-
4607;5027;05;A;  52;101224; 5;u;12;  875;-; 1315;-;   35;-;   43;-;  830;-;  803;-;   25;-;    2;-;    0;-;    1;-;   19;-;   15;-;   13;-;   10;-; 1266;-; 1241;-;   22;-;    3;-;    0;-;    0;-;   26;-;   17;-;   15;-;    6;-
4607;5027;05;A;  52;101224; 5;u;13; 1022;-; 1669;-;   15;-;   22;-;  999;-;  971;-;   27;-;    1;-;    1;-;    0;-;    8;-;    7;-;    7;-;    7;-; 1640;-; 1597;-;   41;-;    2;-;    2;-;    1;-;   12;-;    9;-;    7;-;    5;-
4607;5027;05;A;  52;101224; 5;u;14; 1150;-; 1659;-;   19;-;   18;-; 1127;-; 1105;-;   22;-;    0;-;    1;-;    1;-;    8;-;   10;-;    6;-;    3;-; 1636;-; 1601;-;   31;-;    4;-;    1;-;    1;-;   12;-;    5;-;    3;-;    4;-
4607;5027;05;A;  52;101224; 5;u;15; 1141;-; 1826;-;   15;-;   12;-; 1118;-; 1089;-;   29;-;    0;-;    0;-;    0;-;    9;-;    6;-;    5;-;    8;-; 1807;-; 1792;-;   14;-;    1;-;    2;-;    0;-;    5;-;    7;-;    6;-;    5;-
4607;5027;05;A;  52;101224; 5;u;16; 1104;-; 1466;-;   13;-;   16;-; 1084;-; 1056;-;   27;-;    1;-;    0;-;    0;-;    9;-;    4;-;    4;-;    7;-; 1435;-; 1424;-;   11;-;    0;-;    0;-;    1;-;    8;-;    7;-;    7;-;   15;-
4607;5027;05;A;  52;101224; 5;u;17;  917;-; 1239;-;    8;-;   12;-;  908;-;  888;-;   18;-;    2;-;    0;-;    0;-;    5;-;    3;-;    2;-;    1;-; 1218;-; 1202;-;   14;-;    2;-;    0;-;    0;-;    7;-;    5;-;    3;-;    9;-
4607;5027;05;A;  52;101224; 5;u;18;  803;-;  899;-;    9;-;    7;-;  791;-;  773;-;   17;-;    1;-;    1;-;    3;-;    1;-;    5;-;    5;-;    2;-;  880;-;  857;-;   21;-;    2;-;    0;-;    1;-;    4;-;    2;-;    2;-;   12;-
4607;5027;05;A;  52;101224; 5;u;19;  489;-;  530;-;    3;-;    1;-;  481;-;  470;-;    9;-;    2;-;    0;-;    0;-;    3;-;    0;-;    0;-;    5;-;  523;-;  514;-;    8;-;    1;-;    0;-;    0;-;    0;-;    1;-;    1;-;    6;-
4607;5027;05;A;  52;101224; 5;u;20;  340;-;  413;-;    4;-;    2;-;  333;-;  325;-;    5;-;    3;-;    0;-;    0;-;    3;-;    1;-;    1;-;    3;-;  409;-;  402;-;    6;-;    1;-;    0;-;    0;-;    1;-;    1;-;    0;-;    2;-
4607;5027;05;A;  52;101224; 5;u;21;  376;-;  381;-;    3;-;    3;-;  366;-;  358;-;    7;-;    1;-;    0;-;    0;-;    3;-;    0;-;    0;-;    7;-;  376;-;  370;-;    5;-;    1;-;    0;-;    1;-;    1;-;    1;-;    1;-;    2;-
4607;5027;05;A;  52;101224; 5;u;22;  467;-;  467;-;    3;-;    3;-;  461;-;  458;-;    3;-;    0;-;    0;-;    0;-;    2;-;    1;-;    1;-;    3;-;  463;-;  452;-;    8;-;    3;-;    0;-;    1;-;    1;-;    1;-;    1;-;    1;-
4607;5027;05;A;  52;101224; 5;u;23;  570;-;  501;-;    5;-;    1;-;  562;-;  554;-;    7;-;    1;-;    0;-;    0;-;    3;-;    2;-;    1;-;    3;-;  497;-;  485;-;   12;-;    0;-;    1;-;    0;-;    0;-;    1;-;    1;-;    2;-
4607;5027;05;A;  52;101224; 5;u;24;  468;-;  416;-;    3;-;    2;-;  463;-;  455;-;    6;-;    2;-;    1;-;    0;-;    3;-;    0;-;    0;-;    1;-;  412;-;  407;-;    5;-;    0;-;    0;-;    1;-;    1;-;    0;-;    0;-;    2;-
4607;5027;05;A;  52;101225; 6;s;01;  373;-;  283;-;    4;-;    5;-;  367;-;  362;-;    5;-;    0;-;    0;-;    0;-;    3;-;    1;-;    1;-;    2;-;  274;-;  267;-;    7;-;    0;-;    0;-;    0;-;    2;-;    3;-;    3;-;    4;-
4607;5027;05;A;  52;101225; 6;s;02;  209;-;  158;-;    6;-;    2;-;  202;-;  199;-;    3;-;    0;-;    0;-;    0;-;    6;-;    0;-;    0;-;    1;-;  156;-;  147;-;    9;-;    0;-;    0;-;    0;-;    1;-;    1;-;    0;-;    0;-
4607;5027;05;A;  52;101225; 6;s;03;  157;-;  106;-;    2;-;    1;-;  155;-;  152;-;    2;-;    1;-;    0;-;    0;-;    2;-;    0;-;    0;-;    0;-;  105;-;  103;-;    2;-;    0;-;    0;-;    1;-;    0;-;    0;-;    0;-;    0;-
4607;5027;05;A;  52;101225; 6;s;04;  259;-;  101;-;    2;-;    1;-;  255;-;  249;-;    6;-;    0;-;    0;-;    0;-;    1;-;    1;-;    1;-;    2;-;  100;-;   95;-;    5;-;    0;-;    0;-;    0;-;    1;-;    0;-;    0;-;    0;-
4607;5027;05;A;  52;101225; 6;s;05;  348;-;  198;-;    2;-;    1;-;  344;-;  338;-;    4;-;    2;-;    0;-;    0;-;    0;-;    2;-;    2;-;    2;-;  197;-;  185;-;   12;-;    0;-;    0;-;    0;-;    1;-;    0;-;    0;-;    0;-
4607;5027;05;A;  52;101225; 6;s;06;  473;-;  227;-;    8;-;    1;-;  465;-;  456;-;    9;-;    0;-;    0;-;    1;-;    3;-;    4;-;    4;-;    0;-;  226;-;  218;-;    8;-;    0;-;    0;-;    0;-;    1;-;    0;-;    0;-;    0;-
4607;5027;05;A;  52;101225; 6;s;07;  349;-;  269;-;    4;-;    1;-;  344;-;  325;-;   18;-;    1;-;    0;-;    0;-;    2;-;    2;-;    2;-;    1;-;  268;-;  255;-;   13;-;    0;-;    0;-;    1;-;    0;-;    0;-;    0;-;    0;-
4607;5027;05;A;  52;101225; 6;s;08;  429;-;  326;-;    0;-;    6;-;  427;-;  396;-;   30;-;    1;-;    0;-;    0;-;    0;-;    0;-;    0;-;    2;-;  319;-;  304;-;   15;-;    0;-;    1;-;    3;-;    1;-;    2;-;    2;-;    0;-
4607;5027;05;A;  52;101225; 6;s;09;  504;-;  410;-;    8;-;    1;-;  492;-;  472;-;   20;-;    0;-;    0;-;    3;-;    4;-;    1;-;    1;-;    4;-;  409;-;  392;-;   17;-;    0;-;    0;-;    0;-;    1;-;    0;-;    0;-;    0;-
4607;5027;05;A;  52;101225; 6;s;10;  601;-;  709;-;    4;-;    2;-;  594;-;  563;-;   30;-;    1;-;    0;-;    0;-;    3;-;    1;-;    0;-;    3;-;  704;-;  694;-;   10;-;    0;-;    2;-;    0;-;    1;-;    1;-;    1;-;    1;-
4607;5027;05;A;  52;101225; 6;s;11;  846;-; 1073;-;    6;-;    3;-;  835;-;  811;-;   24;-;    0;-;    0;-;    0;-;    6;-;    0;-;    0;-;    5;-; 1066;-; 1038;-;   28;-;    0;-;    2;-;    0;-;    3;-;    0;-;    0;-;    2;-
4607;5027;05;A;  52;101225; 6;s;12; 1204;-; 1614;-;    5;-;    4;-; 1191;-; 1161;-;   28;-;    2;-;    0;-;    1;-;    3;-;    1;-;    1;-;    8;-; 1608;-; 1576;-;   32;-;    0;-;    0;-;    0;-;    1;-;    3;-;    3;-;    2;-
4607;5027;05;A;  52;101225; 6;s;13; 1573;-; 1860;-;    2;-;    9;-; 1562;-; 1531;-;   30;-;    1;-;    0;-;    1;-;    1;-;    0;-;    0;-;    9;-; 1847;-; 1815;-;   32;-;    0;-;    1;-;    4;-;    4;-;    1;-;    1;-;    3;-
4607;5027;05;A;  52;101225; 6;s;14; 1490;-; 1789;-;    7;-;    3;-; 1473;-; 1449;-;   24;-;    0;-;    2;-;    1;-;    3;-;    3;-;    3;-;    8;-; 1785;-; 1766;-;   19;-;    0;-;    0;-;    0;-;    2;-;    1;-;    0;-;    1;-
4607;5027;05;A;  52;101225; 6;s;15; 1365;-; 1779;-;    6;-;    9;-; 1345;-; 1308;-;   34;-;    3;-;    0;-;    1;-;    3;-;    2;-;    2;-;   14;-; 1764;-; 1732;-;   32;-;    0;-;    2;-;    0;-;    4;-;    5;-;    3;-;    4;-
4607;5027;05;A;  52;101225; 6;s;16; 1337;-; 1559;-;    5;-;    5;-; 1320;-; 1288;-;   30;-;    2;-;    2;-;    0;-;    4;-;    1;-;    1;-;   10;-; 1548;-; 1517;-;   30;-;    1;-;    2;-;    1;-;    4;-;    0;-;    0;-;    4;-
4607;5027;05;A;  52;101225; 6;s;17; 1307;-; 1304;-;    3;-;    7;-; 1294;-; 1270;-;   24;-;    0;-;    0;-;    1;-;    2;-;    0;-;    0;-;   10;-; 1291;-; 1268;-;   23;-;    0;-;    1;-;    0;-;    6;-;    1;-;    1;-;    5;-
4607;5027;05;A;  52;101225; 6;s;18; 1497;-; 1155;-;    3;-;    6;-; 1489;-; 1461;-;   26;-;    2;-;    0;-;    1;-;    1;-;    1;-;    0;-;    5;-; 1146;-; 1116;-;   28;-;    2;-;    1;-;    2;-;    2;-;    2;-;    2;-;    2;-
4607;5027;05;A;  52;101225; 6;s;19; 1454;-; 1179;-;    2;-;    2;-; 1446;-; 1413;-;   31;-;    2;-;    1;-;    0;-;    2;-;    0;-;    0;-;    5;-; 1175;-; 1155;-;   20;-;    0;-;    0;-;    0;-;    2;-;    0;-;    0;-;    2;-
4607;5027;05;A;  52;101225; 6;s;20; 1092;-;  859;-;    6;-;    2;-; 1070;-; 1054;-;   13;-;    3;-;    0;-;    4;-;    1;-;    1;-;    1;-;   16;-;  852;-;  831;-;   19;-;    2;-;    0;-;    0;-;    1;-;    1;-;    1;-;    5;-
4607;5027;05;A;  52;101225; 6;s;21;  946;-;  833;-;    1;-;    1;-;  938;-;  919;-;   16;-;    3;-;    0;-;    1;-;    0;-;    0;-;    0;-;    7;-;  832;-;  811;-;   21;-;    0;-;    0;-;    1;-;    0;-;    0;-;    0;-;    0;-
4607;5027;05;A;  52;101225; 6;s;22;  938;-;  721;-;    4;-;    4;-;  928;-;  905;-;   20;-;    3;-;    0;-;    1;-;    1;-;    2;-;    1;-;    6;-;  717;-;  706;-;   10;-;    1;-;    0;-;    1;-;    1;-;    2;-;    2;-;    0;-
4607;5027;05;A;  52;101225; 6;s;23;  773;-;  649;-;    7;-;    0;-;  762;-;  755;-;    5;-;    2;-;    0;-;    2;-;    4;-;    1;-;    1;-;    4;-;  647;-;  636;-;   11;-;    0;-;    0;-;    0;-;    0;-;    0;-;    0;-;    2;-
4607;5027;05;A;  52;101225; 6;s;24;  593;-;  520;-;    4;-;    6;-;  582;-;  571;-;    9;-;    2;-;    0;-;    2;-;    2;-;    0;-;    0;-;    7;-;  513;-;  503;-;   10;-;    0;-;    0;-;    3;-;    2;-;    1;-;    1;-;    1;-
4607;5027;05;A;  52;101226; 7;s;01;  363;-;  344;-;    2;-;    2;-;  360;-;  356;-;    3;-;    1;-;    0;-;    0;-;    2;-;    0;-;    0;-;    1;-;  341;-;  329;-;   12;-;    0;-;    1;-;    2;-;    0;-;    0;-;    0;-;    0;-
4607;5027;05;A;  52;101226; 7;s;02;  251;-;  197;-;    4;-;    6;-;  244;-;  237;-;    7;-;    0;-;    1;-;    0;-;    3;-;    1;-;    1;-;    2;-;  191;-;  186;-;    5;-;    0;-;    0;-;    0;-;    4;-;    2;-;    1;-;    0;-
4607;5027;05;A;  52;101226; 7;s;03;  146;-;  131;-;    3;-;    4;-;  143;-;  135;-;    8;-;    0;-;    0;-;    1;-;    0;-;    2;-;    2;-;    0;-;  127;-;  123;-;    4;-;    0;-;    0;-;    0;-;    4;-;    0;-;    0;-;    0;-
4607;5027;05;A;  52;101226; 7;s;04;  273;-;  149;-;    5;-;    2;-;  267;-;  256;-;   11;-;    0;-;    0;-;    0;-;    5;-;    0;-;    0;-;    1;-;  144;-;  136;-;    8;-;    0;-;    0;-;    0;-;    2;-;    0;-;    0;-;    3;-
4607;5027;05;A;  52;101226; 7;s;05;  404;-;  268;-;    4;-;    4;-;  398;-;  379;-;   17;-;    2;-;    0;-;    1;-;    1;-;    2;-;    2;-;    2;-;  261;-;  235;-;   26;-;    0;-;    2;-;    1;-;    2;-;    1;-;    1;-;    1;-
4607;5027;05;A;  52;101226; 7;s;06;  533;-;  354;-;    9;-;    1;-;  523;-;  507;-;   16;-;    0;-;    0;-;    1;-;    5;-;    3;-;    2;-;    1;-;  352;-;  334;-;   18;-;    0;-;    1;-;    1;-;    0;-;    0;-;    0;-;    0;-
4607;5027;05;A;  52;101226; 7;s;07;  305;-;  384;-;   10;-;    6;-;  295;-;  284;-;   11;-;    0;-;    0;-;    3;-;    0;-;    7;-;    7;-;    0;-;  378;-;  369;-;    9;-;    0;-;    0;-;    1;-;    3;-;    2;-;    2;-;    0;-
4607;5027;05;A;  52;101226; 7;s;08;  387;-;  290;-;   11;-;    5;-;  376;-;  360;-;   13;-;    3;-;    0;-;    2;-;    3;-;    6;-;    6;-;    0;-;  285;-;  278;-;    7;-;    0;-;    0;-;    0;-;    0;-;    5;-;    4;-;    0;-
4607;5027;05;A;  52;101226; 7;s;09;  509;-;  452;-;   12;-;    7;-;  496;-;  490;-;    6;-;    0;-;    0;-;    1;-;    4;-;    7;-;    5;-;    1;-;  444;-;  428;-;   15;-;    1;-;    0;-;    1;-;    1;-;    5;-;    4;-;    1;-
4607;5027;05;A;  52;101226; 7;s;10;  643;-;  686;-;   11;-;   16;-;  625;-;  605;-;   19;-;    1;-;    1;-;    0;-;    4;-;    7;-;    6;-;    6;-;  669;-;  653;-;   15;-;    1;-;    0;-;    2;-;    5;-;    9;-;    8;-;    1;-
4607;5027;05;A;  52;101226; 7;s;11;  895;-; 1119;-;   16;-;   14;-;  871;-;  849;-;   19;-;    3;-;    0;-;    1;-;    3;-;   12;-;   10;-;    8;-; 1097;-; 1077;-;   17;-;    3;-;    1;-;    2;-;    1;-;   11;-;   10;-;    7;-
4607;5027;05;A;  52;101226; 7;s;12; 1250;-; 1569;-;   18;-;   18;-; 1225;-; 1195;-;   29;-;    1;-;    1;-;    0;-;    6;-;   12;-;    8;-;    6;-; 1546;-; 1518;-;   28;-;    0;-;    2;-;    2;-;    7;-;    9;-;    7;-;    3;-
4607;5027;05;A;  52;101226; 7;s;13; 1608;-; 1684;-;   13;-;   12;-; 1584;-; 1548;-;   34;-;    2;-;    1;-;    1;-;    2;-;   10;-;    9;-;   10;-; 1670;-; 1635;-;   34;-;    1;-;    0;-;    3;-;    2;-;    7;-;    6;-;    2;-
4607;5027;05;A;  52;101226; 7;s;14; 1704;-; 1544;-;   11;-;   14;-; 1686;-; 1648;-;   36;-;    2;-;    0;-;    0;-;    4;-;    7;-;    6;-;    7;-; 1525;-; 1493;-;   31;-;    1;-;    1;-;    1;-;    4;-;    9;-;    8;-;    4;-
4607;5027;05;A;  52;101226; 7;s;15; 1742;-; 1771;-;   15;-;   21;-; 1720;-; 1675;-;   43;-;    2;-;    0;-;    0;-;    5;-;   10;-;   10;-;    7;-; 1746;-; 1722;-;   24;-;    0;-;    2;-;    0;-;    9;-;   12;-;   11;-;    2;-
4607;5027;05;A;  52;101226; 7;s;16; 1896;-; 1543;-;   13;-;   10;-; 1868;-; 1831;-;   35;-;    2;-;    0;-;    1;-;    6;-;    6;-;    6;-;   15;-; 1530;-; 1496;-;   33;-;    1;-;    0;-;    0;-;    6;-;    4;-;    3;-;    3;-
4607;5027;05;A;  52;101226; 7;s;17; 1866;-; 1386;-;   16;-;    5;-; 1837;-; 1803;-;   31;-;    3;-;    1;-;    3;-;    6;-;    7;-;    6;-;   12;-; 1375;-; 1348;-;   27;-;    0;-;    1;-;    1;-;    1;-;    3;-;    3;-;    5;-
4607;5027;05;A;  52;101226; 7;s;18; 1849;-; 1344;-;   14;-;    6;-; 1819;-; 1779;-;   36;-;    4;-;    0;-;    1;-;    6;-;    7;-;    5;-;   16;-; 1337;-; 1298;-;   39;-;    0;-;    0;-;    2;-;    2;-;    2;-;    2;-;    1;-
4607;5027;05;A;  52;101226; 7;s;19; 1623;-; 1191;-;   14;-;   13;-; 1602;-; 1572;-;   28;-;    2;-;    0;-;    0;-;    2;-;   12;-;   10;-;    7;-; 1174;-; 1149;-;   24;-;    1;-;    2;-;    1;-;    4;-;    8;-;    7;-;    2;-
4607;5027;05;A;  52;101226; 7;s;20; 1275;-; 1085;-;    9;-;   11;-; 1257;-; 1231;-;   25;-;    1;-;    1;-;    0;-;    2;-;    7;-;    7;-;    8;-; 1066;-; 1043;-;   23;-;    0;-;    2;-;    2;-;    0;-;    9;-;    8;-;    6;-
4607;5027;05;A;  52;101226; 7;s;21; 1034;-;  896;-;   15;-;    9;-; 1008;-;  983;-;   25;-;    0;-;    0;-;    6;-;    1;-;    8;-;    3;-;   11;-;  882;-;  851;-;   31;-;    0;-;    1;-;    0;-;    2;-;    7;-;    6;-;    4;-
4607;5027;05;A;  52;101226; 7;s;22; 1001;-;  889;-;   17;-;   20;-;  980;-;  952;-;   28;-;    0;-;    0;-;    1;-;    7;-;    9;-;    6;-;    4;-;  866;-;  852;-;   14;-;    0;-;    0;-;    6;-;    3;-;   11;-;    8;-;    3;-
4607;5027;05;A;  52;101226; 7;s;23;  790;-;  654;-;   19;-;   23;-;  767;-;  753;-;   14;-;    0;-;    1;-;    1;-;    2;-;   16;-;   15;-;    3;-;  629;-;  617;-;   12;-;    0;-;    0;-;    1;-;    5;-;   17;-;   11;-;    2;-
4607;5027;05;A;  52;101226; 7;s;24;  505;-;  547;-;   24;-;   32;-;  476;-;  455;-;   20;-;    1;-;    0;-;    0;-;    4;-;   20;-;   15;-;    5;-;  514;-;  498;-;   16;-;    0;-;    0;-;    2;-;    5;-;   25;-;   21;-;    1;-
4607;5027;05;A;  52;101227; 1;u;01;  266;-;  342;-;   16;-;   22;-;  248;-;  233;-;   15;-;    0;-;    0;-;    0;-;    3;-;   13;-;    7;-;    2;-;  318;-;  305;-;   13;-;    0;-;    0;-;    2;-;    2;-;   18;-;   15;-;    2;-
4607;5027;05;A;  52;101227; 1;u;02;  158;-;  239;-;   19;-;   22;-;  139;-;  128;-;   11;-;    0;-;    0;-;    0;-;    7;-;   12;-;   10;-;    0;-;  216;-;  203;-;   13;-;    0;-;    0;-;    0;-;    2;-;   20;-;   17;-;    1;-
4607;5027;05;A;  52;101227; 1;u;03;  149;-;  111;-;   27;-;   21;-;  121;-;  117;-;    4;-;    0;-;    0;-;    0;-;    6;-;   21;-;   14;-;    1;-;   90;-;   79;-;   11;-;    0;-;    0;-;    0;-;    6;-;   15;-;   13;-;    0;-
4607;5027;05;A;  52;101227; 1;u;04;  301;-;  164;-;   42;-;   25;-;  259;-;  249;-;   10;-;    0;-;    0;-;    1;-;   20;-;   21;-;   17;-;    0;-;  139;-;  121;-;   18;-;    0;-;    0;-;    0;-;   10;-;   15;-;    9;-;    0;-
4607;5027;05;A;  52;101227; 1;u;05;  711;-;  268;-;   81;-;   65;-;  628;-;  602;-;   26;-;    0;-;    1;-;    5;-;   38;-;   38;-;   33;-;    1;-;  202;-;  184;-;   18;-;    0;-;    0;-;    4;-;   38;-;   23;-;   17;-;    1;-
4607;5027;05;A;  52;101227; 1;u;06; 1637;-;  548;-;  128;-;   67;-; 1503;-; 1442;-;   58;-;    3;-;    3;-;    4;-;   44;-;   80;-;   62;-;    3;-;  481;-;  456;-;   24;-;    1;-;    0;-;    1;-;   26;-;   40;-;   33;-;    0;-
4607;5027;05;A;  52;101227; 1;u;07; 2441;-;  951;-;  145;-;   86;-; 2287;-; 2192;-;   92;-;    3;-;    2;-;    3;-;   64;-;   78;-;   68;-;    7;-;  861;-;  800;-;   61;-;    0;-;    0;-;    3;-;   35;-;   48;-;   35;-;    4;-
4607;5027;05;A;  52;101227; 1;u;08; 2631;-; 1350;-;  115;-;  104;-; 2499;-; 2404;-;   94;-;    1;-;    1;-;    1;-;   50;-;   64;-;   55;-;   16;-; 1243;-; 1172;-;   71;-;    0;-;    1;-;    2;-;   46;-;   56;-;   44;-;    2;-
4607;5027;05;A;  52;101227; 1;u;09; 2396;-; 1465;-;  141;-;  151;-; 2243;-; 2126;-;  114;-;    3;-;    3;-;    0;-;   49;-;   92;-;   69;-;    9;-; 1312;-; 1213;-;   99;-;    0;-;    1;-;    6;-;   72;-;   73;-;   59;-;    1;-
4607;5027;05;A;  52;101227; 1;u;10; 2012;-; 1411;-;  143;-;  140;-; 1837;-; 1731;-;  100;-;    6;-;    5;-;    2;-;   47;-;   94;-;   71;-;   27;-; 1262;-; 1156;-;  105;-;    1;-;    5;-;    1;-;   64;-;   75;-;   56;-;    4;-
4607;5027;05;A;  52;101227; 1;u;11; 1862;-; 1565;-;  174;-;  116;-; 1661;-; 1550;-;  110;-;    1;-;   11;-;    5;-;   68;-;  101;-;   75;-;   16;-; 1439;-; 1354;-;   85;-;    0;-;    5;-;    3;-;   48;-;   65;-;   51;-;    5;-
4607;5027;05;A;  52;101227; 1;u;12; 1994;-; 1784;-;  141;-;  133;-; 1837;-; 1724;-;  112;-;    1;-;    5;-;    3;-;   53;-;   85;-;   73;-;   11;-; 1635;-; 1531;-;  104;-;    0;-;    8;-;    1;-;   56;-;   76;-;   69;-;    8;-
4607;5027;05;A;  52;101227; 1;u;13; 2223;-; 2046;-;  153;-;  148;-; 2052;-; 1937;-;  114;-;    1;-;    4;-;    4;-;   70;-;   79;-;   65;-;   14;-; 1880;-; 1768;-;  110;-;    2;-;    9;-;    2;-;   56;-;   90;-;   71;-;    9;-
4607;5027;05;A;  52;101227; 1;u;14; 2295;-; 2233;-;  139;-;  132;-; 2115;-; 2007;-;  102;-;    6;-;    9;-;    1;-;   61;-;   77;-;   67;-;   32;-; 2087;-; 1970;-;  115;-;    2;-;    7;-;    4;-;   54;-;   74;-;   56;-;    7;-
4607;5027;05;A;  52;101227; 1;u;15; 2207;-; 2727;-;  148;-;  138;-; 2044;-; 1938;-;  106;-;    0;-;    8;-;    0;-;   55;-;   93;-;   73;-;    7;-; 2579;-; 2462;-;  115;-;    2;-;    2;-;    3;-;   64;-;   71;-;   59;-;    8;-
4607;5027;05;A;  52;101227; 1;u;16; 2370;-; 2971;-;  116;-;  113;-; 2229;-; 2132;-;   94;-;    3;-;    4;-;    2;-;   44;-;   70;-;   53;-;   21;-; 2844;-; 2723;-;  120;-;    1;-;    9;-;    1;-;   47;-;   65;-;   55;-;    5;-
4607;5027;05;A;  52;101227; 1;u;17; 2309;-; 3225;-;  103;-;   84;-; 2178;-; 2080;-;   98;-;    0;-;    5;-;    2;-;   42;-;   59;-;   45;-;   23;-; 3123;-; 3023;-;  100;-;    0;-;    8;-;    5;-;   33;-;   46;-;   38;-;   10;-
4607;5027;05;A;  52;101227; 1;u;18; 2137;-; 3007;-;   81;-;   71;-; 2047;-; 1980;-;   65;-;    2;-;    1;-;    1;-;   25;-;   55;-;   44;-;    8;-; 2926;-; 2843;-;   80;-;    3;-;    5;-;    2;-;   28;-;   41;-;   28;-;    5;-
4607;5027;05;A;  52;101227; 1;u;19; 1769;-; 2247;-;   85;-;   62;-; 1670;-; 1613;-;   55;-;    2;-;    3;-;    4;-;   32;-;   49;-;   38;-;   11;-; 2175;-; 2115;-;   60;-;    0;-;    2;-;    1;-;   22;-;   39;-;   33;-;    8;-
4607;5027;05;A;  52;101227; 1;u;20; 1196;-; 1436;-;   55;-;   49;-; 1126;-; 1080;-;   45;-;    1;-;    2;-;    2;-;   16;-;   37;-;   27;-;   13;-; 1380;-; 1332;-;   48;-;    0;-;    2;-;    2;-;    7;-;   40;-;   35;-;    5;-
4607;5027;05;A;  52;101227; 1;u;21;  942;-; 1094;-;   38;-;   45;-;  898;-;  848;-;   49;-;    1;-;    1;-;    4;-;    8;-;   26;-;   22;-;    5;-; 1045;-; 1006;-;   38;-;    1;-;    1;-;    5;-;    7;-;   33;-;   18;-;    3;-
4607;5027;05;A;  52;101227; 1;u;22;  696;-;  746;-;   41;-;   41;-;  649;-;  622;-;   27;-;    0;-;    1;-;    2;-;   12;-;   27;-;   17;-;    5;-;  702;-;  672;-;   30;-;    0;-;    1;-;    2;-;    6;-;   33;-;   23;-;    2;-
4607;5027;05;A;  52;101227; 1;u;23;  535;-;  769;-;   36;-;   42;-;  496;-;  468;-;   28;-;    0;-;    0;-;    3;-;    5;-;   28;-;   18;-;    3;-;  722;-;  689;-;   33;-;    0;-;    0;-;    1;-;   10;-;   31;-;   22;-;    5;-
4607;5027;05;A;  52;101227; 1;u;24;  379;-;  510;-;   35;-;   31;-;  343;-;  328;-;   15;-;    0;-;    0;-;    2;-;    7;-;   26;-;   20;-;    1;-;  479;-;  455;-;   24;-;    0;-;    0;-;    2;-;    5;-;   24;-;   20;-;    0;-
4607;5027;05;A;  52;101228; 2;u;01;  271;-;  264;-;   30;-;   32;-;  240;-;  220;-;   20;-;    0;-;    0;-;    2;-;    7;-;   21;-;   15;-;    1;-;  231;-;  215;-;   16;-;    0;-;    0;-;    2;-;    4;-;   26;-;   19;-;    1;-
4607;5027;05;A;  52;101228; 2;u;02;  150;-;  170;-;   35;-;   27;-;  113;-;  102;-;   10;-;    1;-;    0;-;    1;-;   11;-;   23;-;   17;-;    2;-;  143;-;  129;-;   14;-;    0;-;    0;-;    2;-;    4;-;   21;-;    9;-;    0;-
4607;5027;05;A;  52;101228; 2;u;03;  118;-;  135;-;   28;-;   39;-;   88;-;   86;-;    2;-;    0;-;    0;-;    1;-;    7;-;   20;-;   13;-;    2;-;   96;-;   83;-;   13;-;    0;-;    0;-;    0;-;   15;-;   24;-;   13;-;    0;-
4607;5027;05;A;  52;101228; 2;u;04;  284;-;  167;-;   58;-;   35;-;  226;-;  207;-;   18;-;    1;-;    0;-;    1;-;   23;-;   34;-;   21;-;    0;-;  131;-;  111;-;   20;-;    0;-;    1;-;    2;-;   19;-;   14;-;    8;-;    0;-
4607;5027;05;A;  52;101228; 2;u;05;  545;-;  239;-;   88;-;   57;-;  454;-;  430;-;   23;-;    1;-;    0;-;    5;-;   38;-;   45;-;   33;-;    3;-;  181;-;  158;-;   23;-;    0;-;    0;-;    3;-;   24;-;   30;-;   19;-;    1;-
4607;5027;05;A;  52;101228; 2;u;06; 1580;-;  480;-;  119;-;   77;-; 1452;-; 1390;-;   62;-;    0;-;    1;-;    6;-;   44;-;   69;-;   57;-;    8;-;  401;-;  367;-;   34;-;    0;-;    1;-;    1;-;   21;-;   55;-;   41;-;    1;-
4607;5027;05;A;  52;101228; 2;u;07; 2453;-;  996;-;  133;-;  111;-; 2299;-; 2182;-;  114;-;    3;-;    4;-;    3;-;   56;-;   74;-;   59;-;   17;-;  882;-;  819;-;   63;-;    0;-;    2;-;    4;-;   48;-;   59;-;   45;-;    1;-
4607;5027;05;A;  52;101228; 2;u;08; 2783;-; 1504;-;  123;-;  131;-; 2644;-; 2535;-;  108;-;    1;-;    4;-;    4;-;   54;-;   65;-;   52;-;   12;-; 1368;-; 1285;-;   83;-;    0;-;    2;-;    2;-;   57;-;   72;-;   56;-;    3;-
4607;5027;05;A;  52;101228; 2;u;09; 2615;-; 1652;-;  152;-;  138;-; 2437;-; 2329;-;  107;-;    1;-;    7;-;    4;-;   72;-;   76;-;   59;-;   19;-; 1508;-; 1419;-;   87;-;    2;-;    1;-;    3;-;   70;-;   65;-;   55;-;    5;-
4607;5027;05;A;  52;101228; 2;u;10; 2233;-; 1583;-;  142;-;  155;-; 2065;-; 1956;-;  106;-;    3;-;    4;-;    3;-;   60;-;   79;-;   64;-;   22;-; 1419;-; 1309;-;  110;-;    0;-;    4;-;    4;-;   74;-;   77;-;   65;-;    5;-
4607;5027;05;A;  52;101228; 2;u;11; 2175;-; 1749;-;  141;-;  145;-; 1999;-; 1898;-;   99;-;    2;-;   10;-;    4;-;   59;-;   78;-;   55;-;   25;-; 1596;-; 1488;-;  107;-;    1;-;    7;-;    6;-;   67;-;   72;-;   49;-;    1;-
4607;5027;05;A;  52;101228; 2;u;12; 2289;-; 1874;-;  154;-;  135;-; 2117;-; 2000;-;  115;-;    2;-;   10;-;    2;-;   67;-;   85;-;   69;-;    8;-; 1725;-; 1607;-;  118;-;    0;-;    9;-;    1;-;   55;-;   79;-;   59;-;    5;-
4607;5027;05;A;  52;101228; 2;u;13; 2332;-; 2132;-;  147;-;  124;-; 2160;-; 2030;-;  130;-;    0;-;   14;-;    5;-;   59;-;   83;-;   70;-;   11;-; 1995;-; 1868;-;  127;-;    0;-;    9;-;    2;-;   68;-;   54;-;   46;-;    4;-
4607;5027;05;A;  52;101228; 2;u;14; 2249;-; 2436;-;  121;-;  122;-; 2113;-; 2016;-;   93;-;    4;-;    4;-;    0;-;   44;-;   77;-;   58;-;   11;-; 2306;-; 2203;-;  102;-;    1;-;    5;-;    1;-;   44;-;   77;-;   64;-;    3;-
4607;5027;05;A;  52;101228; 2;u;15; 2233;-; 2892;-;  129;-;  124;-; 2084;-; 1970;-;  111;-;    3;-;    5;-;    1;-;   55;-;   73;-;   57;-;   15;-; 2741;-; 2612;-;  129;-;    0;-;   18;-;    1;-;   56;-;   67;-;   58;-;    9;-
4607;5027;05;A;  52;101228; 2;u;16; 2246;-; 3345;-;  132;-;   87;-; 2097;-; 1980;-;  116;-;    1;-;    2;-;    2;-;   55;-;   75;-;   53;-;   15;-; 3232;-; 3108;-;  122;-;    2;-;   14;-;    2;-;   26;-;   59;-;   52;-;   12;-
4607;5027;05;A;  52;101228; 2;u;17; 2343;-; 3431;-;   85;-;   92;-; 2235;-; 2151;-;   81;-;    3;-;   11;-;    3;-;   31;-;   51;-;   36;-;   12;-; 3319;-; 3203;-;  114;-;    2;-;    6;-;    2;-;   29;-;   61;-;   56;-;   14;-
4607;5027;05;A;  52;101228; 2;u;18; 2188;-; 3218;-;   81;-;   67;-; 2091;-; 2015;-;   75;-;    1;-;    3;-;    3;-;   24;-;   54;-;   44;-;   13;-; 3133;-; 3051;-;   82;-;    0;-;    6;-;    1;-;   21;-;   45;-;   40;-;   12;-
4607;5027;05;A;  52;101228; 2;u;19; 1809;-; 2420;-;   66;-;   50;-; 1730;-; 1678;-;   49;-;    3;-;    3;-;    3;-;   16;-;   47;-;   36;-;   10;-; 2359;-; 2300;-;   58;-;    1;-;    2;-;    0;-;   14;-;   36;-;   28;-;    9;-
4607;5027;05;A;  52;101228; 2;u;20; 1320;-; 1630;-;   53;-;   54;-; 1257;-; 1195;-;   61;-;    1;-;    2;-;    2;-;   13;-;   38;-;   26;-;    8;-; 1568;-; 1499;-;   69;-;    0;-;    4;-;    1;-;   13;-;   40;-;   33;-;    4;-
4607;5027;05;A;  52;101228; 2;u;21; 1033;-; 1221;-;   37;-;   36;-;  991;-;  942;-;   48;-;    1;-;    2;-;    3;-;   10;-;   24;-;   18;-;    3;-; 1181;-; 1140;-;   41;-;    0;-;    1;-;    4;-;    7;-;   25;-;   19;-;    3;-
4607;5027;05;A;  52;101228; 2;u;22;  742;-;  864;-;   36;-;   52;-;  704;-;  663;-;   41;-;    0;-;    0;-;    4;-;   12;-;   20;-;   16;-;    2;-;  809;-;  779;-;   29;-;    1;-;    1;-;    3;-;    8;-;   41;-;   28;-;    2;-
4607;5027;05;A;  52;101228; 2;u;23;  555;-;  850;-;   33;-;   41;-;  519;-;  484;-;   34;-;    1;-;    1;-;    3;-;    7;-;   23;-;   16;-;    2;-;  805;-;  782;-;   23;-;    0;-;    2;-;    0;-;   14;-;   27;-;   19;-;    2;-
4607;5027;05;A;  52;101228; 2;u;24;  424;-;  604;-;   24;-;   32;-;  398;-;  375;-;   20;-;    3;-;    0;-;    1;-;    3;-;   20;-;   15;-;    2;-;  571;-;  547;-;   24;-;    0;-;    0;-;    4;-;    4;-;   24;-;   16;-;    1;-
4607;5027;05;A;  52;101229; 3;u;01;  267;-;  274;-;   23;-;   32;-;  243;-;  218;-;   24;-;    1;-;    1;-;    0;-;    6;-;   17;-;   13;-;    0;-;  240;-;  228;-;   12;-;    0;-;    1;-;    3;-;    1;-;   28;-;   17;-;    1;-
4607;5027;05;A;  52;101229; 3;u;02;  159;-;  185;-;   25;-;   22;-;  134;-;  118;-;   15;-;    1;-;    0;-;    1;-;    7;-;   17;-;   10;-;    0;-;  162;-;  144;-;   18;-;    0;-;    0;-;    1;-;    5;-;   16;-;    8;-;    1;-
4607;5027;05;A;  52;101229; 3;u;03;  140;-;  134;-;   37;-;   27;-;  102;-;   97;-;    5;-;    0;-;    1;-;    0;-;   14;-;   23;-;   18;-;    0;-;  106;-;   89;-;   17;-;    0;-;    0;-;    1;-;   12;-;   14;-;    9;-;    1;-
4607;5027;05;A;  52;101229; 3;u;04;  307;-;  144;-;   46;-;   39;-;  259;-;  236;-;   23;-;    0;-;    0;-;    0;-;   21;-;   25;-;   17;-;    2;-;  105;-;   94;-;   11;-;    0;-;    0;-;    2;-;   22;-;   15;-;    9;-;    0;-
4607;5027;05;A;  52;101229; 3;u;05;  573;-;  248;-;   83;-;   49;-;  486;-;  464;-;   21;-;    1;-;    2;-;    6;-;   36;-;   41;-;   26;-;    2;-;  196;-;  174;-;   22;-;    0;-;    1;-;    1;-;   25;-;   23;-;   11;-;    2;-
4607;5027;05;A;  52;101229; 3;u;06; 1463;-;  440;-;  110;-;   67;-; 1342;-; 1279;-;   63;-;    0;-;    3;-;    2;-;   49;-;   59;-;   46;-;    8;-;  372;-;  352;-;   20;-;    0;-;    1;-;    3;-;   22;-;   42;-;   33;-;    0;-
4607;5027;05;A;  52;101229; 3;u;07; 2320;-;  973;-;  133;-;  107;-; 2170;-; 2070;-;   99;-;    1;-;    6;-;    3;-;   54;-;   76;-;   61;-;   11;-;  863;-;  799;-;   64;-;    0;-;    0;-;    0;-;   52;-;   55;-;   37;-;    3;-
4607;5027;05;A;  52;101229; 3;u;08; 2642;-; 1438;-;  119;-;  114;-; 2487;-; 2366;-;  115;-;    6;-;    4;-;    5;-;   52;-;   62;-;   52;-;   32;-; 1314;-; 1226;-;   88;-;    0;-;    3;-;    3;-;   50;-;   61;-;   45;-;    7;-
4607;5027;05;A;  52;101229; 3;u;09; 2654;-; 1652;-;  117;-;  143;-; 2495;-; 2394;-;   95;-;    6;-;    5;-;    3;-;   43;-;   71;-;   49;-;   37;-; 1501;-; 1403;-;   96;-;    2;-;    2;-;    1;-;   64;-;   78;-;   62;-;    6;-
4607;5027;05;A;  52;101229; 3;u;10; 2394;-; 1623;-;  135;-;  155;-; 2225;-; 2096;-;  124;-;    5;-;    1;-;    2;-;   57;-;   76;-;   65;-;   33;-; 1455;-; 1344;-;  110;-;    1;-;    5;-;    2;-;   69;-;   84;-;   67;-;    8;-
4607;5027;05;A;  52;101229; 3;u;11; 2301;-; 1852;-;  152;-;  165;-; 2118;-; 1987;-;  131;-;    0;-;   11;-;    5;-;   59;-;   88;-;   79;-;   20;-; 1672;-; 1562;-;  110;-;    0;-;    8;-;    5;-;   64;-;   96;-;   74;-;    7;-
4607;5027;05;A;  52;101229; 3;u;12; 2320;-; 2060;-;  130;-;  130;-; 2170;-; 2056;-;  112;-;    2;-;    8;-;    2;-;   55;-;   73;-;   59;-;   12;-; 1919;-; 1806;-;  110;-;    3;-;    7;-;    3;-;   50;-;   77;-;   66;-;    4;-
4607;5027;05;A;  52;101229; 3;u;13; 2339;-; 2266;-;  142;-;  143;-; 2169;-; 2062;-;  106;-;    1;-;   11;-;    1;-;   60;-;   81;-;   67;-;   17;-; 2105;-; 1978;-;  126;-;    1;-;   11;-;    0;-;   52;-;   91;-;   73;-;    7;-
4607;5027;05;A;  52;101229; 3;u;14; 2429;-; 2540;-;  153;-;  114;-; 2258;-; 2142;-;  114;-;    2;-;   11;-;    0;-;   64;-;   89;-;   66;-;    7;-; 2411;-; 2291;-;  118;-;    2;-;   12;-;    1;-;   51;-;   62;-;   50;-;    3;-
4607;5027;05;A;  52;101229; 3;u;15; 2317;-; 3104;-;  155;-;  123;-; 2139;-; 2041;-;   94;-;    4;-;    8;-;    6;-;   58;-;   91;-;   66;-;   15;-; 2961;-; 2821;-;  140;-;    0;-;    9;-;    5;-;   49;-;   69;-;   54;-;   11;-
4607;5027;05;A;  52;101229; 3;u;16; 2407;-; 3271;-;  122;-;  109;-; 2261;-; 2124;-;  134;-;    3;-;    2;-;    2;-;   52;-;   68;-;   49;-;   22;-; 3138;-; 3015;-;  119;-;    4;-;   10;-;    2;-;   34;-;   73;-;   63;-;   14;-
4607;5027;05;A;  52;101229; 3;u;17; 2405;-; 3495;-;   93;-;   81;-; 2297;-; 2196;-;   98;-;    3;-;    3;-;    2;-;   29;-;   62;-;   50;-;   12;-; 3394;-; 3296;-;   96;-;    2;-;    7;-;    2;-;   26;-;   53;-;   45;-;   13;-
4607;5027;05;A;  52;101229; 3;u;18; 2405;-; 3429;-;   78;-;   71;-; 2307;-; 2224;-;   80;-;    3;-;    7;-;    1;-;   24;-;   53;-;   45;-;   13;-; 3347;-; 3249;-;   96;-;    2;-;    1;-;    1;-;   33;-;   37;-;   31;-;   10;-
4607;5027;05;A;  52;101229; 3;u;19; 1893;-; 2591;-;   57;-;   46;-; 1829;-; 1770;-;   58;-;    1;-;    1;-;    0;-;   10;-;   47;-;   31;-;    6;-; 2538;-; 2466;-;   72;-;    0;-;    2;-;    0;-;    9;-;   37;-;   32;-;    5;-
4607;5027;05;A;  52;101229; 3;u;20; 1397;-; 1771;-;   46;-;   62;-; 1337;-; 1283;-;   52;-;    2;-;    1;-;    2;-;   12;-;   32;-;   22;-;   13;-; 1705;-; 1660;-;   44;-;    1;-;    2;-;    2;-;   13;-;   47;-;   40;-;    2;-
4607;5027;05;A;  52;101229; 3;u;21; 1071;-; 1317;-;   34;-;   41;-; 1025;-;  977;-;   46;-;    2;-;    0;-;    3;-;    9;-;   22;-;   15;-;   12;-; 1270;-; 1226;-;   44;-;    0;-;    2;-;    5;-;    6;-;   30;-;   22;-;    4;-
4607;5027;05;A;  52;101229; 3;u;22;  842;-;  991;-;   37;-;   39;-;  800;-;  754;-;   46;-;    0;-;    2;-;    5;-;    6;-;   26;-;   21;-;    3;-;  943;-;  900;-;   43;-;    0;-;    3;-;    4;-;   12;-;   23;-;   16;-;    6;-
4607;5027;05;A;  52;101229; 3;u;23;  666;-;  889;-;   38;-;   50;-;  627;-;  593;-;   34;-;    0;-;    0;-;    5;-;    5;-;   28;-;   22;-;    1;-;  838;-;  809;-;   28;-;    1;-;    1;-;    0;-;   17;-;   33;-;   22;-;    0;-
4607;5027;05;A;  52;101229; 3;u;24;  451;-;  541;-;   25;-;   27;-;  422;-;  409;-;   13;-;    0;-;    0;-;    1;-;    4;-;   20;-;   15;-;    4;-;  510;-;  487;-;   23;-;    0;-;    1;-;    4;-;    2;-;   21;-;   17;-;    3;-
4607;5027;05;A;  52;101230; 4;u;01;  287;-;  347;-;   24;-;   38;-;  262;-;  235;-;   27;-;    0;-;    0;-;    1;-;    7;-;   16;-;   10;-;    1;-;  306;-;  291;-;   15;-;    0;-;    1;-;    2;-;    8;-;   28;-;   18;-;    2;-
4607;5027;05;A;  52;101230; 4;u;02;  157;-;  195;-;   21;-;   12;-;  134;-;  118;-;   16;-;    0;-;    0;-;    1;-;    6;-;   14;-;   13;-;    2;-;  183;-;  168;-;   15;-;    0;-;    0;-;    0;-;    1;-;   11;-;    7;-;    0;-
4607;5027;05;A;  52;101230; 4;u;03;  174;-;  128;-;   40;-;   22;-;  133;-;  124;-;    9;-;    0;-;    0;-;    2;-;    8;-;   30;-;   18;-;    1;-;  106;-;   93;-;   13;-;    0;-;    0;-;    0;-;    8;-;   14;-;    7;-;    0;-
4607;5027;05;A;  52;101230; 4;u;04;  301;-;  160;-;   46;-;   30;-;  250;-;  234;-;   16;-;    0;-;    1;-;    0;-;   21;-;   25;-;   12;-;    4;-;  128;-;  112;-;   16;-;    0;-;    0;-;    0;-;   17;-;   13;-;    8;-;    2;-
4607;5027;05;A;  52;101230; 4;u;05;  499;-;  231;-;   94;-;   60;-;  403;-;  384;-;   19;-;    0;-;    2;-;    5;-;   41;-;   48;-;   37;-;    0;-;  171;-;  145;-;   26;-;    0;-;    0;-;    0;-;   36;-;   24;-;   18;-;    0;-
4607;5027;05;A;  52;101230; 4;u;06; 1382;-;  484;-;  105;-;   77;-; 1263;-; 1209;-;   52;-;    2;-;    2;-;    8;-;   39;-;   58;-;   41;-;   12;-;  403;-;  375;-;   28;-;    0;-;    1;-;    5;-;   27;-;   45;-;   26;-;    3;-
4607;5027;05;A;  52;101230; 4;u;07; 2111;-;  910;-;  126;-;  123;-; 1962;-; 1864;-;   93;-;    5;-;    2;-;    5;-;   45;-;   76;-;   62;-;   21;-;  783;-;  737;-;   46;-;    0;-;    2;-;    6;-;   57;-;   60;-;   39;-;    2;-
4607;5027;05;A;  52;101230; 4;u;08; 2507;-; 1321;-;  141;-;  126;-; 2340;-; 2233;-;  101;-;    6;-;    6;-;    9;-;   76;-;   56;-;   41;-;   20;-; 1184;-; 1105;-;   78;-;    1;-;    3;-;    5;-;   56;-;   65;-;   47;-;    8;-
4607;5027;05;A;  52;101230; 4;u;09; 2398;-; 1561;-;  118;-;  160;-; 2240;-; 2139;-;  100;-;    1;-;    4;-;    0;-;   51;-;   67;-;   58;-;   36;-; 1390;-; 1300;-;   90;-;    0;-;    4;-;    4;-;   75;-;   81;-;   64;-;    7;-
4607;5027;05;A;  52;101230; 4;u;10; 2166;-; 1549;-;  113;-;  164;-; 2029;-; 1914;-;  114;-;    1;-;    5;-;    2;-;   35;-;   76;-;   64;-;   19;-; 1376;-; 1262;-;  113;-;    1;-;    5;-;    6;-;   67;-;   91;-;   73;-;    4;-
4607;5027;05;A;  52;101230; 4;u;11; 2129;-; 1756;-;  144;-;  115;-; 1953;-; 1850;-;   98;-;    5;-;    8;-;    4;-;   68;-;   72;-;   60;-;   24;-; 1626;-; 1508;-;  117;-;    1;-;    7;-;    2;-;   42;-;   71;-;   54;-;    8;-
4607;5027;05;A;  52;101230; 4;u;12; 2272;-; 2006;-;  126;-;  129;-; 2122;-; 2001;-;  120;-;    1;-;    6;-;    2;-;   50;-;   74;-;   64;-;   18;-; 1861;-; 1755;-;  105;-;    1;-;   12;-;    4;-;   51;-;   74;-;   60;-;    4;-
4607;5027;05;A;  52;101230; 4;u;13; 2361;-; 2374;-;  130;-;  116;-; 2202;-; 2089;-;  108;-;    5;-;    8;-;    1;-;   61;-;   68;-;   50;-;   21;-; 2242;-; 2105;-;  134;-;    3;-;    9;-;    2;-;   51;-;   63;-;   49;-;    7;-
4607;5027;05;A;  52;101230; 4;u;14; 2403;-; 2796;-;  120;-;  114;-; 2261;-; 2151;-;  106;-;    4;-;   11;-;    1;-;   41;-;   78;-;   58;-;   11;-; 2673;-; 2556;-;  117;-;    0;-;    5;-;    0;-;   50;-;   64;-;   53;-;    4;-
4607;5027;05;A;  52;101230; 4;u;15; 2457;-; 3261;-;  112;-;  109;-; 2322;-; 2221;-;  100;-;    1;-;    7;-;    0;-;   46;-;   66;-;   50;-;   16;-; 3134;-; 3018;-;  114;-;    2;-;   12;-;    2;-;   50;-;   57;-;   49;-;    6;-
4607;5027;05;A;  52;101230; 4;u;16; 2536;-; 2964;-;  110;-;   90;-; 2396;-; 2277;-;  113;-;    6;-;    7;-;    5;-;   42;-;   63;-;   48;-;   23;-; 2807;-; 2705;-;   90;-;   12;-;   12;-;    4;-;   31;-;   55;-;   39;-;   55;-
4607;5027;05;A;  52;101230; 4;u;17; 2469;-; 3233;-;   85;-;   75;-; 2351;-; 2257;-;   88;-;    6;-;    4;-;    2;-;   35;-;   48;-;   42;-;   29;-; 3125;-; 3056;-;   66;-;    3;-;    7;-;    2;-;   31;-;   42;-;   36;-;   26;-
4607;5027;05;A;  52;101230; 4;u;18; 2304;-; 2873;-;   50;-;   50;-; 2236;-; 2165;-;   68;-;    3;-;    7;-;    1;-;   16;-;   33;-;   28;-;   11;-; 2813;-; 2731;-;   80;-;    2;-;    4;-;    3;-;   13;-;   34;-;   28;-;    6;-
4607;5027;05;A;  52;101230; 4;u;19; 1978;-; 2388;-;   62;-;   34;-; 1897;-; 1832;-;   65;-;    0;-;    3;-;    1;-;   13;-;   48;-;   39;-;   16;-; 2340;-; 2258;-;   80;-;    2;-;    7;-;    1;-;   12;-;   21;-;   16;-;    7;-
4607;5027;05;A;  52;101230; 4;u;20; 1387;-; 1738;-;   35;-;   39;-; 1343;-; 1300;-;   43;-;    0;-;    1;-;    2;-;   16;-;   17;-;   14;-;    8;-; 1691;-; 1616;-;   73;-;    2;-;    4;-;    3;-;   10;-;   26;-;   19;-;    4;-
4607;5027;05;A;  52;101230; 4;u;21; 1155;-; 1410;-;   30;-;   40;-; 1119;-; 1063;-;   54;-;    2;-;    1;-;    4;-;   12;-;   14;-;   10;-;    5;-; 1362;-; 1309;-;   52;-;    1;-;    2;-;    5;-;    7;-;   28;-;   16;-;    6;-
4607;5027;05;A;  52;101230; 4;u;22;  800;-; 1017;-;   33;-;   32;-;  755;-;  714;-;   40;-;    1;-;    1;-;    2;-;    8;-;   23;-;   19;-;   11;-;  981;-;  950;-;   31;-;    0;-;    1;-;    1;-;    8;-;   23;-;   15;-;    3;-
4607;5027;05;A;  52;101230; 4;u;23;  657;-;  951;-;   23;-;   40;-;  630;-;  596;-;   32;-;    2;-;    0;-;    2;-;    7;-;   14;-;   11;-;    4;-;  905;-;  877;-;   28;-;    0;-;    2;-;    3;-;   10;-;   27;-;   20;-;    4;-
4607;5027;05;A;  52;101230; 4;u;24;  544;-;  873;-;   20;-;   24;-;  519;-;  492;-;   27;-;    0;-;    0;-;    1;-;    9;-;   10;-;    8;-;    5;-;  844;-;  822;-;   22;-;    0;-;    0;-;    1;-;    5;-;   18;-;   15;-;    5;-
4607;5027;05;A;  52;101231; 5;u;01;  359;-;  390;-;   23;-;   22;-;  333;-;  311;-;   22;-;    0;-;    0;-;    4;-;    7;-;   12;-;   11;-;    3;-;  368;-;  343;-;   24;-;    1;-;    0;-;    5;-;    2;-;   15;-;   11;-;    0;-
4607;5027;05;A;  52;101231; 5;u;02;  218;-;  222;-;   27;-;   18;-;  189;-;  176;-;   12;-;    1;-;    0;-;    1;-;   13;-;   13;-;    9;-;    2;-;  203;-;  185;-;   18;-;    0;-;    0;-;    0;-;    4;-;   14;-;   11;-;    1;-
4607;5027;05;A;  52;101231; 5;u;03;  151;-;  142;-;   31;-;   22;-;  119;-;  114;-;    5;-;    0;-;    0;-;    3;-;   10;-;   18;-;   15;-;    1;-;  119;-;  108;-;   11;-;    0;-;    0;-;    0;-;   11;-;   11;-;    8;-;    1;-
4607;5027;05;A;  52;101231; 5;u;04;  305;-;  157;-;   36;-;   29;-;  266;-;  245;-;   21;-;    0;-;    1;-;    2;-;   12;-;   22;-;   13;-;    2;-;  127;-;  115;-;   12;-;    0;-;    0;-;    1;-;   20;-;    8;-;    5;-;    1;-
4607;5027;05;A;  52;101231; 5;u;05;  462;-;  267;-;   51;-;   25;-;  411;-;  385;-;   26;-;    0;-;    0;-;    1;-;   25;-;   25;-;   20;-;    0;-;  239;-;  217;-;   22;-;    0;-;    1;-;    0;-;   15;-;   10;-;    7;-;    2;-
4607;5027;05;A;  52;101231; 5;u;06;  797;-;  366;-;   52;-;   31;-;  739;-;  706;-;   32;-;    1;-;    2;-;    2;-;   30;-;   20;-;   13;-;    4;-;  335;-;  322;-;   13;-;    0;-;    0;-;    3;-;    7;-;   21;-;   11;-;    0;-
4607;5027;05;A;  52;101231; 5;u;07;  627;-;  441;-;   46;-;   33;-;  574;-;  528;-;   45;-;    1;-;    3;-;    5;-;   23;-;   18;-;   16;-;    4;-;  406;-;  371;-;   35;-;    0;-;    1;-;    0;-;   16;-;   17;-;   10;-;    1;-
4607;5027;05;A;  52;101231; 5;u;08;  689;-;  515;-;   41;-;   42;-;  644;-;  604;-;   39;-;    1;-;    2;-;    1;-;   22;-;   18;-;   16;-;    2;-;  470;-;  431;-;   39;-;    0;-;    1;-;    5;-;   22;-;   15;-;    7;-;    2;-
4607;5027;05;A;  52;101231; 5;u;09;  818;-;  611;-;   35;-;   45;-;  776;-;  715;-;   59;-;    2;-;    0;-;    0;-;   21;-;   14;-;   11;-;    7;-;  564;-;  513;-;   51;-;    0;-;    1;-;    2;-;   25;-;   18;-;   15;-;    1;-
4607;5027;05;A;  52;101231; 5;u;10;  990;-;  839;-;   44;-;   48;-;  929;-;  848;-;   79;-;    2;-;    3;-;    5;-;   24;-;   15;-;   10;-;   14;-;  788;-;  723;-;   65;-;    0;-;    2;-;    0;-;   29;-;   19;-;   14;-;    1;-
4607;5027;05;A;  52;101231; 5;u;11; 1065;-; 1169;-;   30;-;   34;-; 1029;-;  956;-;   73;-;    0;-;    2;-;    6;-;   13;-;   11;-;   10;-;    4;-; 1134;-; 1067;-;   66;-;    1;-;    0;-;    2;-;   21;-;   11;-;    9;-;    1;-
4607;5027;05;A;  52;101231; 5;u;12; 1268;-; 1413;-;   28;-;   33;-; 1229;-; 1149;-;   80;-;    0;-;    2;-;    0;-;   15;-;   13;-;   12;-;    9;-; 1373;-; 1292;-;   81;-;    0;-;    1;-;    2;-;   20;-;   11;-;   10;-;    6;-
4607;5027;05;A;  52;101231; 5;u;13; 1355;-; 1743;-;   16;-;   24;-; 1321;-; 1256;-;   63;-;    2;-;    3;-;    0;-;    9;-;    7;-;    7;-;   15;-; 1707;-; 1632;-;   74;-;    1;-;    7;-;    2;-;   13;-;    9;-;    7;-;    5;-
4607;5027;05;A;  52;101231; 5;u;14; 1395;-; 1635;-;   11;-;   24;-; 1374;-; 1312;-;   59;-;    3;-;    2;-;    1;-;    7;-;    3;-;    1;-;    8;-; 1602;-; 1542;-;   59;-;    1;-;    6;-;    2;-;   12;-;   10;-;    7;-;    3;-
4607;5027;05;A;  52;101231; 5;u;15; 1452;-; 1736;-;   13;-;    9;-; 1427;-; 1362;-;   65;-;    0;-;    1;-;    0;-;    9;-;    4;-;    4;-;   11;-; 1717;-; 1664;-;   53;-;    0;-;    4;-;    1;-;    5;-;    3;-;    3;-;    6;-
4607;5027;05;A;  52;101231; 5;u;16; 1320;-; 1369;-;    9;-;    4;-; 1295;-; 1249;-;   46;-;    0;-;    1;-;    1;-;    6;-;    2;-;    1;-;   15;-; 1358;-; 1311;-;   47;-;    0;-;    0;-;    1;-;    3;-;    0;-;    0;-;    7;-
4607;5027;05;A;  52;101231; 5;u;17; 1397;-; 1323;-;    6;-;    8;-; 1381;-; 1338;-;   42;-;    1;-;    4;-;    3;-;    1;-;    2;-;    2;-;    6;-; 1311;-; 1264;-;   47;-;    0;-;    2;-;    1;-;    7;-;    0;-;    0;-;    2;-
4607;5027;05;A;  52;101231; 5;u;18; 1455;-; 1322;-;    8;-;   11;-; 1429;-; 1385;-;   41;-;    3;-;    1;-;    1;-;    4;-;    3;-;    3;-;   17;-; 1306;-; 1270;-;   35;-;    1;-;    0;-;    4;-;    7;-;    0;-;    0;-;    5;-
4607;5027;05;A;  52;101231; 5;u;19; 1484;-; 1268;-;    7;-;    3;-; 1470;-; 1426;-;   42;-;    2;-;    0;-;    2;-;    4;-;    1;-;    1;-;    7;-; 1259;-; 1221;-;   38;-;    0;-;    1;-;    2;-;    1;-;    0;-;    0;-;    5;-
4607;5027;05;A;  52;101231; 5;u;20; 1248;-; 1028;-;    5;-;    4;-; 1226;-; 1185;-;   37;-;    4;-;    2;-;    3;-;    1;-;    1;-;    1;-;   15;-; 1020;-;  988;-;   32;-;    0;-;    0;-;    2;-;    2;-;    0;-;    0;-;    4;-
4607;5027;05;A;  52;101231; 5;u;21;  951;-;  771;-;    6;-;    6;-;  941;-;  920;-;   20;-;    1;-;    0;-;    2;-;    2;-;    2;-;    2;-;    4;-;  764;-;  742;-;   22;-;    0;-;    0;-;    2;-;    3;-;    1;-;    1;-;    1;-
4607;5027;05;A;  52;101231; 5;u;22;  599;-;  539;-;    3;-;    6;-;  591;-;  563;-;   28;-;    0;-;    0;-;    0;-;    2;-;    1;-;    1;-;    5;-;  532;-;  510;-;   22;-;    0;-;    0;-;    4;-;    2;-;    0;-;    0;-;    1;-
4607;5027;05;A;  52;101231; 5;u;23;  521;-;  468;-;    3;-;    1;-;  516;-;  499;-;   15;-;    2;-;    0;-;    0;-;    3;-;    0;-;    0;-;    2;-;  464;-;  452;-;   12;-;    0;-;    0;-;    1;-;    0;-;    0;-;    0;-;    3;-
4607;5027;05;A;  52;101231; 5;u;24;  325;-;  323;-;    2;-;    3;-;  321;-;  305;-;   16;-;    0;-;    0;-;    0;-;    2;-;    0;-;    0;-;    2;-;  320;-;  308;-;   12;-;    0;-;    0;-;    0;-;    3;-;    0;-;    0;-;    0;-
